313432_313510
0.15
0.01
0.38
0.94
0.35
0.94
0.3
0.02
0.46
0.92
0.94
0.87
0.25
0.68
0.65
0.07
0.37
0.96
0.34
0.09
0.35
0.13
0.08
0.65
0.83
1.0
0.59
0.34
0.29
0.11
0.09
0.78
0.86
0.31
0.83
0.19
0.68
0.99
0.53
0.9
0.63
0.93
0.69
0.84
0.28
1.0
0.25
0.74
0.1
0.44
0.98
0.36
0.32
0.7
0.88
0.13
0.91
0.29
0.77
0.06
0.9
0.1
0.73
0.54
0.92
0.32
0.16
0.83
0.47
0.5
0.86
0.25
0.95
0.6
0.77
0.2
0.78
0.5
0.94
0.15
0.35
0.86
0.6
0.98
0.73
0.81
0.66
0.76
0.66
0.93
0.48
0.04
0.43
0.23
0.62
0.12
0.59
0.32
0.75
0.34
0.11
0.62
0.38
0.86
0.18
0.78
0.88
0.76
0.96
0.72
0.87
0.67
0.33
0.15
0.19
0.3
0.82
0.19
0.74
0.04
0.15
0.79
0.83
0.41
0.7
0.89
0.13
0.08
0.96
0.5
0.88
0.42
0.34
0.93
0.04
0.8
0.63
0.88
0.79
0.17
0.18
0.71
0.99
0.28
0.18
0.91
0.45
0.11
0.11
0.15
0.67
0.16
0.91
0.2
0.24
0.42
1.0
0.89
0.66
0.44
0.78
0.99
0.31
0.18
0.02
0.24
0.42
0.97
0.1
0.53
0.93
0.69
0.37
0.33
0.33
0.69
0.81
0.15
0.88
0.04
0.71
0.19
0.91
0.36
0.24
0.55
0.34
0.29
0.11
0.25
0.82
0.89
0.12
0.4
0.26
0.93
0.22
0.94
0.42
0.05
0.1
0.86
0.94
0.81
0.25
0.08
0.83
0.91
0.75
0.36
0.21
0.12
0.15
0.12
0.01
0.17
0.99
0.96
0.04
0.11
0.9
0.98
0.31
0.16
0.34
0.33
0.08
0.15
0.37
0.82
0.36
0.08
0.82
0.62
0.59
0.82
0.35
0.45
0.48
0.94
0.37
0.2
0.88
0.47
0.04
0.92
0.95
0.27
0.32
0.65
0.53
0.43
0.14
0.34
0.1
0.92
0.36
0.11
0.91
0.94
0.96
0.95
0.96
0.14
0.9
0.83
0.17
0.25
0.95
0.1
0.73
0.66
0.05
0.33
0.13
0.2
0.86
0.49
0.67
0.95
0.47
0.16
0.56
0.87
0.91
0.2
0.11
0.7
0.85
0.23
0.07
0.11
0.75
0.93
0.96
0.95
0.17
0.51
0.92
0.41
0.12
0.18
0.94
0.86
0.77
0.95
0.34
0.72
0.8
0.12
0.54
0.87
0.08
0.67
0.94
0.22
0.3
0.03
0.92
0.47
0.07
0.03
0.62
0.91
0.12
0.09
0.09
0.31
0.85
0.24
1.0
0.93
0.99
0.82
0.06
0.76
0.07
0.02
0.46
0.92
0.29
0.07
0.97
0.19
0.48
0.19
0.19
0.7
0.98
0.82
0.2
0.94
0.23
0.04
0.02
0.06
0.99
0.44
0.69
0.08
0.15
0.15
0.87
0.52
0.56
0.39
0.23
0.38
0.82
0.95
0.14
0.16
0.43
0.14
0.78
0.91
0.78
0.92
0.19
0.92
0.08
0.57
0.75
0.96
0.74
0.68
0.17
0.68
0.22
0.35
0.93
0.16
0.95
0.71
0.93
0.62
0.98
0.24
0.15
0.29
0.73
0.46
0.23
0.71
0.96
0.19
0.21
0.97
0.77
0.18
0.1
0.92
0.91
0.11
0.18
0.64
0.91
0.21
0.9
0.87
0.38
0.33
0.82
0.35
0.55
0.75
0.19
0.23
0.36
0.42
0.18
0.63
0.26
0.13
0.74
0.69
0.55
0.82
0.08
0.02
0.96
0.29
0.89
0.05
0.05
0.7
0.84
0.97
0.6
0.37
0.68
0.93
0.84
0.67
0.2
0.16
0.69
0.25
0.89
0.32
0.27
0.13
0.24
0.22
0.81
0.18
0.65
0.91
0.91
0.15
0.73
0.69
0.26
0.29
0.69
0.94
0.4
0.54
0.13
0.98
0.28
0.97
0.57
1.0
0.26
0.79
0.87
0.12
0.41
0.73
0.1
0.48
0.95
0.76
0.67
0.93
0.74
0.92
0.87
0.26
0.61
0.62
0.07
0.1
0.84
0.19
0.84
0.79
0.82
0.83
0.05
0.2
0.37
0.52
0.26
0.11
0.39
0.01
0.41
0.9
0.83
0.87
0.81
0.55
0.79
0.13
0.83
0.32
0.72
0.13
0.59
0.91
0.69
0.57
0.57
0.59
0.91
0.99
0.11
0.57
0.09
0.09
0.42
0.24
0.09
0.8
0.06
0.8
0.74
0.07
0.41
0.39
0.88
0.16
0.43
0.25
0.83
0.94
0.19
0.91
0.82
0.25
0.7
0.81
0.66
0.31
0.94
0.23
0.34
0.55
0.73
0.73
0.13
0.11
0.29
0.18
0.79
0.63
0.67
0.11
0.39
0.95
0.24
0.07
0.65
0.84
0.75
0.43
0.62
0.07
0.05
0.95
0.19
0.14
0.6
0.9
0.36
0.92
0.83
0.02
