313432_313510
0.25927162170410156
0.2509027123451233
0.6613069176673889
0.746814489364624
0.287706196308136
0.7475773096084595
0.2738785147666931
0.2693476974964142
0.2781223654747009
0.7388318777084351
0.7097839713096619
0.7438392043113708
0.25272104144096375
0.698671817779541
0.7447139620780945
0.25375473499298096
0.43353259563446045
0.7480777502059937
0.3067794442176819
0.25519880652427673
0.30467620491981506
0.24948953092098236
0.25917598605155945
0.7151378989219666
0.7223639488220215
0.7470757365226746
0.6838284730911255
0.2638014853000641
0.687347412109375
0.25149333477020264
0.2544635534286499
0.7050774693489075
0.740437388420105
0.5532339811325073
0.6910880208015442
0.26267197728157043
0.7367734313011169
0.7406727075576782
0.6737985610961914
0.7302088141441345
0.7442318797111511
0.7434564232826233
0.7218021750450134
0.7263495922088623
0.28184017539024353
0.7468898892402649
0.2644060552120209
0.7454262971878052
0.2561241686344147
0.5070977210998535
0.7481141686439514
0.27300137281417847
0.2887324094772339
0.7283482551574707
0.74440997838974
0.25612038373947144
0.7464379668235779
0.35197165608406067
0.7306146025657654
0.25896161794662476
0.7479420900344849
0.2519657611846924
0.7131379842758179
0.7122541666030884
0.7031581401824951
0.28745537996292114
0.38042500615119934
0.7350588440895081
0.34575432538986206
0.3313838541507721
0.7041565179824829
0.25571757555007935
0.7442530989646912
0.654653012752533
0.6710082292556763
0.2538767457008362
0.7151227593421936
0.28940317034721375
0.7266255021095276
0.25411415100097656
0.32781147956848145
0.7100875973701477
0.591013491153717
0.7469279766082764
0.6973866820335388
0.718226432800293
0.7418817281723022
0.733473539352417
0.7470369935035706
0.7226374745368958
0.301405131816864
0.2550525367259979
0.4663744270801544
0.25419649481773376
0.6675532460212708
0.2531856894493103
0.6492176055908203
0.2686820924282074
0.6915779709815979
0.27666544914245605
0.2588886022567749
0.7193577289581299
0.5127406120300293
0.712898850440979
0.25268375873565674
0.7221966981887817
0.7233483791351318
0.7149832844734192
0.7475907206535339
0.7078143954277039
0.7130382061004639
0.6254894733428955
0.6538048982620239
0.25381484627723694
0.2853471636772156
0.27059057354927063
0.715543806552887
0.25083959102630615
0.7182384133338928
0.26095518469810486
0.2780156433582306
0.6730779409408569
0.6945589780807495
0.29165205359458923
0.671107828617096
0.7450275421142578
0.2567237615585327
0.25643953680992126
0.745801568031311
0.6197831034660339
0.7399750351905823
0.6583242416381836
0.2608831822872162
0.7460283637046814
0.26000040769577026
0.7440904974937439
0.5726464986801147
0.7266236543655396
0.6871384978294373
0.24979424476623535
0.26763302087783813
0.7157111167907715
0.7478487491607666
0.4764048755168915
0.2553762197494507
0.7295960187911987
0.7025011777877808
0.2515120208263397
0.2509290277957916
0.29759103059768677
0.6490911245346069
0.2522219717502594
0.7463376522064209
0.2529803514480591
0.32030636072158813
0.6932721734046936
0.7478528618812561
0.7369622588157654
0.6287485957145691
0.6185579895973206
0.7455922365188599
0.7478280067443848
0.29640883207321167
0.26910775899887085
0.2533112168312073
0.25039592385292053
0.5261726975440979
0.7439265847206116
0.25168970227241516
0.3823128044605255
0.7321143746376038
0.6912087798118591
0.2822471857070923
0.6985582709312439
0.3361090123653412
0.41430819034576416
0.7315635681152344
0.25385767221450806
0.6743012070655823
0.25313928723335266
0.5771880149841309
0.25816258788108826
0.7036224603652954
0.27472734451293945
0.31224966049194336
0.6921942234039307
0.29477545619010925
0.25271305441856384
0.25874778628349304
0.2606116235256195
0.729722797870636
0.7250820398330688
0.2528575360774994
0.6179472208023071
0.25814583897590637
0.7454255819320679
0.289646714925766
0.7275639176368713
0.521328330039978
0.25394436717033386
0.25590407848358154
0.6946517825126648
0.7347121238708496
0.6887632608413696
0.294059693813324
0.256517618894577
0.6760973930358887
0.7452894449234009
0.6730421185493469
0.2818824350833893
0.25335532426834106
0.2558043301105499
0.2577416002750397
0.2523684799671173
0.2583392262458801
0.2565530240535736
0.7471877932548523
0.745951771736145
0.26003703474998474
0.25501182675361633
0.7244493365287781
0.7401752471923828
0.2821922302246094
0.25770625472068787
0.33424878120422363
0.3210189938545227
0.2590922713279724
0.25048479437828064
0.3314806818962097
0.7264935374259949
0.2947804033756256
0.2552318871021271
0.7443030476570129
0.6508007049560547
0.6855590343475342
0.7027497291564941
0.2617199122905731
0.455453097820282
0.6478951573371887
0.7472561597824097
0.2761741876602173
0.257805198431015
0.7026494741439819
0.2963235676288605
0.25189077854156494
0.7447422742843628
0.7255550026893616
0.25431889295578003
0.2669289708137512
0.6874680519104004
0.5523912906646729
0.31656572222709656
0.2881937325000763
0.2543396055698395
0.24987436830997467
0.7447651028633118
0.5389882326126099
0.2624873220920563
0.7261682152748108
0.7463864088058472
0.7469494342803955
0.7436354756355286
0.744920551776886
0.2539035975933075
0.7194307446479797
0.7180916666984558
0.257107675075531
0.25588616728782654
0.7406395077705383
0.29714053869247437
0.7075488567352295
0.6950498819351196
0.28273454308509827
0.5109008550643921
0.2567251920700073
0.2593421936035156
0.7272877097129822
0.34457993507385254
0.6941725611686707
0.7456760406494141
0.5098899006843567
0.2543078660964966
0.5330725312232971
0.7294058799743652
0.7428181171417236
0.2565855383872986
0.2703556716442108
0.5424347519874573
0.6995562314987183
0.2537738084793091
0.2553180158138275
0.2601402997970581
0.7468484044075012
0.7443899512290955
0.7478509545326233
0.7241770625114441
0.25857672095298767
0.3054470121860504
0.7436996102333069
0.6324343681335449
0.24959160387516022
0.29879337549209595
0.7478069067001343
0.7167314887046814
0.7299792170524597
0.7452377080917358
0.5906540155410767
0.7328615188598633
0.7290314435958862
0.2501536011695862
0.6075757145881653
0.7253254652023315
0.2538113296031952
0.6594140529632568
0.745935320854187
0.26866352558135986
0.27483174204826355
0.25814229249954224
0.7480231523513794
0.3109828233718872
0.2627756893634796
0.25381606817245483
0.28356388211250305
0.7470698952674866
0.25194692611694336
0.266812264919281
0.25219056010246277
0.3098430931568146
0.7284338474273682
0.25612199306488037
0.747544527053833
0.7449085712432861
0.748004138469696
0.7236708998680115
0.25521767139434814
0.7347113490104675
0.27208852767944336
0.2565861940383911
0.6599465012550354
0.7428430318832397
0.25676649808883667
0.26516076922416687
0.7473284006118774
0.2530810534954071
0.5769829154014587
0.2671470642089844
0.25536489486694336
0.6788952350616455
0.7469306588172913
0.7072533965110779
0.2553943395614624
0.7462016940116882
0.27268752455711365
0.2511795163154602
0.259776771068573
0.2518545389175415
0.7463563084602356
0.6213326454162598
0.6783084273338318
0.25305622816085815
0.25351184606552124
0.25900810956954956
0.7263978719711304
0.5964491367340088
0.7263737916946411
0.6993278861045837
0.25704625248908997
0.2645914852619171
0.7479724287986755
0.7477468848228455
0.2574690878391266
0.252229779958725
0.2731252610683441
0.27762162685394287
0.6980353593826294
0.711509644985199
0.713426947593689
0.7472497224807739
0.2531359791755676
0.7113935947418213
0.25037118792533875
0.6615698933601379
0.7355623841285706
0.7254407405853271
0.6984199285507202
0.6901017427444458
0.2610912322998047
0.741896390914917
0.2530514895915985
0.33224016427993774
0.728452205657959
0.2648189067840576
0.7143462896347046
0.7199022769927979
0.7479858994483948
0.6315227150917053
0.7480682730674744
0.2584184408187866
0.25886955857276917
0.2581768035888672
0.6677529215812683
0.294307678937912
0.2735593616962433
0.7060062885284424
0.7444076538085938
0.2519606053829193
0.25218847393989563
0.7474803924560547
0.7322161197662354
0.3107300102710724
0.25362974405288696
0.7460254430770874
0.6787559986114502
0.25029808282852173
0.26139116287231445
0.6882801651954651
0.7190114259719849
0.2583191990852356
0.7227526903152466
0.7187079191207886
0.6839985847473145
0.25419729948043823
0.6494323015213013
0.33267372846603394
0.7276126742362976
0.7367140054702759
0.2521379888057709
0.2611975371837616
0.30627214908599854
0.2659751772880554
0.25565817952156067
0.6736572980880737
0.3533470034599304
0.2533724904060364
0.7448301315307617
0.721838116645813
0.6924134492874146
0.7086203694343567
0.25651636719703674
0.2599984109401703
0.7176135182380676
0.26792803406715393
0.7322131991386414
0.26443207263946533
0.25037500262260437
0.747431755065918
0.7421685457229614
0.745515763759613
0.37121617794036865
0.2807754576206207
0.6109193563461304
0.7454530000686646
0.7247434258460999
0.6646417379379272
0.25877588987350464
0.2809489071369171
0.439506471157074
0.2592630386352539
0.7448379397392273
0.30566537380218506
0.3193282186985016
0.2548477351665497
0.293786883354187
0.2556372284889221
0.7474996447563171
0.2545713484287262
0.2946871221065521
0.7120631337165833
0.7273215651512146
0.2525900900363922
0.7260448336601257
0.6619744896888733
0.25932806730270386
0.30118730664253235
0.6842691898345947
0.7475793361663818
0.3722304701805115
0.7308083176612854
0.25834110379219055
0.7453337907791138
0.28628113865852356
0.7460526823997498
0.39291682839393616
0.7460371255874634
0.27660760283470154
0.7224365472793579
0.6453789472579956
0.2612541913986206
0.3662850260734558
0.7343108057975769
0.25098028779029846
0.39357656240463257
0.748012900352478
0.5616946220397949
0.7190789580345154
0.7400025725364685
0.6926828026771545
0.747115969657898
0.7473261952400208
0.3105427622795105
0.6907964944839478
0.6648156642913818
0.255281001329422
0.25863778591156006
0.7278516888618469
0.5251773595809937
0.7444037795066833
0.6917211413383484
0.7451109886169434
0.7135697603225708
0.2533958852291107
0.2643912434577942
0.28481289744377136
0.3289865553379059
0.2647991180419922
0.2552541196346283
0.4679202139377594
0.2581827938556671
0.3047869801521301
0.7419653534889221
0.7432464957237244
0.7428560256958008
0.7399351000785828
0.71086585521698
0.7138954401016235
0.2509392499923706
0.7475016117095947
0.2711603343486786
0.6835571527481079
0.25909000635147095
0.2974734306335449
0.7463113069534302
0.7263129353523254
0.6242643594741821
0.7228286862373352
0.6948326826095581
0.7465029954910278
0.7475148439407349
0.25429192185401917
0.7207506895065308
0.25948572158813477
0.25372013449668884
0.3119391202926636
0.32011887431144714
0.2537219524383545
0.7465064525604248
0.2652176022529602
0.7079445719718933
0.5999934673309326
0.25000715255737305
0.2899817228317261
0.26716992259025574
0.7333744764328003
0.26472780108451843
0.6255342364311218
0.25820159912109375
0.5818536877632141
0.7473551034927368
0.25388216972351074
0.7241992950439453
0.7258312702178955
0.25531303882598877
0.6923708915710449
0.6367870569229126
0.5910520553588867
0.2615165710449219
0.7275605201721191
0.2718183398246765
0.29439660906791687
0.631690263748169
0.6738602519035339
0.7269917726516724
0.2502872049808502
0.2557775378227234
0.3369409441947937
0.253099262714386
0.6952603459358215
0.599532961845398
0.7297666072845459
0.2562406063079834
0.27115413546562195
0.7449023723602295
0.25872012972831726
0.2509021759033203
0.7280727624893188
0.7435072660446167
0.7070394158363342
0.27651360630989075
0.6846264600753784
0.2642972767353058
0.2621631920337677
0.7476351261138916
0.25632601976394653
0.2644284963607788
0.6723706722259521
0.7424768209457397
0.4114438593387604
0.7480855584144592
0.7136351466178894
0.25994324684143066
