"313488"
0.6149595
0.04267806
0.71843255
0.94906175
0.1515869
0.9743036
0.61106044
0.03310057
0.51554614
0.99535096
0.98736215
0.88810515
0.20158868
0.07635551
0.9546765
0.16846716
0.19853774
0.9871383
0.16373314
0.08209399
0.06751351
0.06579534
0.020252727
0.22630948
0.6342951
0.4358104
0.11023667
0.36832476
0.79654425
0.18903764
0.27192622
0.026556375
0.23918101
0.8574967
0.520373
0.017266387
0.8030037
0.9714335
0.18831007
0.7837422
0.52283907
0.99632037
0.990765
0.40873918
0.6747366
0.78498715
0.017362341
0.37108853
0.2094548
0.9632178
0.5625666
0.45892704
0.9259557
0.38034874
0.92789286
0.009382401
0.90626675
0.06260254
0.3265695
0.12504426
0.99067616
0.64228964
0.05809522
0.9394148
0.9958192
0.28811708
0.957919
0.019313117
0.4786105
0.76721257
0.9862579
0.7128618
0.9628892
0.9928852
0.9174147
0.38272724
0.66677946
0.3162254
0.7808011
0.2029806
0.032976814
0.9539987
0.81768245
0.99707186
0.5854743
0.7602686
0.15832838
0.88342595
0.9482473
0.8400376
0.24658713
0.09651652
0.2545823
0.15981367
0.9065138
0.21828566
0.42870802
0.81777495
0.9885384
0.5431744
0.013640857
0.08550637
0.25069305
0.9280059
0.7610157
0.19222768
0.8119175
0.03578429
0.8328142
0.9620978
0.8340893
0.8282767
0.029337864
0.022394693
0.036248047
0.198101
0.9737433
0.72369677
0.07663655
0.031242238
0.006734762
0.97685325
0.9320923
0.45171803
0.79935384
0.2050968
0.3561847
0.15288398
0.99216616
0.034615662
0.8098039
0.6924107
0.0032996957
0.9131592
0.08749027
0.8396544
0.40156493
0.42748988
0.59041
0.016109003
0.57790804
0.93728614
0.9890155
0.28743204
0.33010125
0.7513382
0.7073705
0.14344957
0.10050324
0.24858163
0.67239803
0.23417799
0.80486447
0.018500853
0.07158285
0.28029135
0.9014935
0.36586797
0.10781306
0.81694496
0.6241957
0.65924233
0.97701037
0.039254263
0.18399064
0.25801373
0.03606486
0.99589854
0.36318672
0.95179087
0.99426126
0.47305194
0.91331077
0.8333268
0.8629318
0.987887
0.14348124
0.18641539
0.9733229
0.14837015
0.2994647
0.5652828
0.9004281
0.62520134
0.6517113
0.8786516
0.8885351
0.14065422
0.1124496
0.3105242
0.4424655
0.9747171
0.037518237
0.14199503
0.38418853
0.9474233
0.1769526
0.9739888
0.2099084
0.7562371
0.019831913
0.9665502
0.9900894
0.9516137
0.69347817
0.030770665
0.94469637
0.99457514
0.7820773
0.2931553
0.022510707
0.2753807
0.1973446
0.027490042
0.00482014
0.50479203
0.9422002
0.9933648
0.032341123
0.005131791
0.86058843
0.5461152
0.7662289
0.4529755
0.9934597
0.0014686462
0.8060158
0.8219113
0.15045774
0.7195684
0.037474137
0.10215392
0.4023234
0.72495264
0.87664986
0.90764457
0.24239804
0.47497287
0.3059305
0.97930783
0.48718497
0.1882093
0.848388
0.14596455
0.042676248
0.9825829
0.16652523
0.15147626
0.14307563
0.72281
0.43128628
0.8164121
0.9310555
0.26032683
0.31507352
0.92959917
0.4679602
0.03761956
0.97228694
0.9628096
0.9736163
0.9509792
0.981202
0.76456654
0.9757646
0.08613947
0.09390202
0.62469256
0.8037753
0.23510359
0.9182203
0.09007072
0.09647498
0.075628415
0.37193075
0.7370375
0.80726135
0.27419105
0.7589253
0.9728584
0.09749514
0.1998091
0.010868417
0.8225152
0.9104735
0.9344572
0.029877253
0.040650275
0.9911786
0.027561853
0.07534384
0.33940154
0.71585095
0.9640155
0.7577376
0.777233
0.4400325
0.80668765
0.44453332
0.40675738
0.11126994
0.047151424
0.9489555
0.37501368
0.062826835
0.9737638
0.26391265
0.19145896
0.026105473
0.82567585
0.78179336
0.42746413
0.569664
0.89740574
0.98191994
0.026980989
0.32317674
0.0026953404
0.56182086
0.52303994
0.49011344
0.059782133
0.43830055
0.066029415
0.09973614
0.19554274
0.4253355
0.07914762
0.078773215
0.6313908
0.99386203
0.9686836
0.73573315
0.16895553
0.35616025
0.9895152
0.037662037
0.0718811
0.67736065
0.4347659
0.08586869
0.12342085
0.953368
0.92307454
0.4699774
0.04322084
0.46544835
0.943823
0.9717882
0.7956325
0.87034553
0.93342465
0.0646818
0.3698448
0.0018197984
0.21931441
0.9714626
0.07871405
0.89077413
0.027316555
0.482012
0.14661697
0.63631207
0.51068676
0.9947094
0.91356283
0.48191413
0.031534042
0.91972023
0.9965738
0.10635041
0.26567635
0.7167928
0.480408
0.9491394
0.8578346
0.46450534
0.8979286
0.3654281
0.9504122
0.65952563
0.73859644
0.5568862
0.92662823
0.84161365
0.96282387
0.142671
0.7658297
0.8029643
0.8715799
0.9131554
0.9058173
0.9529044
0.7815688
0.54011726
0.9064879
0.9299857
0.78172165
0.291928
0.10850172
0.8008007
0.42392108
0.73758876
0.60766405
0.9742836
0.027324758
0.018115211
0.9550515
0.4167493
0.11953281
0.204485
0.66929984
0.9734466
0.04847473
0.9371746
0.48324025
0.29734913
0.4082965
0.9365438
0.8531208
0.84430677
0.27981544
0.6274654
0.7201457
0.443832
0.96581715
0.6019401
0.07018147
0.8296586
0.23213941
0.5124748
0.8854334
0.24069454
0.7533125
0.54193044
0.48608607
0.45512405
0.9256255
0.16563645
0.5635035
0.82966125
0.24415655
0.8200267
0.14721927
0.14235778
0.9758681
0.79507875
0.85506904
0.6435491
0.1057634
0.9112854
0.7828638
0.87251437
0.16441382
0.051472623
0.054672595
0.8481016
0.18742101
0.8342637
0.19955832
0.6267402
0.17759016
0.5911861
0.8161229
0.9467147
0.34905007
0.73282355
0.34538895
0.85124123
0.85080844
0.37191334
0.07288067
0.2719692
0.025451502
0.7611902
0.9843805
0.7328364
0.057673045
0.9128095
0.9838373
0.789367
0.96713537
0.7670203
0.9673387
0.37691817
0.9481881
0.23222196
0.1965222
0.6039607
0.30108795
0.4777214
0.69537306
0.9250684
0.9955514
0.83730626
0.9962631
0.6517846
0.36980808
0.8293444
0.5595036
0.28857943
0.7086618
0.12155715
0.113843195
0.7186608
0.5701964
0.6796641
0.9685988
0.13277157
0.8554989
0.5662128
0.39483035
0.116770424
0.29455724
0.14628401
0.01949957
0.24282552
0.0053681186
0.54821324
0.954427
0.04885164
0.8404324
0.96522576
0.7837661
0.96234906
0.11779397
0.9928663
0.57682216
0.43874252
0.7221413
0.3686282
0.20568042
0.9784952
0.7214783
0.18231753
0.76601756
0.4900284
0.9785993
0.0046634516
0.37475148
0.362876
0.54666585
0.05435887
0.28067273
0.0326333
0.9075433
0.047758117
0.039645158
0.0887962
0.08090963
0.42663866
0.12788004
0.385786
0.10765148
0.9827723
0.050539244
0.027032977
0.18673247
0.010252186
0.57061845
0.80938745
0.20184113
0.2582405
0.48896822
0.89645725
0.18133242
0.3494707
0.31467256
0.92362034
0.962501
0.5544012
0.7174542
0.022490028
0.25206926
0.1236996
0.49542385
0.8605578
0.86821854
0.0051130573
0.16397993
0.71062005
0.8177641
0.40028104
0.01051404
0.75162834
0.96071744
0.9175597
0.38313103
0.116569005
0.03340726
0.92413294
0.871891
0.6193813
0.107629105
0.27043906
0.9864742
0.03761766
0.96676075
0.29617295
0.0033494763
