"313488"
0.5585124065672843
0.24901752080953207
0.5372227221027844
0.7648871402019326
0.33935855059963665
0.7969491538790885
0.608018182325238
0.1840025757295888
0.6547971657072661
0.8164428647994912
0.8659786812155623
0.7121122509712118
0.4244298853478323
0.15944798457821063
0.6512152754261838
0.27789160077391434
0.2992594993037732
0.8932033088972806
0.20440311312741752
0.23930426106682298
0.2510537736484767
0.23431047002518082
0.18915847711942702
0.24661271792675468
0.6126522665126982
0.42912649511717404
0.28060195607759525
0.6069576494475614
0.6242062375886159
0.22164065478233294
0.5483818791097713
0.2675945656583103
0.30269183344461825
0.8223969041122787
0.49939409946117264
0.19762762635292042
0.6745855360021958
0.9029524099146778
0.21560643617931982
0.7413481813551861
0.5755799176467171
0.8743528061327899
0.704376643424691
0.31284580905188086
0.6477785341569777
0.5435900239857943
0.20992727130340624
0.3265845978381789
0.32145944977443386
0.748090878669399
0.5500878899002005
0.7393115878187219
0.7627791430242103
0.48116134037873415
0.7556636201259745
0.26483838394209946
0.7499286866291631
0.31909554952902364
0.52038072865754
0.3226989153287927
0.7637476007697981
0.5566340137222549
0.13063355741405877
0.7501426080655466
0.873504938259942
0.2962712516606114
0.8438245675707828
0.37011225553920873
0.3617545730259943
0.8232304424644421
0.7594910353610375
0.6964294267644664
0.8657007894143971
0.772072336556832
0.8101068506433684
0.4160849717890816
0.5803002620905932
0.5397895151090728
0.6654026495482168
0.2832826194460624
0.21655753564885874
0.789576672776447
0.6951738622397695
0.8206969348854455
0.7287766777830758
0.4014687742728566
0.3432971216692796
0.6293974855371375
0.6515273797532991
0.6721173221281861
0.3582942477375469
0.48440106044650955
0.5428351570746507
0.20052968850026767
0.6938265122524528
0.3283174497022084
0.29555197891688184
0.4985050002776695
0.8595663969077733
0.502842353553005
0.11958297280745671
0.22446756799486556
0.5143939146200324
0.7352313619115153
0.5979071612940503
0.3534356873338052
0.5572867527527141
0.2667137045061324
0.8581797408216076
0.7719835602840894
0.633698113296074
0.6471036931074032
0.26283698538724104
0.19888389374166782
0.20852510487665418
0.3307910470691996
0.8782552676399843
0.5817745125099967
0.28837864810480873
0.13021179357910506
0.16011580555314447
0.7883505104494365
0.7570517309084016
0.4186670085746605
0.6577990082777858
0.38183094117579763
0.32995352314858556
0.22021429758447633
0.838772239748834
0.20417509496946723
0.7472342193115302
0.3939107764579772
0.16900956929673383
0.6684070962200372
0.2623958095895751
0.6005184703236024
0.390940478206175
0.3383468770061276
0.6215863206430214
0.15149644613123756
0.5744509342166443
0.7605132862318681
0.8201691847856154
0.3580307747231641
0.4371173965000613
0.595563038260554
0.46630713767785437
0.2870142572675772
0.2676953421142835
0.2920912409331106
0.5559310569394822
0.31529731053019294
0.5900013262898298
0.1595830235798342
0.3283864344799374
0.38300116411446183
0.5921251804167056
0.7504894363452742
0.13343791672738584
0.7872997441756242
0.646638224955762
0.7368686515901915
0.8754435999243662
0.14400126613421957
0.3232225753556548
0.2481438114222035
0.33637919814879896
0.81238916455307
0.3574643553442053
0.741923942496943
0.8633462464237295
0.6464204487711182
0.839173566345204
0.622397379317096
0.7061923605910543
0.8622190096001173
0.24867028585371678
0.27015164202726366
0.8260440216068017
0.3141354760372076
0.48528656199388426
0.34026086267576194
0.5475513075695466
0.5257408981379194
0.5256272295176145
0.7204589976347666
0.4910168904330175
0.1971951600860456
0.48634764945837256
0.4202998657724485
0.7415050215483809
0.7724012334024563
0.19710753838978376
0.31325505077461563
0.6040488730305713
0.8572652021323758
0.38106007785923146
0.6948427884105948
0.3404957811267795
0.4527226160670821
0.2531236391484541
0.7836599087247419
0.7295450511101981
0.82740346265053
0.5555745657353331
0.12186251288506947
0.7063133190551316
0.8635951189133796
0.8052330181643648
0.36303808877173405
0.15421279134934893
0.24710013352703972
0.23129777936559764
0.206311159005538
0.1575713802813602
0.4977073613078301
0.7462455644792265
0.8690479927499981
0.17982846421952955
0.23355449862569103
0.6423137283808956
0.5391718454474949
0.716646772629645
0.5915079937457417
0.8713846775275325
0.16108209518341554
0.8185847984927795
0.46485741126317515
0.23678631814162748
0.6633684164244037
0.22891268676282228
0.3094655579541544
0.35871038562823554
0.6653809922712075
0.5813860069969556
0.6066303987194293
0.3279961342102356
0.3275826302796135
0.34024669492214216
0.7327018224398311
0.6017923852548639
0.3185504231881855
0.46646873221608887
0.43807648883140893
0.22959367301162822
0.7979252512784343
0.5268616129660848
0.3334679155532057
0.2488662215769104
0.5108414667754653
0.34948700585443765
0.775710882234352
0.8207356271270946
0.3315975508414709
0.4414795367166835
0.8473423755640902
0.6788925946852145
0.30947186736189547
0.7290698070382804
0.70078092789502
0.7908425460799867
0.7802127937163905
0.7886998665659378
0.6536264611282109
0.7012631148727564
0.23435420733416087
0.13596758527014433
0.41344632716670626
0.7399343612371547
0.26969316043686414
0.6717122426509142
0.38095657778280284
0.21873843878725172
0.22034566547834183
0.37902534096433543
0.37585622529989704
0.4586163534909713
0.18565015399139287
0.5276508198987883
0.8640042086215421
0.15155251715014637
0.4715473940475272
0.11420518601719759
0.639230426699652
0.703879913399126
0.7968576840224351
0.204068397521836
0.2209925800400094
0.8652121629078241
0.14824390562751114
0.25031224364248583
0.2975400069678189
0.6622079813765687
0.8699786243398587
0.7200908469047916
0.6782203915170829
0.44453752560361176
0.7772690967681651
0.5218681928675234
0.3738401558468209
0.1885469318911966
0.29335533869313374
0.7440300726945176
0.5339887428145584
0.4017601394276417
0.8407054348041619
0.38665797430957344
0.2042808555968843
0.17490738875536008
0.6474660851831432
0.7068505658441515
0.5080949721875336
0.5643007810729703
0.7449617798103202
0.8073801461111154
0.21693053886931402
0.6381084278372604
0.10134089358695898
0.6954036332391974
0.44234095731813255
0.4105111210172024
0.21783948461064698
0.3753214526308986
0.5686562771815495
0.3407734236323749
0.2981279019120557
0.5225775512797304
0.3138032853970274
0.49547683622171707
0.5719046876675853
0.9065777045214973
0.6369559828048112
0.6909028283677531
0.34465450701720907
0.46758948976691844
0.8725462077883144
0.24444186864446704
0.19902228157827018
0.7762931561805623
0.44567382022938407
0.19358961408024258
0.35868492491407633
0.817988149989268
0.7508826212653195
0.66531072381109
0.29955392755222626
0.37260941337188375
0.7582334546622169
0.749079333365807
0.48902407461885344
0.7204780481838621
0.7646435956866519
0.3099232422476938
0.6390477655430495
0.1625665031053571
0.22470080361902597
0.8174622414288872
0.3373947064110004
0.6937944110046252
0.17631147111036521
0.41798187650616037
0.2767004103682835
0.5349106209557096
0.6881932648196935
0.8550405588809824
0.8060431815099017
0.2795265974411051
0.21299240890808377
0.759697244925455
0.927700116466123
0.2362043743784434
0.44663923380051523
0.6560383512122953
0.48247775563886014
0.6518292043428042
0.5698549789894085
0.6561904005426229
0.7065294668501266
0.25607771304286026
0.819439577312184
0.4722301378623544
0.5659686503582959
0.6652109831439861
0.6640493925544373
0.595652059871591
0.7777536472828944
0.2610445626147656
0.5960750632030992
0.4804113475953582
0.5656813999865413
0.7125741603545169
0.8044550777588662
0.708152483879731
0.6934770566944491
0.4367399163439787
0.8493767479425967
0.8472556497098667
0.4732043757467805
0.6875044399679165
0.18197056353224225
0.704058907063086
0.5019085447161645
0.6075861838519576
0.7063569277842536
0.6835123339489475
0.17305845889429952
0.21208374135347163
0.8627053456989319
0.6299782079837175
0.20264194814154443
0.4217556814011173
0.297511274838264
0.8259260826799533
0.1890746417344949
0.7237289936765061
0.4799690228461959
0.3690079081476947
0.6026491276871089
0.7049754325053861
0.7154135315993886
0.5854218759140182
0.22322106385979587
0.5548432285767746
0.4649604674681716
0.49186756088756944
0.7756075571699794
0.41038677000163015
0.3228696135022922
0.7554377859959216
0.5527984805989631
0.7374307773772587
0.7304036620514802
0.4082852182112825
0.37679592941337064
0.5970565976627454
0.43974967974498813
0.4184124737641155
0.7279196847400035
0.5507064321227366
0.6048167294546636
0.7757484245681178
0.3882507414687992
0.5360966257483596
0.3660845821376003
0.45531811703271824
0.8412140315154614
0.7620371335240774
0.7249928705617371
0.8018817163219624
0.24771238608679205
0.7109927809316392
0.853104461571298
0.6221553547705254
0.3164416026543528
0.24127660114787428
0.39905710988890564
0.7345146693007332
0.3048760718115093
0.5827357522019149
0.40560252472986313
0.3384542857200074
0.3012665476477715
0.6165224962339186
0.4524968436766731
0.7953140077007268
0.30150757522462923
0.6402242134591026
0.5356698527258718
0.674175611259036
0.8244811929278646
0.6295056814671502
0.304826599701928
0.25556532215882866
0.22197572124589537
0.6535808558442339
0.8300543414466518
0.5758533077587484
0.21462638499148728
0.8184338664163552
0.7481861549010073
0.731426020693855
0.8257521040447311
0.44054540749843685
0.6679278374247202
0.5105663506329481
0.8132054530710525
0.26062327839768606
0.4586093763393685
0.3066078649981831
0.27530884642134723
0.48659836655421
0.7494115153803924
0.6928244649191487
0.7692108644538286
0.31906953269805965
0.8670614902754952
0.3487677527668999
0.5261900234832104
0.6778706858689428
0.6273283346504303
0.3117688401258301
0.763311439642445
0.27643991132426626
0.1990780116038319
0.6091268977658438
0.38640984183761645
0.6052245046933383
0.693812155280717
0.40450063970458144
0.5078701545731098
0.580270468689539
0.34293898137425766
0.2558187870041759
0.3443282177925353
0.2936798539795406
0.21317443413421755
0.4203248311514267
0.2342682310060018
0.6201084568329189
0.6007920903989108
0.16350037169103496
0.7042581233273008
0.5748799119893947
0.49861017632689
0.7760327009980256
0.24271870684960747
0.9084060780090871
0.34516946950253274
0.43091028607623155
0.5353029720076947
0.26269861097225045
0.4508254354181745
0.7843450808711494
0.29083183184590716
0.33812919297792876
0.45963800257596005
0.3951149055292834
0.7461734862893717
0.15138875050526523
0.5571964346396726
0.2795265140168141
0.43152344713591256
0.2772856291030007
0.36873065425263135
0.3622111848960643
0.6954794214526773
0.2703991732285617
0.2809268643223215
0.22411185842358322
0.28189570180715445
0.6825101707748329
0.29140092933264244
0.42738948432408097
0.30507551662277543
0.794126476038034
0.30140258216691346
0.171106429392765
0.21633816146931245
0.12878392158163837
0.4720327705705419
0.5622595165514825
0.24934805171119379
0.44190206240140434
0.6437037374646526
0.7018047435567687
0.3467691450477974
0.6336617575434607
0.4888949129163937
0.5885743201490892
0.8552779640673337
0.39776661709789674
0.5028004172115759
0.2791008659845999
0.4839110025071846
0.27754397860671354
0.5163870011952182
0.7187494269712146
0.665248624556262
0.3337447345469823
0.2334224557656916
0.6218698842050948
0.7610217041959243
0.43700607685877974
0.2492964374480029
0.5916896295511755
0.7893649676157295
0.7674020807455103
0.30894893818609565
0.26432065284734935
0.17347771491647113
0.7116036779508521
0.7559471384838626
0.4564742309145489
0.1866821455599713
0.3623682199222378
0.8140040994751974
0.20014938911055793
0.7580015589035027
0.5132099198165188
0.06330435313163543
