"313293_317253"
0.11376245319843292
0.01319747045636177
0.7356270551681519
0.9647274017333984
0.138973206281662
0.9836934208869934
0.05007204785943031
0.2896287441253662
0.3203679025173187
0.9891032576560974
0.9652328491210938
0.9528478384017944
0.04216333478689194
0.9063205718994141
0.819591760635376
0.015064404346048832
0.5015541315078735
0.990664005279541
0.16676637530326843
0.003162316046655178
0.023044034838676453
0.03430657088756561
0.03742532432079315
0.7920653223991394
0.8497903347015381
0.996505856513977
0.6897595524787903
0.3956524729728699
0.6140761375427246
0.0012061770539730787
0.07012385129928589
0.9560481905937195
0.9031588435173035
0.40842530131340027
0.9889135360717773
0.02023368701338768
0.9362841248512268
0.9892054200172424
0.49242958426475525
0.930698037147522
0.7765737175941467
0.8926422595977783
0.7900232076644897
0.9820858836174011
0.15733027458190918
0.9883652925491333
0.03808978199958801
0.8369743227958679
0.07510770857334137
0.5389666557312012
0.9696850776672363
0.15296395123004913
0.4874989688396454
0.9069938063621521
0.9335662126541138
0.16197845339775085
0.9769338369369507
0.07290714979171753
0.816080629825592
0.031178727746009827
0.9825319051742554
0.032197363674640656
0.29139700531959534
0.5628397464752197
0.6205122470855713
0.3276047110557556
0.1435358226299286
0.8192534446716309
0.630308210849762
0.7494626045227051
0.8874648809432983
0.16346873342990875
0.9916872978210449
0.9444982409477234
0.7573095560073853
0.006733285263180733
0.8363943099975586
0.7109350562095642
0.9944568872451782
0.17125043272972107
0.053100183606147766
0.8929077386856079
0.8696160912513733
0.9916614294052124
0.8881527781486511
0.7770453691482544
0.87871253490448
0.6938222646713257
0.8952139616012573
0.9327718019485474
0.22496089339256287
0.15800155699253082
0.23095352947711945
0.07315382361412048
0.8526397943496704
0.14162224531173706
0.3943248987197876
0.2741386890411377
0.8354600667953491
0.38807573914527893
0.0032162906136363745
0.353687584400177
0.4310586154460907
0.9528303742408752
0.0191009733825922
0.9586300849914551
0.9141372442245483
0.5709440112113953
0.9402576684951782
0.9010080695152283
0.9394737482070923
0.6786258220672607
0.846848726272583
0.007220239844173193
0.018020397052168846
0.16414521634578705
0.8463895320892334
0.18938498198986053
0.7664171457290649
0.004711605608463287
0.03587200865149498
0.8513153791427612
0.859127938747406
0.45188915729522705
0.45312803983688354
0.9391441345214844
0.04063921049237251
0.005553268827497959
0.9853352308273315
0.5616970658302307
0.9514255523681641
0.33999329805374146
0.028962574899196625
0.9751705527305603
0.0035686118062585592
0.9134540557861328
0.3258378505706787
0.8440953493118286
0.8862707614898682
0.012368309311568737
0.11352939158678055
0.8134799003601074
0.9747270345687866
0.31370413303375244
0.3382469415664673
0.9299790263175964
0.3695918321609497
0.03551455959677696
0.019524376839399338
0.03583814576268196
0.9185178279876709
0.04086620733141899
0.9631571769714355
0.011702765710651875
0.2313205748796463
0.4532856345176697
0.9836336970329285
0.9396622776985168
0.5098575949668884
0.7131369709968567
0.9875157475471497
0.9594170451164246
0.10249239206314087
0.04822896048426628
0.035758331418037415
0.029332775622606277
0.5610067248344421
0.9929822683334351
0.030171435326337814
0.4669453501701355
0.9186195135116577
0.6846518516540527
0.3323594927787781
0.29414039850234985
0.7620454430580139
0.7674459218978882
0.8630843758583069
0.010581090115010738
0.9485132694244385
0.14761264622211456
0.5070043206214905
0.23443591594696045
0.9697868824005127
0.7976289987564087
0.0051675173453986645
0.2316405177116394
0.16155950725078583
0.21542546153068542
0.014552084729075432
0.07215097546577454
0.9261870384216309
0.9721802473068237
0.019814880564808846
0.18957388401031494
0.15956585109233856
0.9826558232307434
0.08186055719852448
0.9642724990844727
0.03145182877779007
0.007548029534518719
0.1329326331615448
0.911527693271637
0.9641681909561157
0.5421761274337769
0.15437643229961395
0.0017816355684772134
0.9237477779388428
0.9967780113220215
0.8843309283256531
0.16096431016921997
0.06688243895769119
0.015398933552205563
0.10446766763925552
0.036511655896902084
0.0016588435973972082
0.08813194930553436
0.9467410445213318
0.9674553871154785
0.017999807372689247
0.03571899235248566
0.9720982313156128
0.9576545357704163
0.395925372838974
0.18452632427215576
0.4190390706062317
0.09414352476596832
0.002581340027973056
0.0373220220208168
0.3280743360519409
0.9305965304374695
0.252366304397583
0.0575958713889122
0.9560474157333374
0.6826353073120117
0.5763815641403198
0.9420126080513
0.19613054394721985
0.6581895351409912
0.33078238368034363
0.9883224368095398
0.6513968706130981
0.06623738259077072
0.9534441232681274
0.42497268319129944
0.0192642193287611
0.9915256500244141
0.948311984539032
0.006346618290990591
0.3110882639884949
0.7690373659133911
0.4576375484466553
0.2565361261367798
0.039001304656267166
0.2255997359752655
0.02256562002003193
0.9768268465995789
0.3753397464752197
0.03095860779285431
0.9353848695755005
0.9916223287582397
0.9893317222595215
0.9886893033981323
0.9886514544487
0.16643911600112915
0.921891450881958
0.972467839717865
0.14544561505317688
0.3083131015300751
0.9827017188072205
0.01249161921441555
0.9342766404151917
0.8863030672073364
0.003722227644175291
0.3343302011489868
0.021519286558032036
0.03320291265845299
0.9216750860214233
0.33315470814704895
0.8120031952857971
0.9880609512329102
0.2416076362133026
0.5286572575569153
0.6438448429107666
0.9225566387176514
0.9758039116859436
0.16714054346084595
0.008415384218096733
0.6584154367446899
0.9371252059936523
0.1806882619857788
0.11698150634765625
0.19039461016654968
0.945944607257843
0.994999349117279
0.9944636821746826
0.9651975035667419
0.08208765089511871
0.23082301020622253
0.986358642578125
0.28256431221961975
0.014529106207191944
0.17485883831977844
0.9956812262535095
0.7737768292427063
0.7963055372238159
0.9914587140083313
0.37110546231269836
0.7637760639190674
0.7888480424880981
0.021244728937745094
0.607548177242279
0.8988485336303711
0.06701851636171341
0.5248989462852478
0.9858814477920532
0.043351463973522186
0.16492927074432373
0.01479304675012827
0.9912933707237244
0.5125425457954407
0.003515742253512144
0.052771665155887604
0.5335163474082947
0.965416669845581
0.05515243485569954
0.0947292298078537
0.010895192623138428
0.3886345326900482
0.9530664086341858
0.0685463547706604
0.9818611145019531
0.9868907928466797
0.970635175704956
0.8449147939682007
0.011604789644479752
0.9793186783790588
0.019897710531949997
0.003726848866790533
0.8050085306167603
0.8124105334281921
0.10257518291473389
0.021234720945358276
0.9464651942253113
0.038901373744010925
0.3932355046272278
0.04869402199983597
0.06263720989227295
0.2508449852466583
0.9815400838851929
0.8532599210739136
0.03683101758360863
0.9648921489715576
0.07612323760986328
0.024023519828915596
0.01475143525749445
0.015683896839618683
0.9794399738311768
0.45098382234573364
0.9486154317855835
0.0023424180690199137
0.028583873063325882
0.030647724866867065
0.9722838997840881
0.6616526246070862
0.9872522354125977
0.7702584266662598
0.2527237832546234
0.18602487444877625
0.970255434513092
0.9891522526741028
0.051321472972631454
0.012134353630244732
0.5957840085029602
0.6262573599815369
0.7461118698120117
0.9501295685768127
0.8924245238304138
0.991862416267395
0.02367432974278927
0.981441080570221
0.09125994145870209
0.8202809691429138
0.9801040291786194
0.9950805902481079
0.8092429041862488
0.915941059589386
0.006812816485762596
0.784923255443573
0.03643222525715828
0.4008714556694031
0.9173767566680908
0.24122613668441772
0.949371874332428
0.530164897441864
0.9634805917739868
0.8626740574836731
0.9894991517066956
0.7395416498184204
0.007351926993578672
0.2536792755126953
0.9546209573745728
0.5839706659317017
0.05033019185066223
0.7915199995040894
0.9929779767990112
0.04112900421023369
0.05961932986974716
0.9570844173431396
0.8529292941093445
0.08395171165466309
0.02315373532474041
0.9483855962753296
0.923496663570404
0.028026916086673737
0.19915808737277985
0.8384535312652588
0.978829026222229
0.10198432207107544
0.9669415354728699
0.8992050290107727
0.760814905166626
0.28174373507499695
0.9610233306884766
0.20560792088508606
0.5417520999908447
0.9431424736976624
0.034595515578985214
0.06785999238491058
0.5415549874305725
0.32964789867401123
0.08460105210542679
0.8344089984893799
0.12027893215417862
0.11012491583824158
0.893842339515686
0.7279102802276611
0.6609309911727905
0.9935765862464905
0.013022554107010365
0.012359682470560074
0.9280127286911011
0.1305302530527115
0.9230538010597229
0.01231578178703785
0.23727548122406006
0.9019988775253296
0.9813811779022217
0.9939875602722168
0.7310845255851746
0.36616647243499756
0.692974328994751
0.9735277891159058
0.9410470724105835
0.8080929517745972
0.12778425216674805
0.017502332106232643
0.61252361536026
0.12413669377565384
0.9798067212104797
0.4284987151622772
0.4960916042327881
0.044837724417448044
0.07853806018829346
0.080704465508461
0.9731651544570923
0.06481844186782837
0.388864666223526
0.9871562719345093
0.8082394599914551
0.015623023733496666
0.8894602060317993
0.8232902884483337
0.2408239245414734
0.015627318993210793
0.933964192867279
0.9249552488327026
0.12364351004362106
0.3879220187664032
0.03379038721323013
0.9737519025802612
0.15605664253234863
0.9498048424720764
0.36720705032348633
0.9778599739074707
0.1261691153049469
0.6411436200141907
0.9420894384384155
0.05964671075344086
0.35631197690963745
0.8034658432006836
0.15258550643920898
0.35420918464660645
0.9741567373275757
0.5370683073997498
0.590047299861908
0.9742792844772339
0.7940295934677124
0.9827209115028381
0.9949252009391785
0.1279861330986023
0.5173539519309998
0.6335985064506531
0.0620788037776947
0.03933241590857506
0.965992271900177
0.8699697256088257
0.9109858870506287
0.9189841747283936
0.9879070520401001
0.9681877493858337
0.010546422563493252
0.12590906023979187
0.264412522315979
0.5306376814842224
0.22683469951152802
0.057956911623477936
0.3700108528137207
0.002134965732693672
0.6969040632247925
0.8801739811897278
0.8849903345108032
0.7902223467826843
0.7755039930343628
0.7719506025314331
0.8269169330596924
0.011939436197280884
0.9965234994888306
0.19985392689704895
0.8728256225585938
0.11738281697034836
0.7262755036354065
0.9505482912063599
0.7972829341888428
0.6204338073730469
0.6807827353477478
0.4159167408943176
0.990764856338501
0.992138683795929
0.02416973002254963
0.7554048299789429
0.15799112617969513
0.21810418367385864
0.1476769745349884
0.024760780856013298
0.028908811509609222
0.9875000715255737
0.04011121392250061
0.8620842695236206
0.788849949836731
0.02372312732040882
0.10333123803138733
0.07795444130897522
0.8946031332015991
0.47544193267822266
0.8903343677520752
0.2584555149078369
0.47650665044784546
0.9901820421218872
0.03598568215966225
0.9182003140449524
0.7258507013320923
0.09653068333864212
0.8249502182006836
0.8624292016029358
0.5520610213279724
0.2073424756526947
0.9586107134819031
0.11558742821216583
0.7044451236724854
0.6870076060295105
0.9043638706207275
0.7572531700134277
0.11702466756105423
0.09232523292303085
0.8171907663345337
0.040436264127492905
0.8725724816322327
0.5460675358772278
0.9209578037261963
0.07513783872127533
0.2281709909439087
0.9894258975982666
0.20616236329078674
0.04769308492541313
0.7257874608039856
0.9884090423583984
0.97249436378479
0.615592360496521
0.2603515684604645
0.0162334106862545
0.05877785012125969
0.9512933492660522
0.11452239751815796
0.08028505742549896
0.4326966404914856
0.9622156023979187
0.24332132935523987
0.9932260513305664
0.931023120880127
0.025521891191601753
