"313293_317253"
0.1473768115942029
0.021076923076923076
0.3284884373289546
0.9677380952380953
0.2952754680819696
0.9842857142857143
0.14691456582633053
0.19721428571428576
0.5109761904761906
0.9175
0.9353757446330223
0.9392619047619049
0.1485952380952381
0.7901984126984126
0.8285238095238096
0.015333333333333332
0.391452380952381
0.9985714285714287
0.28809523809523807
0.03390909090909091
0.44009523809523826
0.046523809523809516
0.020714285714285713
0.7099897596755824
0.8680952380952383
0.9870744680851063
0.38917816091954033
0.2682294586928454
0.4731904761904762
0.032785714285714286
0.058499999999999996
0.7951349206349206
0.8609242424242423
0.2863110392023435
0.8507857142857143
0.1792495894909688
0.8024761904761906
0.9890476190476192
0.8119761904761905
0.9531782696949748
0.8268412698412697
0.9166190476190477
0.6955512492366636
0.8764792299898682
0.3311601731601732
0.975
0.17984523809523803
0.7948829365079362
0.1472619047619048
0.2010124223602484
0.9825241388744398
0.29661904761904745
0.6918095238095238
0.7541607142857143
0.9024256678281067
0.12776190476190477
0.9680662208234985
0.14916666666666667
0.740849404761905
0.05346825396825396
0.9440476823708207
0.07730952380952381
0.5231282377244558
0.48564004515599346
0.7666428571428571
0.40362368041315394
0.3004047619047619
0.8669635126777984
0.4172887537993922
0.7384047619047621
0.9251431864934877
0.10957142857142857
0.9733809523809523
0.7660238095238097
0.8776904761904761
0.05204761904761905
0.8948066202090592
0.3570952380952381
0.9621904761904762
0.14749466338259443
0.4877261904761905
0.8887828106852496
0.3916840151352894
0.9925
0.6758809523809524
0.817452380952381
0.6597619047619048
0.6602307692307692
0.7171117216117214
0.9556148162182646
0.47747619047619055
0.15307142857142858
0.33015266106442576
0.17446031746031745
0.7058333333333335
0.1384484126984127
0.3549761904761906
0.24831415660363032
0.819279761904762
0.5365137163561076
0.12238095238095237
0.5526904761904762
0.5074285714285716
0.8333571428571428
0.0482367331371908
0.7862857142857141
0.7965268490374875
0.7004704706213325
0.9682857142857142
0.8083304297328688
0.8905
0.5389047619047619
0.5252232812165345
0.11940476190476192
0.09373809523809525
0.17357142857142854
0.9089877344877345
0.14309523809523808
0.6663809523809525
0.010337662337662337
0.1187142857142857
0.6494738455988456
0.9518995541568319
0.5642682178932179
0.5351904761904764
0.8976496598639454
0.1922222222222222
0.07788095238095238
0.945952380952381
0.5554285714285714
0.9504285714285714
0.42654761904761906
0.26713355227148333
0.9378333333333332
0.009833333333333333
0.8889609576656038
0.6725814536340851
0.8976830109854304
0.7789377710412195
0.1964047619047619
0.24619047619047618
0.8625975748389538
0.9821428571428571
0.14857142857142858
0.11726190476190476
0.9634313876088069
0.5105706707086017
0.05316666666666667
0.07835714285714285
0.30095506792058513
0.8141666666666666
0.0535
0.9416193769696778
0.11236147186147187
0.10904761904761905
0.4565198412698413
1.0
0.9480000000000001
0.3251666666666666
0.8059285714285714
0.8374236744343128
0.9811116073353314
0.5135416666666668
0.14885714285714285
0.0531904761904762
0.16757142857142857
0.4645428571428571
0.9898780487804878
0.056666666666666664
0.2902407439052176
0.9396138398711177
0.5425714285714285
0.33319966629588427
0.4554113300492611
0.3482456140350877
0.8277619047619047
0.8637857142857144
0.04227339901477833
0.8914341630591629
0.05678787878787879
0.6496845238095239
0.2245952380952381
0.9444587430113746
0.4936904761904762
0.09361904761904763
0.4977142857142857
0.37594905094905096
0.20520238095238097
0.19730952380952382
0.0925
0.726
0.9754970963995353
0.07623809523809526
0.27563809523809524
0.31516666666666665
0.932142857142857
0.10662863183328299
0.8574047619047619
0.3687380952380952
0.0415
0.08352380952380953
0.9337169192123815
0.9657590011614401
0.5977719298245612
0.1903095238095238
0.022928571428571427
0.8481669960172968
0.9253333333333333
0.7265654761904763
0.3056666666666667
0.12554761904761905
0.10327151931553022
0.1166856571714143
0.10676325757575757
0.02558802177858439
0.12635642135642133
0.9758333333333331
0.9887142857142857
0.011428571428571429
0.29666666666666663
0.8701697061803444
0.9025952380952381
0.2949047619047619
0.07683333333333335
0.19859294788695878
0.27736210317460314
0.07852380952380952
0.046830821983965994
0.46399567099567096
0.9456190476190476
0.21134075304540423
0.07137280701754385
0.9148058608058608
0.5473095238095239
0.6801908508158506
0.8498635757989902
0.2725108604845447
0.6659719039825425
0.5147142857142856
0.9621428571428571
0.4025238095238095
0.20792857142857143
0.974142857142857
0.22766666666666666
0.029976190476190472
0.8757857142857142
0.9186666666666666
0.17402380952380953
0.16303547402123114
0.7659750566893422
0.6744385964912282
0.4394761904761906
0.09283333333333334
0.2436347117794485
0.03830952380952381
0.9034047619047619
0.37999523809523816
0.042690476190476195
0.8193363728470111
0.9830208333333332
0.9119523809523808
0.9835714285714287
0.9726852684425462
0.09749424945763618
0.8278333333333333
0.8221904761904762
0.16635714285714287
0.3631904761904762
0.9425714285714285
0.03805952380952381
0.8544070435556129
0.7580448717948717
0.017
0.4809272062473746
0.12826007326007327
0.17714285714285716
0.9287142857142858
0.39523809523809517
0.4708809523809525
0.9647805781494634
0.4984523809523809
0.1934047619047619
0.40778571428571425
0.9053333333333333
0.9422321428571431
0.309952380952381
0.11176190476190476
0.8756970443349753
0.7884615805650286
0.16557142857142856
0.0815
0.17804597701149427
0.8241623376623373
0.8942857142857144
0.9684523809523811
0.8390685249709641
0.12417951282363768
0.5296369047619048
0.9202142857142858
0.3607718947718947
0.028373736064298674
0.22983333333333333
0.9613809523809523
0.8381531303945097
0.5949285714285714
0.991
0.5070714285714285
0.6523746724766462
0.8005101396619253
0.07161904761904761
0.5705465838509318
0.9002857142857144
0.231047619047619
0.5062142857142857
0.9632142857142857
0.16147619047619044
0.4306666666666667
0.023166666666666665
0.9178996257685111
0.4369761904761906
0.048428571428571446
0.02083333333333333
0.6476845238095237
0.895375
0.10897619047619049
0.07193623188405797
0.07371428571428572
0.4360316890711627
0.8462380952380952
0.09911329707668379
0.9907142857142857
0.9888757446330223
0.9823603758082378
0.8692603919378113
0.07759523809523809
0.8320952380952379
0.05283333333333333
0.07511904761904761
0.46638095238095245
0.9577784090909092
0.19414480706075538
0.04664285714285714
0.9762142857142855
0.10639075630252101
0.410357142857143
0.12745238095238096
0.03581328320802005
0.658857142857143
0.9598095238095238
0.7513765736179531
0.1575373728438744
0.9857797619047619
0.27120238095238086
0.08376984126984127
0.11147619047619049
0.021982758620689654
0.9975
0.5355317460317461
0.7982843521848099
0.012238095238095237
0.1100929478869588
0.12460714285714283
0.9361904761904762
0.4712380952380953
0.7931538461538462
0.6403316109422492
0.1681904761904762
0.24855555555555553
0.8801666666666667
0.9737142857142856
0.1263095238095238
0.042367167919799505
0.32699999999999996
0.10041774891774892
0.7662142857142856
0.9162142857142856
0.8579384920634919
0.9271428571428573
0.15995894909688013
0.9862142857142857
0.08790073669021037
0.7730973383102809
0.8783273809523809
0.9808333333333333
0.7498701893390108
0.6828072196620585
0.22361904761904758
0.7765714285714285
0.22831932773109245
0.29918401513528947
0.7882738095238095
0.10592713123103518
0.8646666666666667
0.7796963452047484
0.8817559523809524
0.6234499815430048
0.921452380952381
0.4279285714285714
0.04617418546365915
0.2116826076819956
0.8432106227106229
0.401563560062948
0.19816459173010895
0.7227619047619048
0.9940447154471544
0.11097619047619045
0.24124958949096875
0.9782142857142857
0.8781861471861471
0.36546515745886454
0.073
0.9765186017758795
0.834172258297258
0.08386863711001641
0.21237031808770934
0.7440000000000001
0.8115000000000001
0.35778571428571426
0.9356458966565349
0.9166666666666667
0.5466861896968279
0.2877619047619047
0.9162741147741147
0.19204761904761902
0.6265047072810231
0.8321872538489078
0.13210673234811168
0.5514999999999998
0.33190766937105615
0.2989285714285715
0.1628415466961978
0.834061147186147
0.23652380952380953
0.07721428571428572
0.7411935157041539
0.6226212480363137
0.6741697061803444
0.8450238095238096
0.05628571428571428
0.0566984126984127
0.9825
0.23942857142857144
0.9334401522566756
0.006785714285714286
0.039603174603174605
0.8473749999999999
0.8815
0.9272380952380951
0.4812142857142856
0.3447380952380953
0.8548750000000002
0.9477142857142857
0.9263449363616415
0.7679999161045673
0.15362698412698414
0.07115311986863712
0.7639603174603177
0.14447619047619048
0.8655238095238093
0.16012121212121216
0.3136062271062271
0.08655923226733168
0.027357142857142858
0.06859346548530247
0.9199761904761904
0.02741025641025641
0.6012380952380951
0.9437797619047621
0.8493684079090693
0.06094230140568814
0.6565275689223057
0.6779047619047618
0.3339981684981685
0.16512561576354678
0.7865183150183149
0.9168333333333334
0.338958158628327
0.690356384994316
0.22516415531729933
0.9902380952380954
0.1807907647907648
0.9468333333333334
0.4274147869674186
0.983
0.16273809523809527
0.6023809523809525
0.8676450962830273
0.2220238095238095
0.27069264069264065
0.7798464696223314
0.04269047619047619
0.4487380952380952
0.9765183576113807
0.7239047619047619
0.6524886128364389
0.9638098531601541
0.8428369998537047
0.9068601823708208
0.9254523809523809
0.17456798628941653
0.4219047619047619
0.488904761904762
0.05797204968944099
0.12461904761904764
0.854452380952381
0.4309090909090909
0.8617357910906298
0.730095238095238
0.8825892857142859
0.8972857142857145
0.07602380952380954
0.31283333333333324
0.6901405529953917
0.6105670995670995
0.2573610827157339
0.04028787878787879
0.3945238095238095
0.05593290043290044
0.35697619047619045
0.9339945559292531
0.9431494252873562
0.9268699633699636
0.7543412698412698
0.7185000000000001
0.8300337301587303
0.06045238095238095
0.9065714285714285
0.2367142857142857
0.802465354090354
0.07401855998407723
0.6105238095238095
0.9222865646258503
0.7953043160615938
0.5124047619047619
0.4805476190476191
0.7346920684679304
0.9468214285714285
1.0
0.09959523809523808
0.6313988095238097
0.044913660053090346
0.20865079365079364
0.15135714285714288
0.3028851974898486
0.04314285714285715
0.8888095238095236
0.06376406926406926
0.8379340659340657
0.6313333333333333
0.06752380952380953
0.4472243107769424
0.18135714285714286
0.7623095238095238
0.22819597069597067
0.6279761904761905
0.37579365079365074
0.6934285714285714
0.9451547619047621
0.04
0.8625215053763441
0.8316206709956709
0.04174822739006437
0.7021904761904761
0.7868749999999998
0.5146904761904763
0.07798051948051948
0.9401666666666667
0.15948627125268713
0.44799999999999995
0.658063492063492
0.8043333333333333
0.8510706099456098
0.06292857142857143
0.062214285714285715
0.5173571428571428
0.13230345471521943
0.9246666666666669
0.8207865646258504
0.6583809523809522
0.07816666666666666
0.20618264411027565
0.8750476190476191
0.17795787545787545
0.0637143928035982
0.6842228624275087
0.7980476190476189
0.8396167434715822
0.41241269841269845
0.6193809523809523
0.03226190476190476
0.027736263736263735
0.8909841269841269
0.1419624060150376
0.20280952380952377
0.45753132832080196
0.9777328874901653
0.4863408521303258
0.8604494773519166
0.9347321428571427
0.01
