313360_313441
0.022270
0.011746
0.235853
0.001575
0.009198
0.995804
0.013845
0.197943
0.855714
0.100327
0.065614
0.042903
0.007329
0.926073
0.119814
0.144707
0.815323
0.747445
0.344637
0.999062
0.827828
0.401036
0.512210
0.046280
0.855515
0.392061
0.919296
0.047262
0.173268
0.990196
0.152454
0.983572
0.741630
0.062828
0.130667
0.845751
0.921428
0.016126
0.264067
0.988126
0.979628
0.809383
0.404890
0.289513
0.002927
0.006037
0.922413
0.220847
0.019227
0.960560
0.997710
0.970637
0.011810
0.800789
0.562804
0.090005
0.999513
0.724949
0.355640
0.001690
0.444756
0.021720
0.984654
0.790017
0.692784
0.568269
0.174889
0.992531
0.002505
0.161012
0.995479
0.079185
0.013314
0.093175
0.946649
0.011115
0.989940
0.116727
0.010965
0.774287
0.083890
0.615255
0.998408
0.999533
0.001814
0.695967
0.615739
0.251653
0.325691
0.958497
0.036515
0.244796
0.635928
0.650918
0.999061
0.915918
0.724721
0.821992
0.932114
0.003383
0.008883
0.005932
0.970979
0.655046
0.001143
0.692814
0.003318
0.998000
0.998026
0.996934
0.971654
0.045605
0.980085
0.781227
0.310067
0.018281
0.972495
0.057678
0.016268
0.001367
0.040117
0.515985
0.987311
0.852343
0.026157
0.871642
0.998675
0.989757
0.022578
0.956471
0.028798
0.852389
0.059372
0.948637
0.136877
0.068720
0.146159
0.988182
0.986178
0.212724
0.031363
0.965179
0.173339
0.117540
0.332258
0.989960
0.973155
0.780923
0.097653
0.706958
0.924881
0.001469
0.998821
0.001756
0.002851
0.907556
0.290918
0.994439
0.963464
0.327745
0.767853
0.999493
0.846050
0.975985
0.107064
0.091451
0.852844
0.005040
0.347255
0.541978
0.976777
0.996718
0.189973
0.635392
0.013104
0.818152
0.351340
0.353054
0.720612
0.008601
0.987292
0.591688
0.984874
0.168945
0.002896
0.055852
0.007329
0.607120
0.163715
0.972261
0.042723
0.024401
0.003296
0.459524
0.271865
0.994553
0.078671
0.005644
0.156815
0.038412
0.981797
0.987548
0.954467
0.650917
0.075963
0.076419
0.726781
0.866484
0.970141
0.013864
0.966890
0.670563
0.139831
0.011739
0.001040
0.001405
0.999152
0.998837
0.001746
0.591885
0.009468
0.307517
0.403169
0.854786
0.937462
0.078977
0.836306
0.014686
0.991358
0.992222
0.004206
0.902848
0.996053
0.461393
0.195479
0.853562
0.964816
0.031251
0.922705
0.925508
0.006099
0.861734
0.676611
0.934015
0.049544
0.119333
0.003900
0.474085
0.977960
0.995925
0.164761
0.998788
0.604334
0.206998
0.717934
0.747147
0.153601
0.370999
0.003110
0.790062
0.209645
0.397165
0.015637
0.109557
0.039283
0.005367
0.465687
0.222618
0.620286
0.214234
0.001503
0.903701
0.824745
0.816234
0.022451
0.053633
0.371036
0.635022
0.422796
0.999499
0.032415
0.217696
0.494639
0.372927
0.996115
0.340904
0.966752
0.733308
0.994652
0.058561
0.026058
0.340134
0.941198
0.090698
0.496092
0.533634
0.004682
0.011753
0.973060
0.008099
0.204791
0.810476
0.918760
0.994656
0.980688
0.999144
0.909913
0.993634
0.997526
0.504082
0.012691
0.104508
0.025789
0.074722
0.207282
0.007123
0.105605
0.026189
0.999639
0.932900
0.991796
0.575318
0.385287
0.993965
0.007700
0.979040
0.034306
0.065957
0.498646
0.982121
0.997463
0.040673
0.999074
0.989324
0.009844
0.008743
0.001288
0.940508
0.289600
0.825581
0.154665
0.998300
0.997186
0.016373
0.088698
0.996903
0.669864
0.002535
0.767275
0.999255
0.063298
0.989767
0.942713
0.998996
0.006883
0.001769
0.999792
0.011794
0.891835
0.995176
0.670847
0.992787
0.958979
0.521109
0.001539
0.641754
0.309023
0.560287
0.708223
0.988175
0.966160
0.000887
0.391744
0.967711
0.810692
0.003526
0.969951
0.607448
0.036299
0.996938
0.895891
0.930194
0.848864
0.922546
0.958034
0.021902
0.839706
0.996429
0.002679
0.791405
0.951438
0.933811
0.000601
0.039779
0.938011
0.656252
0.997553
0.435021
0.960744
0.323934
0.907482
0.121708
0.577095
0.998190
0.011049
0.008008
0.830752
0.998257
0.982767
0.216096
0.002803
0.011304
0.935364
0.089226
0.077074
0.942699
0.313017
0.726232
0.267770
0.661806
0.037623
0.994170
0.888409
0.180059
0.376755
0.438487
0.001357
0.455853
0.475394
0.263753
0.027232
0.530378
0.016993
0.010463
0.835881
0.744920
0.014348
0.016314
0.315571
0.992131
0.988629
0.009053
0.186525
0.027206
0.919394
0.868860
0.881505
0.995412
0.105785
0.132976
0.273320
0.974907
0.997991
0.770599
0.013844
0.916461
0.972836
0.001785
0.045443
0.902269
0.434803
0.001664
0.316662
0.970994
0.321909
0.024978
0.287786
0.480682
0.271355
0.989798
0.973671
0.258385
0.010713
0.105084
0.732174
0.998649
0.383202
0.648762
0.026091
0.002310
0.330392
0.996743
0.239251
0.009646
0.234073
0.959877
0.428652
0.957983
0.665843
0.994830
0.009026
0.437163
0.999370
0.882804
0.758380
0.989626
0.143335
0.654841
0.017562
0.084047
0.966957
0.957320
0.455995
0.284120
0.941772
0.889486
0.520626
0.681006
0.997317
0.008704
0.972997
0.664345
0.005531
0.483329
0.137721
0.000352
0.813221
0.004595
0.022136
0.971587
0.284205
0.903678
0.989093
0.001700
0.953657
0.201837
0.994280
0.906391
0.973862
0.999389
0.415872
0.323100
0.877114
0.783785
0.891925
0.993536
0.328371
0.999834
0.472441
0.294003
0.959620
0.803859
0.304090
0.597621
0.020798
0.921173
0.110694
0.032837
0.998890
0.630807
0.006571
0.392712
0.911718
0.146941
0.003501
0.493836
0.132334
0.039827
0.008882
0.676591
0.246107
0.144989
0.939366
0.741091
0.991337
0.745427
0.009076
0.070660
0.011146
0.251796
0.007891
0.574817
0.008909
0.705308
0.302575
0.002248
0.890487
0.987243
0.972625
0.065686
0.147822
0.053604
0.006160
0.012186
0.994301
0.997452
0.071348
0.019153
0.987594
0.001025
0.008998
0.998159
0.031364
0.658535
0.271709
0.017224
0.818185
0.698139
0.998009
0.006851
