313360_313441
0.256309
0.056960
0.320372
0.928807
0.251883
0.958752
0.122385
0.056790
0.314700
0.936371
0.904947
0.834252
0.241956
0.779961
0.749674
0.050695
0.474121
0.966023
0.315913
0.081584
0.238564
0.093112
0.045460
0.576728
0.907469
0.933209
0.518825
0.205406
0.477179
0.034189
0.075589
0.878950
0.903087
0.315386
0.633201
0.124076
0.737560
0.975152
0.763411
0.913296
0.747256
0.940741
0.808227
0.900400
0.285012
0.964884
0.331251
0.933117
0.125563
0.313355
0.955734
0.305283
0.323701
0.341564
0.936599
0.096206
0.933775
0.612169
0.686373
0.067102
0.923312
0.088678
0.741321
0.768801
0.906561
0.347885
0.211372
0.882152
0.410283
0.877301
0.948837
0.119158
0.955666
0.703239
0.857419
0.090710
0.907898
0.308890
0.917661
0.259594
0.400246
0.647906
0.289176
0.975136
0.703919
0.880533
0.845176
0.864168
0.777915
0.898797
0.280146
0.028054
0.113868
0.267719
0.869977
0.090123
0.340267
0.238300
0.916045
0.303316
0.063174
0.276430
0.393969
0.911909
0.162305
0.869761
0.869857
0.606925
0.966799
0.920638
0.717158
0.568649
0.263332
0.065290
0.072827
0.331857
0.899905
0.076918
0.872454
0.051336
0.116914
0.888644
0.940906
0.598267
0.720613
0.904976
0.101079
0.042301
0.963089
0.432765
0.928288
0.393714
0.369702
0.907333
0.050958
0.906585
0.291831
0.920143
0.602860
0.068492
0.113196
0.840192
0.962540
0.320576
0.287840
0.916428
0.606892
0.078420
0.077043
0.113699
0.882435
0.066717
0.943565
0.090922
0.236123
0.497306
0.956372
0.930669
0.537026
0.226668
0.898281
0.955173
0.276621
0.202768
0.046060
0.095357
0.679905
0.961196
0.087981
0.367614
0.940160
0.722029
0.285227
0.599816
0.286203
0.896031
0.668204
0.111688
0.923258
0.075389
0.842202
0.142012
0.682311
0.371276
0.204573
0.503149
0.274586
0.209731
0.060101
0.339254
0.869154
0.835122
0.065590
0.420140
0.105517
0.961836
0.196022
0.931081
0.380834
0.090217
0.209304
0.951602
0.932899
0.935321
0.479152
0.038829
0.916959
0.905869
0.906452
0.427991
0.314961
0.167860
0.098429
0.065255
0.050279
0.239538
0.961659
0.966797
0.047212
0.207565
0.773742
0.924729
0.248253
0.140910
0.383039
0.423772
0.062742
0.087687
0.416893
0.797870
0.236647
0.212521
0.881721
0.573025
0.627773
0.786579
0.265541
0.447571
0.397638
0.927274
0.491892
0.130570
0.916797
0.293382
0.056279
0.956317
0.778886
0.082240
0.232605
0.854296
0.702827
0.444211
0.242421
0.549877
0.067624
0.921907
0.352845
0.079170
0.910044
0.925950
0.691490
0.949511
0.955816
0.210198
0.874546
0.745633
0.122960
0.155820
0.923766
0.171252
0.872200
0.697036
0.180434
0.239333
0.081701
0.120293
0.890074
0.569785
0.765333
0.952220
0.516390
0.096834
0.672937
0.864433
0.817769
0.382191
0.116788
0.878652
0.794997
0.107491
0.162337
0.097731
0.850938
0.955402
0.955310
0.857194
0.225028
0.631507
0.910198
0.275011
0.073988
0.260872
0.964817
0.878523
0.743298
0.971950
0.471042
0.873776
0.883102
0.052299
0.638589
0.826755
0.250558
0.545425
0.964961
0.220817
0.135890
0.067304
0.921876
0.410115
0.058150
0.106938
0.409440
0.922765
0.086268
0.184888
0.061298
0.512112
0.460965
0.255586
0.966438
0.933762
0.958480
0.786702
0.075392
0.645247
0.057238
0.044569
0.709082
0.908491
0.115801
0.054897
0.967310
0.075315
0.371112
0.222508
0.103731
0.588037
0.947288
0.677162
0.107630
0.832447
0.238552
0.079024
0.044196
0.060814
0.970176
0.381043
0.675460
0.030549
0.096269
0.222975
0.845364
0.312574
0.505411
0.420762
0.281351
0.215972
0.915284
0.968987
0.064018
0.192526
0.378623
0.426401
0.883195
0.937320
0.814895
0.912808
0.219098
0.965310
0.098813
0.476599
0.854909
0.941050
0.833138
0.658344
0.108829
0.757321
0.183025
0.336320
0.739774
0.226135
0.912400
0.708145
0.919639
0.492736
0.948821
0.298913
0.084117
0.339320
0.704403
0.561327
0.235115
0.794482
0.953542
0.099941
0.123473
0.960235
0.748652
0.339938
0.075082
0.837272
0.923076
0.200181
0.162332
0.831455
0.684077
0.122232
0.909026
0.896317
0.715996
0.121100
0.716117
0.463004
0.620057
0.746925
0.096218
0.143180
0.275735
0.392602
0.248757
0.653110
0.257948
0.099219
0.754243
0.658912
0.726365
0.849574
0.309858
0.060610
0.782923
0.130127
0.876129
0.047319
0.117445
0.925752
0.825403
0.946872
0.288253
0.559870
0.600970
0.938757
0.901173
0.473417
0.100080
0.102749
0.705520
0.109732
0.856950
0.245059
0.130386
0.072457
0.182790
0.173245
0.920862
0.105375
0.423797
0.791336
0.866596
0.085210
0.671754
0.636876
0.267028
0.213395
0.772692
0.955972
0.435994
0.800408
0.236935
0.923326
0.231998
0.975572
0.601022
0.955525
0.196310
0.859586
0.830801
0.137034
0.453863
0.522851
0.090413
0.570889
0.934303
0.489522
0.576342
0.947892
0.776331
0.902950
0.933699
0.526690
0.748899
0.430027
0.121749
0.184701
0.897242
0.121763
0.786077
0.656908
0.781500
0.846271
0.052961
0.260804
0.377650
0.416418
0.322781
0.076173
0.471291
0.057091
0.665314
0.938117
0.893467
0.904516
0.837923
0.353391
0.786247
0.063214
0.960039
0.108136
0.593040
0.206903
0.541577
0.919489
0.888499
0.524076
0.627954
0.448091
0.918796
0.973495
0.071315
0.651528
0.195334
0.304411
0.134351
0.227474
0.051569
0.935535
0.179599
0.844521
0.834231
0.076321
0.139781
0.193696
0.888362
0.103059
0.479268
0.381445
0.574888
0.811841
0.147204
0.925905
0.530751
0.127254
0.711223
0.780601
0.438994
0.230918
0.908166
0.250767
0.653762
0.661525
0.839768
0.640663
0.205354
0.266299
0.124447
0.211184
0.916240
0.849302
0.855687
0.260995
0.275462
0.954753
0.209220
0.076941
0.751311
0.663837
0.916176
0.275147
0.627145
0.055364
0.099013
0.946198
0.122280
0.207643
0.285471
0.915662
0.672987
0.946642
0.741793
0.035548
