313553_313452
0.10162602116100841
0.08181837603332201
0.5611000153098877
0.9621888848622844
0.6746718782171793
0.9453753864687165
0.39434323311681985
0.07202877024375397
0.5115289011520607
0.9643776012145553
0.7937996670646574
0.9790300083683638
0.23934442092883262
0.8241615300913963
0.8899585865543449
0.04323039640482971
0.18389868023978895
0.9751213149453222
0.8559226683955701
0.055730311365237435
0.8374683405188681
0.09678037028030526
0.07308364472522605
0.6274807214414098
0.9467806900662781
0.9781817725009401
0.3431685242655198
0.06969655432191028
0.7056877726617617
0.03522882415548021
0.04714913936215711
0.7822522885206682
0.8038509689489539
0.7595159677338569
0.868202784946508
0.042909791045188904
0.8764073972611389
0.9745840032339923
0.8702052341356894
0.188420932424661
0.6834502537486764
0.9285420411305384
0.8565511967168302
0.9596193098765993
0.3028394124454275
0.9867227754697653
0.07761621274243569
0.7880832297939873
0.21502676185403655
0.4339347339309289
0.9471197709608432
0.5424025758673408
0.1203398191270549
0.8325283571027068
0.9265713143555496
0.03778706422070287
0.9055330505520115
0.06975577349166746
0.7463355020917448
0.0932934626295339
0.9602963349339809
0.1240355461834891
0.31219900041089027
0.584071980324932
0.9546284929462945
0.17465347909402698
0.14682096319856647
0.7367533265903294
0.19261858651771002
0.9177494999813777
0.9121412449032091
0.08083391747810402
0.9302716905719686
0.9100405712379989
0.823464534970819
0.07328603666063263
0.875516253233659
0.5379665132555288
0.9761575672152152
0.11935981136211474
0.32399979453430705
0.7807813633530667
0.7584662933695411
0.961265035544676
0.5968071257085769
0.09311590964415481
0.46165416724204217
0.8380370931295896
0.8487529990237969
0.9557473468682057
0.46859715582098105
0.04840127347377901
0.38890639242219915
0.6134317259399139
0.9075575680842645
0.1809565281409125
0.19019720938477927
0.08562803524136618
0.9486221946526613
0.7739814254458579
0.046350795531592805
0.33678653964303024
0.7576752975583226
0.7916914047878054
0.11285469463732546
0.6305844850705842
0.4561117349131184
0.891790936563509
0.9287980215027246
0.8775716725478953
0.9557294641868919
0.49623556251565143
0.9084810382009633
0.08267816718410904
0.15040612792253896
0.3776027940489187
0.6283500332671405
0.396121614064197
0.8932598737852535
0.04520843622949483
0.06714786320567462
0.7607977755288632
0.8915811276707921
0.7832152478931407
0.9166733192173384
0.2762418079801476
0.3128830447028135
0.05270139690728635
0.9059112914485671
0.08304445058678202
0.9213721323383776
0.5332155084078296
0.10066790946969748
0.9130844169693946
0.0764668945299807
0.9166581731346379
0.8403919386394523
0.5402135563101095
0.8463962434550144
0.08232205119038362
0.2413431980826835
0.8366008866034134
0.9737467660106809
0.03726795763833745
0.21151569048286373
0.5518789650584104
0.4627489664757769
0.642075520794454
0.05543136362455803
0.816084045600257
0.9144040934777552
0.10476160438920143
0.9435749393237454
0.2234288031341287
0.11630279848919614
0.8887551268458231
0.9168081792664082
0.9312992718913494
0.7079307073767235
0.7726091309091008
0.959547269299367
0.9222070856751738
0.594972308663137
0.07229927309457355
0.11400910473872787
0.08934042996572217
0.2433025957192948
0.9642475272805799
0.17927854263509738
0.5404294013320083
0.9655086172597259
0.8286167413280748
0.6050014601875155
0.29124620951764757
0.44033983627346485
0.8745837366104949
0.7817069873273101
0.0730949455461683
0.852264006468903
0.08045605918381611
0.6704156076946121
0.23467080936677695
0.8747535039299729
0.6405947157109495
0.0912375494996776
0.6891459830461607
0.40596181717148966
0.29000420189530357
0.08639633256144776
0.12935827193520152
0.7574384234750018
0.966362962523924
0.12487251842447504
0.11742262623855003
0.2702458441555095
0.9697307123691022
0.2453510521463219
0.9275586566620267
0.05050847061095096
0.11474755680913888
0.04975755129005868
0.9643551221398048
0.9459723323344191
0.8556334884103742
0.0991530129276145
0.022574122997204443
0.9484598600583032
0.9447482922666023
0.9166431768408851
0.11752290558819564
0.036346531966738885
0.5885903207841615
0.18419922203460706
0.07071788746937623
0.0507547232488997
0.28073065833855654
0.9766736954689104
0.9482852609338653
0.05174512562547718
0.3148618200315034
0.9314641932713953
0.8450406642882899
0.785447711560118
0.08686269396762104
0.5854177971613881
0.29247391301609693
0.06511347710707077
0.14840241693358314
0.18074368372886931
0.663448643173276
0.8532826523327848
0.1309373437342011
0.9536917671500744
0.3719588577685542
0.923405781890462
0.872729146538152
0.15543173946010436
0.30928620716469524
0.26613473379316804
0.9501979523436246
0.721259706306287
0.535839343546123
0.8904598334333418
0.28564574161921424
0.059646037707636164
0.9513221846558533
0.8837530716314572
0.03592381132655141
0.19471006260489662
0.236261621344273
0.6108646944589411
0.13394483462955842
0.1758308146690667
0.2982909425273787
0.06542507192589175
0.955328787875614
0.20544655339205042
0.09047029973283627
0.8929600836699549
0.9623119160920383
0.9178652569548228
0.8868075334042018
0.9262916092875273
0.0974495703758032
0.8749777546454386
0.9372643938511271
0.18377110904314237
0.39148488870187925
0.9152373935363481
0.06133140482673302
0.6000704537430328
0.07777425610427066
0.03532449397186743
0.10542486895684769
0.2411133217914129
0.12263687261603137
0.538415850282322
0.1884730575989443
0.8522926651213779
0.9710966355656265
0.2803130071342731
0.18029534616915718
0.08254436802547621
0.7871954760649553
0.9590353922869005
0.28150378278636995
0.1693512607423516
0.7823544750628323
0.8206079756884131
0.06269870148370267
0.15723700663715973
0.08314982144916722
0.8480247939910763
0.9681913292991341
0.977463610925963
0.9181326986658901
0.27473843993715125
0.8861078560101342
0.5711990488093623
0.44178083949625074
0.10560418556882868
0.14968461188939933
0.9668409081670037
0.8013426088206509
0.8372407386999376
0.944642745234466
0.09203219947195974
0.7208492121025519
0.7575450952573864
0.24782073866263815
0.7641633358183213
0.9635233985793488
0.1560911895393233
0.6637209484746206
0.9621403207297662
0.06538247397592951
0.18928370659860075
0.051729138702652326
0.938171772126425
0.6483317658968475
0.015623008714801318
0.10589965339765423
0.7502323868325165
0.9791567073957821
0.5884291188943874
0.36216799169958935
0.023265190097572563
0.2515880079797129
0.9230403360729575
0.34233979717239155
0.9594669859894249
0.9689104465317976
0.9506914166672193
0.6575657423201526
0.03461037413925232
0.951558823514382
0.03852448157104276
0.05984327194409252
0.5517030177263
0.6475402233294952
0.13932395293177177
0.2964841222090753
0.9325998171918686
0.5535745520149312
0.8161733609961359
0.0979860109870119
0.29131797502552226
0.1992351507897449
0.9544742805051677
0.8994022382220102
0.3552089418302024
0.9170890054492561
0.2519349497712797
0.07338896390850318
0.04322988726197773
0.15093151184602965
0.9597977440485504
0.25189940731143134
0.9010007929204419
0.03575610909071571
0.16811458942939383
0.11623800434925124
0.4059944061152092
0.34078375193953786
0.936717015831862
0.6814978331107587
0.06667598790792262
0.20979041088015107
0.947119759439754
0.9740713155643755
0.17883964492500376
0.04333726834086324
0.8372578709447938
0.3843637216956219
0.6346018971697923
0.9445700594268828
0.8950294805022305
0.9692414570724986
0.06522194893969543
0.9530724358924858
0.42954232239725876
0.7335246156368277
0.9648782574003587
0.912332642112954
0.35685401338445605
0.6697908351020954
0.7853810315779465
0.8358857443931544
0.46764926949899693
0.10549552725997716
0.8826441733923992
0.5000668506765088
0.8701676959223651
0.17879331277293264
0.9482508335662206
0.9566419665659543
0.9668628680615486
0.5648241627235416
0.2145362090926395
0.1994688941253798
0.899341681631798
0.1542153406411922
0.23540578871724618
0.9244159213131474
0.9644130404125444
0.24515309858646755
0.5603060348269112
0.9495030376316256
0.8420680026225408
0.4747926069473955
0.1421801701154402
0.9321455764437953
0.7496844329094662
0.13337822771539454
0.7972022897910808
0.8990375798355298
0.9388556068117057
0.4931831031398259
0.8677165106647229
0.9115537975346965
0.8304899961505626
0.16472394380526015
0.8739902649122753
0.17928563016820798
0.8395477752743123
0.8587574107221679
0.23100501384221994
0.22898257699869576
0.20069725357707288
0.5886372384888551
0.8599176457646883
0.5398528990720869
0.06022728954338876
0.210762567165571
0.887668664104252
0.9293131884335224
0.46705636554841395
0.9660116515917675
0.19850868604368732
0.03962740956319494
0.9643894974877549
0.26709580162511065
0.7841953729152434
0.0730827982294068
0.13412257638498495
0.9348011181007324
0.8827111573467894
0.949553311781483
0.12418884607512141
0.26452060493548996
0.9265804562096763
0.882634628613399
0.8601340722090296
0.6665436081084051
0.25523611588177764
0.269293165061872
0.606607589298028
0.45326666183218434
0.9389541324125124
0.4634553870238974
0.22109459946219887
0.21029974736396892
0.1137624840079829
0.18884895945798372
0.9335939336124573
0.1454069151384463
0.5953266341102869
0.9423428979658722
0.6157188515587448
0.14179541162365195
0.8856890214794904
0.6373162874386148
0.41299642597501574
0.09739473023455186
0.8415490520050661
0.9432961404234637
0.2726066802793233
0.6493958817630973
0.1216054053238329
0.8027978132094812
0.12386126947714764
0.9650943035833881
0.09761837555658548
0.9579459835185259
0.12132703636264848
0.8490792476715158
0.5786791682638552
0.08418080543018527
0.14739787326104214
0.8888425443758451
0.11505149499759508
0.7610519603967368
0.9583150211902881
0.7788293605649608
0.905533318558092
0.916497840076343
0.4061707078081186
0.8295331298833247
0.9866370412903293
0.5750004804342668
0.08796701368635787
0.6902099235702875
0.09791742211154601
0.07670524261323279
0.9128047372036544
0.1640208580446042
0.9031183507457387
0.9446974886614941
0.905538578595938
0.955198581054205
0.3247113340052971
0.5697905235765172
0.7117160082580873
0.7260011597387767
0.4899267419018821
0.04108376966422302
0.21746039670846928
0.026480094307545547
0.8178642491017992
0.921524086607514
0.8198542914857426
0.9254726142358985
0.6406025443304193
0.35283802752307086
0.8189843826321266
0.21031976484392031
0.9653049354151891
0.6253858697522389
0.5860507797367805
0.16949735621257872
0.9109717481235512
0.9752130101575861
0.8492721052644755
0.4824353462650322
0.7042737377254816
0.8756170256409439
0.932876604457798
0.9733630734421737
0.23461757200986308
0.8331519548584005
0.3973369228676722
0.19138571455907102
0.16584273062743876
0.0818451036563191
0.045820113098970244
0.9591273978324292
0.051675840752305725
0.8229735087936538
0.3483539285476399
0.35129590933934185
0.701174801903981
0.4636862097775011
0.8016944827251016
0.11612293834245256
0.1345717077364414
0.7295287083109617
0.5029845134747095
0.9397947867821714
0.08933089770063336
0.9154705438874531
0.7788039554732601
0.2325158086285826
0.7045883686169129
0.9012008990415092
0.4929831494866675
0.1342720493290878
0.9535368485092182
0.4756472988684733
0.9021058109092845
0.8553785235828566
0.7392444812201079
0.777107683496413
0.12949763307875994
0.09367687545207924
0.6946585866987403
0.4428723967027237
0.8348302131853921
0.9103512583129004
0.4443097746380306
0.2461643955111038
0.2931346101320249
0.9581708679094552
0.11448188707399673
0.14418649874376696
0.8515834067084039
0.9535571746249175
0.9547240191688529
0.751155132058625
0.2868307641413439
0.11757476181965154
0.10386551623883578
0.9326195309218426
0.2696664654175144
0.20824458346227617
0.13565702266263469
0.8228960789938325
0.11175610689101187
0.9781319415585528
0.9562039413781112
0.060601744599805156
