"313553_313452"
0.16752954490916175
0.004842377220686925
0.26898642804745093
0.9967084243682276
0.023743350159070937
0.9877496678566858
0.10482557227412889
0.06818650033495888
0.7149018519698935
0.9880152230932987
0.9611990994094951
0.9940871468416412
0.040610196864927256
0.907829011296017
0.9855882454556999
0.03213364184597058
0.3610180039464915
0.9989294376114778
0.1928847905087759
0.011136410346698964
0.28170331401294935
0.00832345307606167
0.005642982905140643
0.8115389928707802
0.9867046658579712
0.9940096301069333
0.6801498087027609
0.09450451103654436
0.1688990805034491
0.036865463997299106
0.05051093797293155
0.9833122840577456
0.8704696234390958
0.3917640895815159
0.9317291263477164
0.0520307268678223
0.924706696239387
0.9963574717215277
0.9244076022096973
0.9050941624109488
0.976404167938728
0.9775435780277075
0.9739667319092022
0.9846823628884873
0.34324629943366103
0.9805550970790273
0.055033702485222956
0.9802803954153528
0.03198151360458984
0.3065476381161591
0.9989650755302233
0.5560770243331637
0.1287485532242075
0.9524613560385715
0.9903218159349254
0.043171960857902536
0.9481455875564242
0.03180479195766108
0.3392295455811784
0.003408302981516169
0.9932573152921187
0.018982943536126687
0.26015965931491863
0.2662696720188209
0.9082333659384755
0.2246423988074769
0.01582687674012292
0.896717139014731
0.6107908276626992
0.7767817276306979
0.9738528127397916
0.16401877665759387
0.9968055346151647
0.9355816328985032
0.8897257274376233
0.021328754379802133
0.9717117877228422
0.1035027559748001
0.9583868663240216
0.02437259807783449
0.15586938050183274
0.9478889666060523
0.2849291064231626
0.997690839174037
0.8267266688942024
0.644984556483065
0.9569511300715856
0.9855586175691373
0.9898586946653826
0.9778991180143602
0.8878205747425282
0.06645303127980781
0.20945293002614945
0.06391734274172832
0.9468257746691945
0.09252831455618014
0.3136797564610081
0.11919842904396019
0.8955644036721143
0.4203257323131292
0.06253325979700672
0.7863096017395197
0.8325612406052685
0.9733572525181602
0.09355719467429913
0.9340023011150802
0.969139284921748
0.9927823570065083
0.9900380277037499
0.9776723917738375
0.9867252110141521
0.7490540964465964
0.9566051048802195
0.16792022879931992
0.05692398740950799
0.07878458326633461
0.9439931108254491
0.038990855422329086
0.9565449571116742
0.09561536024998345
0.06592207694962834
0.8594086081331614
0.9541335025365084
0.10735208695570411
0.9452106300159591
0.9859828342208168
0.033849306256480485
0.09752136070631066
0.9956259831088159
0.6225316606771616
0.9929357425841727
0.8334782750619997
0.1179112707613303
0.9827129347369677
0.004095621507156105
0.968460446724613
0.892170747974026
0.9638437455227991
0.9678707118627562
0.006813510891775726
0.1819005346671501
0.9740602459931763
0.996606011349148
0.05039919914889329
0.07520715215072908
0.9637134081389934
0.9072827359391085
0.07362850047374066
0.01089645166698754
0.762866476507557
0.9440587745540878
0.04984692772667766
0.9989294376114778
0.039781466875191455
0.02360030652132281
0.9283777876340773
0.9949936791438617
0.9725047131829759
0.2765727423866777
0.7582085039735716
0.9851954012769628
0.9995544376114778
0.21384888556127665
0.15006419418393643
0.0022789693884430863
0.1516057544279205
0.1584055953774961
0.9955878975940345
0.07323593873178216
0.1737981974056031
0.9556758993499337
0.8999516233232177
0.6202423879920674
0.7412548368765669
0.30302796605225857
0.7838915561716263
0.9377304591129871
0.04366243229941631
0.7363421385602471
0.024707598107095947
0.8694269371463047
0.24063749040413893
0.9927926082203472
0.1350196303465795
0.055535079413811195
0.9489138485515196
0.11411219989965174
0.038505102500778286
0.03983876886285357
0.041486763681776936
0.9857576709471786
0.9920393061220991
0.012019642178605253
0.2991885975651569
0.060456918584512145
0.9995900755302232
0.07166452429379441
0.9963052657671158
0.3291911394003578
0.0072259876300548725
0.03324890582814845
0.9637157677135452
0.9725425453177181
0.6669061069626483
0.08656341982263231
0.004826889430751983
0.7325560469335782
0.8830392319891505
0.685308658936459
0.220854556781635
0.028866739264670992
0.11371206460062395
0.025723210017125735
0.033260663371408795
0.05022458449332636
0.06416622796018129
0.9922444960910098
0.9877496678566858
0.007896364782624194
0.05285309142488631
0.9874717093905021
0.9851957872105354
0.8179252572526942
0.0035291161616897103
0.28847274935926975
0.08945129880794542
0.020710645820703436
0.019478092821576552
0.06517878025015543
0.7309043473836538
0.11390266877961923
0.0312948488683993
0.9892520955299082
0.8333840867644986
0.9855025676302865
0.9951738822750664
0.18067939549539017
0.9627521625126214
0.27730131221616433
0.9841377813803017
0.8296123060564646
0.10085930309117389
0.9972526448166084
0.3158419202508196
0.03252313835291194
0.9142265323119316
0.9964318997540437
0.06549885362273568
0.10390900251801156
0.8488890481007536
0.7211884558562959
0.47066723414430073
0.09294079200171391
0.14053108718133928
0.04294697241571312
0.8015046502590799
0.2622149158072721
0.007540549286860929
0.9943356381724883
0.9842761401589277
0.9897342298275437
0.9989294376114778
0.9974882260491722
0.03240536638513135
0.9881735020543806
0.9960531020202927
0.036391325333295546
0.11269443697596618
0.9068288007517393
0.014931245908100726
0.9872870835697356
0.6733519523569114
0.060736164463594665
0.32568289749852053
0.005150582228560916
0.09999593696092614
0.9765094229173961
0.08212977042989596
0.9365314016327039
0.9995900755302232
0.28725405236495555
0.05512366791942343
0.21988169948820988
0.990061317365879
0.9900380277037499
0.07754526015208
0.03686035497499775
0.9765659905415192
0.92907414788855
0.013865527966389226
0.02111401078259106
0.13435777822587586
0.9435747879465664
0.9199079188578375
0.9352392343371024
0.9854880247216498
0.058531404322386515
0.3173218855953385
0.8725568823035468
0.8203440433602234
0.050052504151277155
0.050640449080185335
0.9250642101397817
0.9836512609934142
0.761579599791094
0.9954162231443453
0.2358305108882069
0.7450186517439208
0.8616837646886554
0.012677180686146764
0.8715018060396515
0.9976713762323224
0.03549192696710461
0.28139553914582693
0.9972123871549317
0.060911381320465585
0.08208791849548056
0.005940911854624159
0.9141164480333576
0.16333057131767037
0.02186876739388697
0.012961437632168695
0.2655144791013101
0.9876074449129426
0.014445028512350536
0.04891787054443385
0.007930305791044137
0.1640450181034952
0.9651437008175971
0.22796999548478686
0.9935525171785722
0.9725106817373513
0.9973857432106404
0.9469714174964778
0.012511507988085138
0.995230056752803
0.00524585538900887
0.0313882652723981
0.8737716817067751
0.9895252930560338
0.05330630095950663
0.011100432955596724
0.9872246120072266
0.07020660129853953
0.7191804830836502
0.10064531151092677
0.04858780504184763
0.850947274536734
0.9805146469377709
0.9299756445375837
0.05538943519120985
0.9868681057683674
0.06808909396068066
0.0811824357664922
0.09481791920192499
0.033800818906448815
0.9927294719110824
0.2944185728816836
0.9981781729226297
0.06482771166929327
0.016360910432493582
0.08852540511781308
0.9581422737311845
0.6081552303828038
0.9857633974623047
0.9408055728593681
0.055861649343996254
0.20407509197812898
0.9684922928152521
0.9936707204882648
0.05987604583680882
0.028473987000716555
0.6628663479934875
0.09447437253100585
0.9776208067530907
0.9917179135607486
0.9545236539477988
0.9946617472485972
0.0330936723089221
0.9887181045604709
0.03275591413825305
0.8119432302185281
0.9550572645142511
0.9864644419409772
0.7168966520831723
0.9039724881151466
0.06011090801974724
0.9878423258019678
0.1034676700842913
0.10297574763395756
0.9727167368879105
0.12812086756681784
0.9862781182593672
0.335430130665873
0.9949173864334104
0.9043746566844086
0.9995900755302232
0.06802212153217349
0.07286736885938103
0.20317307358429906
0.9730751186758881
0.7002748580292393
0.13266570680524276
0.9755864014021742
0.9981938933937906
0.07184346502694797
0.024561560798513852
0.9872246120072266
0.9027792653616435
0.11282012926134204
0.06999359690136162
0.980365944716542
0.9868801244776402
0.052944227043971705
0.11322352054454723
0.80681281109766
0.8947879779965797
0.1592537071645242
0.989552402183057
0.98547762353805
0.9288482886908229
0.09745557196054164
0.965409382610819
0.09663873141992299
0.737989313328868
0.6156770830288095
0.10178632830371323
0.1256884295407523
0.11962971192653449
0.8347410234564118
0.12947627888131538
0.9334830700569905
0.04071511877220286
0.030736781092794114
0.9704729662940281
0.940898096546586
0.977060812619294
0.9837201806002509
0.08012266016378529
0.026475669145549673
0.997450690084098
0.29547897481377305
0.979911620919476
0.0061836383019334565
0.02620508078117398
0.9941042751355443
0.9958500473720175
0.9989294376114778
0.10257275722017627
0.25616702538939395
0.7500244319893821
0.9395604594797945
0.964325575917818
0.9855911119557244
0.09801690257785678
0.091432037525213
0.29466585421141456
0.08892658707898544
0.9961568107526653
0.09525076960356825
0.2649868096530586
0.015193564081172095
0.06020784571774449
0.16961456948164055
0.9957048088975468
0.0234640728604477
0.14781095695416846
0.9939095535276943
0.8134157098671286
0.022391930576956168
0.9481946469779249
0.9117047101967213
0.09642812776097565
0.076089180642155
0.8279280302503883
0.9975688933937906
0.3695628580275878
0.9889486149392347
0.09248802875266597
0.9948565725163757
0.03587079596763258
0.9918879898521509
0.8221178933169828
0.997694371913315
0.18489906035579048
0.6749619584222832
0.9939282244229422
0.10896243935774708
0.21129496596041739
0.9872361361858205
0.09136346605196652
0.5879776755036273
0.9995544376114778
0.8635362429753559
0.9461674515076218
0.9904002952931201
0.8069656725472288
0.9920027483460622
0.9489910620426796
0.24144349808916782
0.6802849684344049
0.3718075957131408
0.07107235333597593
0.04768964964469456
0.9766946317657427
0.33896841787587595
0.9878775215119744
0.9138933966699412
0.9889963338018315
0.9954281020202927
0.03148392619863742
0.15086444116246994
0.13664465630902373
0.189123277421427
0.024004790070941202
0.014848903440302435
0.2836910925723363
0.07062820089036667
0.8858623495191267
0.9816578328766467
0.9900408257254545
0.9915808687159329
0.9351899816410828
0.7906839850620526
0.7960996477465854
0.057963296631206786
0.9550726255000731
0.41760164565986013
0.9846200736891934
0.0455111246549437
0.27091495843788016
0.9887316900573314
0.9666716805164043
0.5187575714099223
0.9390603021077502
0.9910199616307251
0.9937106381724883
0.9977498861051289
0.16631120595784293
0.506413312660383
0.042272153216322036
0.09500037186919143
0.22332213823391073
0.24679620642851124
0.008572092117207462
0.9947552396759187
0.022847589555178984
0.9683402711664344
0.7458221987775081
0.012147246410074669
0.8239425796813548
0.06463757582221205
0.9241124574943524
0.12441013655636339
0.7941813629504721
0.10481624686006263
0.8071486322360645
0.9790317408943799
0.013431640768260967
0.9844100885836673
0.9795072299561175
0.13644004779474234
0.8712795723867195
0.6502551263144876
0.22770776492685382
0.33309633285353535
0.9563202194846129
0.07043964581949555
0.8353091073170769
0.7733653560876338
0.9855528680280979
0.9765110629115252
0.01502871158199938
0.08288765263972225
0.13114354780043266
0.008843239396772767
0.8530799541246168
0.8701259269673329
0.8633441290235808
0.09241667125230699
0.16729842889191976
0.8924866473189189
0.18576577483358578
0.008184708882815458
0.92233084911323
0.985153682092611
0.9954403853296301
0.15641590851141912
0.799764074345658
0.015298804282593134
0.10738927928391684
0.9872246120072266
0.049827263740353234
0.039027387665436335
0.3223831737866377
0.9903157389647597
0.43424572028485153
0.9974882260491722
0.9837326731200762
0.06291815681736447
