"123456"
0.272020123898983
0.739454359514639
0.384285097476095
0.895048003410921
0.667053516721353
0.476325880736113
0.694198203738779
0.952199599705637
0.0713366358540952
0.932028929702938
0.2489663742017
0.899056947091594
0.0994864264503121
0.38172657135874
0.43891841545701
0.492470930330455
0.81144385645166
0.284323601052165
0.240308091277257
0.0530914459377527
0.261675684945658
0.778310582740232
0.0633423682302237
0.174692695494741
0.0764623244758695
0.856610300485045
0.352446596836671
0.581455006962642
0.458539583953097
0.537855428643525
0.323963820235804
0.233634561765939
0.140664299717173
0.00397054571658373
0.529297943226993
0.566376931034029
0.183656161883846
0.526989728212357
0.542688006535172
0.223557171178982
0.932938975980505
0.19698174810037
0.962484901072457
0.590184246422723
0.984117607120425
0.0705283817369491
0.47847843891941
0.961378346662968
0.557737305294722
0.101879544788972
0.660662539303303
0.291462126653641
0.522121804999188
0.34390954580158
0.926188517129049
0.907566453563049
0.465749830473214
0.615415019914508
0.993912225589156
0.743541860487312
0.0879653925076127
0.414110508514568
0.871274491772056
0.875217006541789
0.11854652967304
0.00468843197450042
0.771191275911406
0.500913288909942
0.456322136102244
0.581405770266429
0.445148308295757
0.52972389687784
0.159314889227971
0.981904981192201
0.750850201584399
0.581822340143844
0.0650447604712099
0.614963587373495
0.225082238204777
0.602133429376408
0.349881688132882
0.430642861872911
0.115451919147745
0.483539661159739
0.514359357301146
0.21203610021621
0.11682434938848
0.664475415600464
0.898132486036047
0.170046385610476
0.45695865037851
0.318770643556491
0.583079868229106
0.539820892503485
0.970210922881961
0.324057830031961
0.0810903019737452
0.746511525008827
0.811302974121645
0.911252573132515
0.188995036063716
0.691719826543704
0.682629830436781
0.392969775246456
0.873757145600393
0.562559532932937
0.113225231645629
0.827274313429371
0.508268134202808
0.957452398957685
0.600219587329775
0.682339258259162
0.887182031292468
0.338335461216047
0.272468347102404
0.954426345182583
0.691954046720639
0.597753882408142
0.704635914415121
0.707216662587598
0.237230001715943
0.514819228556007
0.432065128348768
0.376967838266864
0.117151722079143
0.332687726477161
0.266184252221137
0.564184809569269
0.331793651683256
0.95655697863549
0.562737167114392
0.190755115356296
0.0200147081632167
0.0666246116161346
0.579380615614355
0.887949286261573
0.765490852529183
0.581802158849314
0.782213503029197
0.949814483290538
0.79034540313296
0.561841801507398
0.146992939291522
0.561384525848553
0.133066699374467
0.0888842814601958
0.24875083588995
0.621552910655737
0.751808705506846
0.733111917972565
0.489319506566972
0.957284428412095
0.0412042117677629
0.90760718844831
0.628424696624279
0.871793859405443
0.292142482707277
0.232436092803255
0.917397303739563
0.739466730505228
0.541035044007003
0.470962182851508
0.156046955380589
0.854329517809674
0.93149875709787
0.796665788628161
0.622174689080566
0.110282687935978
0.681640282040462
0.603200467536226
0.990840532584116
0.234122667927295
0.298027220880613
0.225017972523347
0.37620978965424
0.788366189226508
0.0719625442288816
0.138491980032995
0.325444799149409
0.745704515371472
0.546890881145373
0.507362350588664
0.399635179666802
0.901255068834871
0.87902862415649
0.919809844344854
0.619847344700247
0.702051503350958
0.042556399712339
0.439195837825537
0.852617943193763
0.220942094689235
0.0669693050440401
0.749413235113025
0.253611230989918
0.39051587600261
0.645524482708424
0.269923908868805
0.803973769536242
0.0381104666739702
0.918162420857698
0.941077656811103
0.219180879183114
0.163953871233389
0.435855743475258
0.769658269593492
0.068657050607726
0.910329194040969
0.0147639682982117
0.271422716788948
0.590260026510805
0.143759421305731
0.434655630029738
0.231410017004237
0.0360830787103623
0.598342656157911
0.781278389738873
0.49475606251508
0.265720777679235
0.369011705741286
0.944244464626536
0.339010586030781
0.669559996109456
0.0223024291917682
0.658764084801078
0.214749227277935
0.796467619715258
0.891599186696112
0.374425198882818
0.899629098596051
0.946384356589988
0.836944148875773
0.980953367659822
0.496000094339252
0.453259689500555
0.861507192952558
0.269180560018867
0.370053595164791
0.602055329363793
0.330571230733767
0.101263347314671
0.802107523195446
0.217374449362978
0.117914291797206
0.925599189242348
0.458348147571087
0.773301231907681
0.0959810575004667
0.882211538730189
0.474877841770649
0.763905188068748
0.816896456759423
0.410505568375811
0.674605368170887
0.983768753707409
0.0381710855290294
0.304193424759433
0.316959260962903
0.889738437719643
0.490163359325379
0.447007993236184
0.158815623261034
0.924706643214449
0.542096585268155
0.756252309074625
0.0245686864946038
0.311659186147153
0.49576192884706
0.525461881654337
0.165216605179012
0.29317389219068
0.237985267536715
0.479876762256026
0.607512716669589
0.159178721485659
0.627970334142447
0.0294232564046979
0.557408813852817
0.0576937978621572
0.278840770712122
0.849836249370128
0.261839977931231
0.644440554315224
0.0559050797019154
0.60726572223939
0.975530185969546
0.530620498117059
0.728990902425721
0.984701901907101
0.776569545967504
0.0181715409271419
0.150550661841407
0.442968656076118
0.272310327738523
0.821929540485144
0.258595454273745
0.248755309265107
0.330898887477815
0.0962219790089875
0.30291009740904
0.281575200613588
0.793910268694162
0.216522654751316
0.035694197518751
0.522067497018725
0.553207896649837
0.603033915627748
0.455781821161509
0.0891017522662878
0.891911549726501
0.881414168979973
0.897210074122995
0.891223771497607
0.164651144295931
0.435622242512181
0.883936425670981
0.0197135368362069
0.962670229142532
0.948097603162751
0.44790975167416
0.678461919073015
0.89868546044454
0.208318329183385
0.241708377609029
0.442844934528694
0.320607900153846
0.619637206196785
0.416351719526574
0.462058676639572
0.502323183463886
0.914542358601466
0.617035951465368
0.0355647604446858
0.101943580666557
0.549358202377334
0.556409099139273
0.355659628286958
0.923250413499773
0.266452355310321
0.926422458840534
0.749019105453044
0.532121394295245
0.89366676681675
0.555184055585414
0.0113677596673369
0.449539102381095
0.438542851945385
0.739060891559348
0.996873752679676
0.594011408509687
0.174552226206288
0.0778573309071362
0.937220599036664
0.320149482460693
0.33626693370752
0.465328583028167
0.797087256098166
0.520764451706782
0.100483752554283
0.0913907214999199
0.932977577438578
0.652594209648669
0.483962173806503
0.488336342852563
0.126821672078222
0.178420410957187
0.541894497582689
0.486804713727906
0.223660035058856
0.999056271743029
0.171863378491253
0.744248584844172
0.863020536489785
0.231220297981054
0.0472035142593086
0.793008983135223
0.727643694961444
0.0120799231808633
0.970252747181803
0.287867187755182
0.239248328143731
0.845651501324028
0.696962270885706
0.912629851605743
0.230631598038599
0.990750057855621
0.644508705008775
0.642662083497271
0.826020468492061
0.375159573974088
0.277263027150184
0.0633341635111719
0.19447918003425
0.144215053413063
0.303481871960685
0.870634343475103
0.346171361161396
0.233206174802035
0.458707099081948
0.509630437707528
0.563902214635164
0.356224998598918
0.060709044104442
0.723809567512944
0.109689296688884
0.727995334891602
0.944542786804959
0.776007310720161
0.674210954224691
0.680941822938621
0.275580875575542
0.766492347931489
0.00197801319882274
0.292828508652747
0.104202840477228
0.320865716785192
0.749835791997612
0.0888700520154089
0.236503070453182
0.837614338845015
0.744175725616515
0.200855609728023
0.369173733517528
0.605658773100004
0.734462019056082
0.298039637273178
0.691157730063424
0.75166466855444
0.123565510613844
0.636178329354152
0.493817354319617
0.861461520660669
0.552951692836359
0.386960457311943
0.598832753719762
0.212238590698689
0.80684587918222
0.662169053219259
0.237284886650741
0.57806669943966
0.905754005769268
0.0928660903591663
0.520724310539663
0.769334010547027
0.47968399268575
0.530399510171264
0.16414914210327
0.511439687339589
0.744800435146317
0.91805735998787
0.420844026375562
0.141890980768949
0.455530608305708
0.577009583590552
0.508636208018288
0.420241401530802
0.778689099242911
0.846446057781577
0.732682428322732
0.453120912890881
0.924445834010839
0.272072879597545
0.979168764781207
0.923343521775678
0.439162730937824
0.417095998302102
0.255124897230417
0.370306515134871
0.837637100135908
0.171640696004033
0.0824124752543867
0.302080200053751
0.533197897719219
0.177011385792866
0.479401178890839
0.260924212634563
0.920700439950451
0.659456006949767
0.229828727198765
0.765492055565119
0.998415644513443
0.701295723905787
0.253507935907692
0.427798985270783
0.671455263858661
0.0454910779371858
0.502293611643836
0.416894063353539
0.997773472918198
0.678924697684124
0.902252065716311
0.608697755495086
0.59828654746525
0.40971365198493
0.254235548898578
0.529523270670325
0.38769048335962
0.622713604243472
0.0874728579074144
0.728640329325572
0.405199333792552
0.437793597811833
0.827375984517857
0.203157050767913
0.682477661874145
0.843267012154683
0.331163636641577
0.540507281199098
0.434933833777905
0.721471330849454
0.944488571956754
0.712414590409026
0.0459903883747756
0.688608797034249
0.750656442251056
0.964563057292253
0.519279972882941
0.901880017481744
0.62526012561284
0.710632334463298
0.5226547899656
0.474884672090411
0.717959810514003
0.65534671745263
0.609120854409412
0.938066349131986
0.710135329980403
0.448152807541192
0.925405920483172
0.867225878639147
0.34330891398713
0.334129202645272
0.460136045701802
0.0297577190212905
0.796713799005374
0.731697196373716
0.986934637418017
0.186466243583709
0.267788507277146
0.930589505005628
0.143266341648996
0.0611425405368209
0.875813756138086
0.945670598885044
0.388796042650938
0.347430686233565
0.42291181976907
0.470710474299267
0.0560352322645485
0.00593767710961401
0.670615203911439
0.0831586793065071
0.481202343478799
0.98159082676284
0.776591725181788
0.63778037019074
0.671358268242329
0.790551039390266
0.152872059028596
0.60313062206842
0.0502468079794198
0.468092529335991
0.421089631738141
0.706795878941193
0.987563963746652
0.548727126326412
0.883572574472055
0.149184287292883
0.490678725065663
0.284652574453503
0.553982199402526
0.365934435976669
0.559288239805028
0.611013886984438
0.318963123951107
0.306262286612764
0.178053368581459
0.519816650543362
0.0378342990297824
0.0292186804581434
0.446845816681162
0.141067558666691
0.0504376064054668
0.349444733699784
0.655649731168523
0.433932373998687
0.401139595778659
0.354595048818737
0.766695756698027
0.942308441270143
0.233655040385202
0.999808232532814
0.87339221034199
0.960043400526047
0.0317405739333481
0.0819475532043725
0.338450125651434
0.968833247199655
0.881694769719616
0.797326988074929
0.481690161861479
0.782731029670686
0.361848588101566
0.976412011543289
0.957189282635227
0.0985470244195312
0.263783568283543
0.635850127087906
0.0923223742283881
0.145668016280979
0.787703070789576
0.0899148390162736
0.827387331984937
0.180192057974637
0.363629336236045
0.178682473953813
0.634637122740969
0.191712125204504
0.99526062910445
0.422064412152395
0.626273228554055
0.850859824335203
0.391600969713181
0.642006117617711
0.0137471226043999
0.986592286266387
0.963849391322583
0.0722469920292497
0.36058771959506
0.832677674246952
0.605637055588886
0.173185379244387
0.507154067279771
0.670276292134076
0.653802109882236
0.548927367664874
0.868710245005786
0.415508083533496
0.178276277380064
0.142399631440639
0.932743582408875
0.392167326528579
0.704446511808783
0.0173058961518109
0.938769065774977
0.17672625137493
0.559046741575003
0.217190289637074
0.794101511826739
0.816910179564729
0.872632777318358
0.881806308636442
0.488401243463159
0.583053666865453
0.218854986829683
0.0014573538210243
0.958794053178281
0.213437758153304
0.0591999422758818
0.528107001911849
0.0547784832306206
0.815711271483451
0.7242112448439
0.506556887412444
0.763886815169826
0.818924176506698
0.413749563507736
0.617817775579169
0.99609955935739
0.0193654510658234
0.634536423254758
0.384710810612887
0.341257786378264
0.693680840777233
0.00615634396672249
0.494159867754206
0.462801003828645
0.332713144598529
0.0933814912568778
0.879104160238057
0.500621536746621
0.340640307636932
0.723283520434052
0.660325050586835
0.877939713187516
0.237711057765409
0.0941419722512364
0.181081626564264
0.46992197772488
0.588868136983365
0.259233671473339
0.136304306564853
0.155088021885604
0.780945151345804
0.0518810676876456
0.809298672014847
0.186765482416376
0.705829130485654
0.95106165506877
0.333959530806169
0.880981634138152
0.129011146258563
0.652597626205534
0.560436811996624
0.636719645000994
0.556259006960317
0.301399988355115
0.331838268321007
0.514238634845242
0.167087090667337
0.666185899404809
0.776349963154644
0.408854836365208
0.0111868721432984
0.682153153466061
0.161206605378538
0.95796807971783
0.555283437250182
0.563705120701343
0.731135842157528
0.483404686208814
0.786448048660532
0.361472443444654
0.100778253516182
0.876504865474999
0.988763049244881
0.732493238290772
0.940356322564185
0.558655212400481
0.766515114577487
0.324885871028528
0.332975308643654
0.732933843042701
0.282612596172839
0.40860931808129
0.694369757082313
0.691760697867721
0.469609984196723
0.723191131837666
0.395786130335182
0.608831721125171
0.508654384873807
0.0862557010259479
0.391104687703773
0.272237703669816
0.442338734865189
0.746669585583732
0.54739894461818
0.523128103232011
0.420197894796729
0.124544938793406
0.405887997476384
0.449089893139899
0.428605647291988
0.580672191921622
0.312765052774921
0.526980739319697
0.976561983115971
0.0412268675863743
0.462976383278146
0.59502970892936
0.958052867557853
0.769746349425986
0.114609222160652
0.283429990522563
0.637194995768368
0.069254950620234
0.460148790618405
0.744292552117258
0.64355270890519
0.376789503730834
0.497379126958549
0.497313346946612
0.29182080202736
0.170241770101711
0.207290890160948
0.193327702814713
0.114937824197114
0.15977569646202
0.275959065416828
0.543915298534557
0.680951594840735
0.605571251362562
0.349730763118714
0.619476767256856
0.271960238693282
0.634298742515966
0.115285720676184
0.976869537495077
0.285846709972247
0.194908594479784
0.595327619928867
0.937945373123512
0.494839572347701
0.761148036457598
0.281463555758819
0.187270228285342
0.626271791523322
0.474493248621002
0.572892139898613
0.702441370114684
0.428025516681373
0.339297974016517
0.0410465556196868
0.226942411391065
0.0333164413459599
0.643051505321637
0.877902154345065
0.0896060790400952
0.307281298330054
0.908686239505187
0.260081876534969
0.618839221308008
0.898268121993169
0.914612236432731
0.334494870854542
0.527849862817675
0.533351297723129
0.442495190771297
0.210432820022106
0.732809655601159
0.381509878672659
0.50237675756216
0.170889217872173
0.372753435978666
0.925242988858372
0.183571762405336
0.988674668362364
0.012495634611696
0.136919239768758
0.578476617811248
0.697230329737067
0.434627279639244
0.338240249780938
0.0186912475619465
0.640740847447887
0.581798979081213
0.98119824193418
0.505164826754481
0.890326355118304
0.121368745109066
0.323818156030029
0.750104254577309
0.696241548517719
0.90121905086562
0.0779974872712046
0.415086967172101
0.516226820182055
0.464376302901655
0.754712662659585
0.563274579355493
0.853524710983038
0.826131495647132
0.666244685882702
0.837421762058511
0.557318946579471
0.213624037569389
0.11144405673258
0.936072202632204
0.149215358076617
0.258299640147015
0.68427406414412
0.288738664938137
0.559927363647148
0.491275551961735
0.385434353956953
0.893610853003338
0.434868126176298
0.702710524434224
0.121476039523259
0.624130639480427
0.348233926575631
0.116641067899764
0.100523862289265
0.364392835646868
0.746328975772485
0.949868003139272
0.679198785917833
0.335176498163491
0.261362806893885
0.997704928275198
0.0832624875474721
0.274509681621566
0.732673231279477
0.813158579869196
0.465902118943632
0.826094865100458
0.533124386332929
0.275464650942013
0.0146577400155365
0.159364202525467
0.608817123342305
0.353271045023575
0.497933675069362
0.295435275183991
0.189456643769518
0.509459869237617
0.661035942612216
0.619223088026047
0.453123803017661
0.0942904648836702
0.806838715448976
0.46674639871344
0.750417092815042
0.206511032069102
0.704217431135476
0.64784323098138
0.873342763632536
0.340177692705765
0.729247157229111
0.140949202235788
0.763622123748064
0.775757434545085
0.373410071246326
0.188564372016117
0.381012051133439
0.305080532794818
0.678532811580226
0.469697840046138
0.32608182518743
0.107676608953625
0.61596906115301
0.770563817117363
0.121779896086082
0.0367859641555697
0.330720882164314
0.104253340512514
0.0863771676085889
0.301058804616332
0.792381137609482
0.661689333617687
0.9516247860156
0.726447640685365
0.834043180570006
0.351782014127821
0.875407356768847
0.337450024439022
0.965914667118341
0.479523240588605
0.0893260522279888
0.39542204211466
0.758314615115523
0.853681489592418
0.198321532923728
0.0636206849012524
0.830290810437873
0.825319739524275
0.583633218193427
0.898751105414703
0.0225075122434646
0.593252645106986
0.346338218543679
0.953669166658074
0.885799870826304
0.378191916272044
0.383057048544288
0.578105397988111
0.315503350459039
0.389380595646799
0.751584113109857
0.266017321031541
0.534075383329764
0.427472485229373
0.507082149386406
0.77385773556307
0.837084289407358
0.495055137202144
0.591746649006382
0.163107107393444
0.820252518868074
0.63985324348323
0.723865803563967
0.55117679038085
0.884621638804674
0.281231252243742
0.836214861599728
0.0854970628861338
0.361414056504145
0.532869190443307
0.984749875729904
0.271967408247292
0.288512551225722
0.326778436079621
0.321589167695493
0.987311523873359
0.864271128783002
0.413652007933706
0.068638444179669
0.320685948943719
0.0215822302270681
0.540822614915669
0.559176724869758
0.422687577316537
0.1191196590662
0.752734214765951
0.0358528876677155
0.569880025228485
0.696162279928103
0.870406673289835
0.577832499751821
