"313370_313448"
0.341218
0.136883
0.342112
0.876040
0.722083
0.746071
0.722083
0.040298
0.274416
0.964217
0.823651
0.913715
0.238342
0.818857
0.755696
0.112425
0.160433
0.951995
0.520057
0.048703
0.436424
0.161318
0.028643
0.722087
0.890726
0.912927
0.087048
0.390181
0.596488
0.030113
0.065594
0.945132
0.701102
0.439318
0.955788
0.124968
0.782090
0.961633
0.640931
0.782023
1.001171
0.940508
0.643084
0.771921
0.466950
0.932194
0.131245
0.916305
0.376887
0.313386
0.897360
0.306168
0.613098
0.789055
0.562290
0.116157
0.792767
0.421469
0.826311
0.052328
0.940445
0.161023
0.581732
0.636905
0.741734
0.300702
0.082796
0.698336
0.472053
0.813153
0.810645
0.142130
0.941614
0.815412
0.829647
0.134593
0.766804
0.617651
0.984983
0.434093
0.394979
0.855239
0.394564
0.934560
0.804215
0.618125
0.632300
0.584053
0.824633
0.881814
0.591287
0.147723
0.526149
0.195638
0.741675
0.263630
0.357150
0.375344
0.601452
0.839612
0.157158
0.529815
0.769959
0.683587
0.157358
0.730834
0.890321
0.668103
0.934560
0.787846
0.940508
0.257527
0.809945
0.140106
0.176641
0.065461
0.783836
0.127112
0.850274
0.061959
0.093703
0.669433
0.815925
0.631970
0.636269
0.794012
0.185384
0.042909
0.842978
0.668555
0.919664
0.452151
0.302704
0.896225
0.028643
0.906965
0.793421
0.735264
0.884670
0.128728
0.020034
0.590658
0.926519
0.062515
0.124393
0.776880
0.304754
0.303691
0.059644
0.466390
0.809631
0.079179
0.882717
0.198678
0.188030
0.671697
0.936214
0.766212
0.334861
0.827541
0.742091
0.897660
0.353009
0.322082
0.064499
0.206096
0.387481
0.991553
0.209784
0.375669
0.841936
0.628085
0.367618
0.418382
0.462673
0.875284
0.768480
0.210445
0.706365
0.040355
0.675773
0.305960
0.940508
0.369766
0.129408
0.882269
0.535982
0.183049
0.232264
0.368521
0.744261
0.871230
0.206920
0.216710
0.155270
0.717654
0.115220
0.825368
0.257853
0.103491
0.295632
0.832802
0.797608
0.620462
0.193640
0.071090
0.652420
0.950670
0.701705
0.197090
0.120522
0.250066
0.031936
0.044753
0.074612
0.223975
0.934560
0.934560
0.063642
0.097371
0.768432
0.928891
0.320502
0.188030
0.363881
0.287009
0.076773
0.430657
0.480074
0.780326
0.433083
0.123219
0.864401
0.493975
0.860822
0.898036
0.178004
0.757875
0.606360
0.889503
0.675031
0.193257
0.898056
0.349716
0.157095
0.778884
0.954532
0.375216
0.141903
0.629688
0.691930
0.315302
0.214516
0.096740
0.139464
0.925600
0.466614
0.076773
0.792627
0.966061
0.941732
0.909173
0.872890
0.217743
0.818920
0.862392
0.168339
0.327431
0.845273
0.159078
0.872360
0.831169
0.130196
0.581318
0.111255
0.321985
0.876975
0.347513
0.574223
0.876276
0.568742
0.065931
0.490636
0.825807
0.884152
0.234470
0.225629
0.922770
0.598569
0.199522
0.083127
0.119503
0.832157
0.905870
0.884186
0.725495
0.286766
0.468578
0.810971
0.420936
0.088738
0.215779
0.962296
0.593040
0.532103
0.935578
0.640492
0.578363
0.718090
0.091199
0.485907
0.889611
0.171649
0.486019
0.958466
0.264491
0.440375
0.028643
0.876276
0.698295
0.112621
0.144029
0.741534
0.884152
0.388074
0.149193
0.037585
0.546139
0.854037
0.101532
0.934560
0.972475
0.897660
0.710817
0.040355
0.769297
0.114294
0.287912
0.538476
0.703379
0.347513
0.122993
0.934560
0.077713
0.572467
0.094506
0.168200
0.504154
0.850274
0.799372
0.372588
0.899126
0.341634
0.041744
0.115150
0.006269
0.934560
0.828759
0.791832
0.084448
0.119837
0.156890
0.849748
0.425068
0.786336
0.624569
0.377183
0.335335
0.867378
0.934560
0.094630
0.120706
0.593695
0.212029
0.908536
0.867054
0.863483
0.944616
0.251314
0.934560
0.159012
0.591542
0.930110
0.976535
0.541601
0.872821
0.386340
0.834555
0.446923
0.174113
0.850266
0.243690
0.803678
0.645006
0.865889
0.733998
0.812998
0.388006
0.137379
0.401413
0.881057
0.563098
0.308031
0.362536
0.951995
0.146310
0.108779
0.934560
0.888515
0.294324
0.248456
0.841295
0.756552
0.163810
0.382114
0.584777
0.665447
0.289594
0.794194
0.945993
0.896506
0.338454
0.928365
0.481763
0.376002
0.889895
0.115881
0.543793
0.375344
0.593695
0.424678
0.685129
0.058333
0.195614
0.889503
0.733998
0.526784
0.941614
0.346597
0.076604
0.934560
0.178156
0.857672
0.041511
0.056099
0.948680
0.809059
0.903496
0.623473
0.431223
0.805996
0.903496
0.814544
0.841327
0.133230
0.113943
0.718804
0.126811
0.854971
0.149193
0.414346
0.055153
0.110178
0.212339
0.914401
0.098551
0.531538
0.884152
0.765691
0.204817
0.681288
0.518597
0.323990
0.101865
0.537471
0.945601
0.361907
0.510954
0.324210
0.932194
0.178431
0.946485
0.607134
0.932194
0.230293
0.491963
0.861280
0.226454
0.163905
0.961517
0.175705
0.388716
0.898036
0.709663
0.517209
0.874751
0.793875
0.941732
0.979403
0.327076
0.559824
0.478641
0.088428
0.103380
0.715453
0.598933
0.645065
0.677487
0.884152
0.862392
0.350775
0.256373
0.513824
0.483422
0.274932
0.063519
0.338266
0.140175
0.830588
0.885889
0.873365
0.896251
0.756781
0.735065
0.684296
0.088738
0.851837
0.241888
0.789055
0.153092
0.509691
0.860577
0.799052
0.509969
0.794701
0.844018
0.817774
0.950670
0.125564
0.554379
0.205453
0.258781
0.174922
0.241124
0.066322
0.840145
0.084280
0.430888
0.344912
0.236483
0.512484
0.057263
0.908307
0.145368
0.804215
0.258605
0.442594
0.911943
0.094454
0.831656
0.860822
0.235472
0.616630
0.814885
0.455052
0.164914
0.954532
0.472198
0.764619
0.745003
0.827402
0.860822
0.063519
0.177206
0.398997
0.544273
0.708483
0.650555
0.505758
0.224824
0.243958
0.872271
0.199429
0.087987
0.550758
0.807068
0.930889
0.394591
0.436956
0.063642
0.076235
0.934560
0.160003
0.005796
0.570278
0.876366
0.355772
0.879075
0.863483
0.068485
