"313370_313448"
0.489663
0.449159
0.489975
0.559042
0.430266
0.558830
0.430266
0.450458
0.542093
0.563180
0.543045
0.566387
0.436599
0.552174
0.562343
0.451400
0.524593
0.551818
0.473206
0.465005
0.514212
0.467226
0.441042
0.511935
0.521635
0.555193
0.483971
0.473068
0.461049
0.444686
0.452313
0.532355
0.551039
0.494656
0.522191
0.466843
0.560051
0.560382
0.510253
0.530648
0.538554
0.550845
0.507967
0.536724
0.483613
0.548683
0.457075
0.555593
0.498421
0.456473
0.558397
0.543059
0.472533
0.534063
0.527960
0.440593
0.537945
0.450458
0.459970
0.451214
0.562343
0.479113
0.463506
0.527444
0.566386
0.464086
0.450458
0.528612
0.524768
0.542943
0.532404
0.451236
0.562894
0.543829
0.472533
0.452513
0.543045
0.450458
0.548683
0.439908
0.482908
0.512488
0.456016
0.563138
0.532155
0.523559
0.529382
0.544284
0.560051
0.527509
0.484580
0.450458
0.486109
0.484261
0.537945
0.482715
0.484685
0.429242
0.469737
0.492820
0.450329
0.536404
0.561898
0.558717
0.474075
0.544284
0.557715
0.527960
0.521617
0.536936
0.533489
0.451400
0.558762
0.460646
0.446615
0.449488
0.522675
0.442655
0.500578
0.443720
0.443720
0.559668
0.532134
0.530648
0.549841
0.503227
0.484900
0.456121
0.562894
0.468406
0.556177
0.519332
0.447227
0.560477
0.439908
0.553945
0.566447
0.530129
0.529663
0.459235
0.461853
0.528280
0.550975
0.434400
0.487289
0.523193
0.518732
0.461561
0.460844
0.517144
0.558456
0.451400
0.556218
0.457853
0.449159
0.559178
0.556749
0.549460
0.468863
0.563162
0.554717
0.558397
0.468385
0.458198
0.434400
0.498421
0.522672
0.573899
0.461561
0.462271
0.543045
0.491993
0.509695
0.471328
0.529438
0.562347
0.543068
0.471200
0.533835
0.456556
0.517496
0.490919
0.532355
0.534463
0.440078
0.549789
0.507998
0.463703
0.434400
0.455045
0.522891
0.560323
0.455789
0.467119
0.440593
0.540794
0.465157
0.534569
0.443720
0.450948
0.451629
0.532404
0.536936
0.522937
0.443720
0.456121
0.527960
0.564154
0.552472
0.452535
0.455276
0.465509
0.457326
0.455997
0.458215
0.431962
0.558890
0.558830
0.451513
0.461561
0.561209
0.536936
0.527146
0.449159
0.499441
0.469004
0.446440
0.430266
0.499216
0.551287
0.455997
0.526962
0.532272
0.531547
0.527960
0.542943
0.458150
0.509112
0.461753
0.561127
0.532995
0.489587
0.564154
0.434488
0.457515
0.573959
0.551287
0.457690
0.458485
0.500214
0.561013
0.535385
0.427542
0.485714
0.461853
0.491667
0.528183
0.423137
0.520598
0.561251
0.561209
0.573959
0.573899
0.434488
0.566387
0.554062
0.472533
0.487867
0.541992
0.456121
0.527295
0.523506
0.456121
0.436665
0.451236
0.491811
0.539612
0.455997
0.537942
0.543002
0.511318
0.455997
0.439031
0.543068
0.555768
0.442664
0.463703
0.527398
0.526258
0.441233
0.440788
0.443278
0.543910
0.560382
0.529488
0.542943
0.424529
0.508834
0.539612
0.483328
0.458008
0.455276
0.539566
0.532355
0.535353
0.564154
0.453954
0.525213
0.530129
0.483278
0.491811
0.566387
0.461447
0.474039
0.560382
0.451257
0.461561
0.440271
0.542943
0.467179
0.455165
0.455622
0.491887
0.551780
0.423137
0.458549
0.450458
0.469717
0.555593
0.442470
0.558890
0.542036
0.558397
0.523162
0.457690
0.563180
0.438574
0.445483
0.533874
0.541912
0.461109
0.454036
0.555483
0.461006
0.524671
0.456121
0.475630
0.491887
0.550204
0.529263
0.428938
0.554608
0.486763
0.467889
0.439281
0.455716
0.562347
0.483328
0.563162
0.444686
0.466843
0.456861
0.529488
0.486671
0.553033
0.533650
0.482679
0.452446
0.541581
0.558830
0.444686
0.439281
0.555737
0.486546
0.541980
0.566387
0.555483
0.553425
0.462930
0.557326
0.467889
0.487635
0.542943
0.550754
0.517419
0.538912
0.454532
0.556892
0.430266
0.460748
0.560353
0.479421
0.543907
0.492565
0.555483
0.555737
0.542943
0.524629
0.445190
0.490935
0.529949
0.552490
0.460974
0.522191
0.573899
0.485093
0.439318
0.554608
0.516354
0.498696
0.451236
0.548189
0.528612
0.458305
0.483328
0.527543
0.471865
0.471959
0.560175
0.551287
0.487980
0.513624
0.516518
0.450458
0.498696
0.550104
0.461251
0.476279
0.474049
0.558397
0.435271
0.521644
0.447929
0.485008
0.556707
0.541268
0.561358
0.557336
0.502138
0.461784
0.562347
0.460844
0.528126
0.450458
0.463553
0.555593
0.530069
0.543002
0.443720
0.477051
0.493531
0.543002
0.530648
0.540623
0.446191
0.481766
0.488564
0.445998
0.514172
0.471958
0.442188
0.455707
0.458782
0.473617
0.553032
0.449159
0.484337
0.551780
0.532753
0.468391
0.496003
0.518786
0.459309
0.440788
0.484487
0.558456
0.491374
0.539009
0.430266
0.550975
0.463553
0.558890
0.562347
0.550204
0.483328
0.521727
0.544284
0.452107
0.458819
0.558456
0.448466
0.516758
0.558456
0.532516
0.533425
0.533333
0.529783
0.560175
0.550754
0.484987
0.529382
0.484685
0.485271
0.451958
0.530022
0.456928
0.537945
0.542278
0.553349
0.557300
0.461853
0.461561
0.478313
0.509157
0.467027
0.443796
0.466608
0.443720
0.528077
0.533063
0.545267
0.520578
0.536628
0.523689
0.509615
0.456694
0.555483
0.527146
0.542943
0.460809
0.462705
0.533493
0.495334
0.514738
0.512488
0.558397
0.560353
0.564970
0.457771
0.490877
0.472942
0.489663
0.451130
0.463468
0.458782
0.557181
0.459707
0.521979
0.539700
0.461853
0.566447
0.451323
0.529382
0.456897
0.544057
0.465075
0.526935
0.554228
0.451236
0.532404
0.529159
0.472533
0.532356
0.530648
0.467902
0.434488
0.556749
0.430266
0.529055
0.552799
0.541992
0.529159
0.433514
0.488654
0.474503
0.430266
0.562347
0.533317
0.522349
0.490597
0.466843
0.573959
0.445855
0.445771
0.532762
0.534186
0.572395
0.469706
0.525212
0.443720
0.444048
0.563138
0.468385
0.438336
0.464753
0.537945
0.516567
0.554537
0.554608
0.443720
