"indeks"
0.3028511385460738170039008
0.2704657320602794068342689
0.6328791768144103047077920
0.7614499489633754780726349
0.4365154192961318013743721
0.9472996866334013610355669
0.4088660544933470641915108
0.1772996734009856800717841
0.3268139499198065567320270
0.9268025485470613444860533
0.8057421634100007112877506
0.9254945081173954202213849
0.4600760682877703677817749
0.6443087763409371948597482
0.5778337385746100673955539
0.1391791842377741450498263
0.1871470341521712377197417
0.9699599315013002209795445
0.6741417965579125093356083
0.2004794690429084480509658
0.6400113247554044537679374
0.3017481132077411976055714
0.3006176158373533580103754
0.7217324838370324791014809
0.6316072826966593334319100
0.7923967469989838807720162
0.3742841737831330561903087
0.6780738373769636950783024
0.6473402012558406859454863
0.0894453837794524225790482
0.1967947558903836435817425
0.4429450569972767648430079
0.7469502004643988612997418
0.7409110690720257519359393
0.6059445113485328882063641
0.4248908166781371620324137
0.5869345290001647397204465
0.9277984773258376449689422
0.6097521254968806259100234
0.7242410652053691277885150
0.3882928120590302123460447
0.7538992987821319102792472
0.6713734692296888795226550
0.7669416851047258232298987
0.3305700738818548312103474
0.7808009004114229156812144
0.1834333629060640458163789
0.6724510749541010579122258
0.4135567652599084209619207
0.4624558303339357800965104
0.8701263762151711933512388
0.3764503318836303624728146
0.5964638282422308757091400
0.6192694312607082141042270
0.6650126529812645514994074
0.1553573135777361335918556
0.8194499879266960995494173
0.2435969783071834926513333
0.5631805735325049466766245
0.1407749220718011728958885
0.6704866815523722323177935
0.4048921125960056044412738
0.3852388572834332114425138
0.4328687008913444933533299
0.8518946495838690680102445
0.5929577915793089459839393
0.3854065410989463980051539
0.5967621770275906012415135
0.5378577653761639210117096
0.7545640381010632058433885
0.7362562296870214240129826
0.3446556266421864633819894
0.9618368659750535787367198
0.7150276730926152790601691
0.6304674138575918629356920
0.2959655345421144945206038
0.7694224127024844595013064
0.4352687778244143101957775
0.7572329254928271691227337
0.4588185665514419864230433
0.5383060744433526556562697
0.8350171679019590120773842
0.3702974776512859000909828
0.9478781064333049455328251
0.6610151511767168308608689
0.5513398541226743887477824
0.5275120301570696002002592
0.3820712557275101062259637
0.5630411946347112506217059
0.4575390798838190331565556
0.6155931700727951261242765
0.1767917480222986337246027
0.3808300212038207566145331
0.3042807919139522976337275
0.7041912679859959611761155
0.2723550862097690594687549
0.3599793774003897106616989
0.5226612263991634588222723
0.6484068603270199959709430
0.4991367422652693286444503
0.1318125789294268268569965
0.4128987923187910635824949
0.5779601486359409179272006
0.8556264851054337094993230
0.4063417862127260971050191
0.4021597831039297465949289
0.5924524208902468558335386
0.5845812866142503505528794
0.9442187384806340899601196
0.7924241333545442023122973
0.4616800011266897207917737
0.3287285484206652896865819
0.6106896011321314432507279
0.3475558622574006495398180
0.1289122033619562734951813
0.3727698863736739198770920
0.6984913822577015762860242
0.2474711729762654466302507
0.5751183938081624313909401
0.1502857609833773699925530
0.3257564863921372788624353
0.6976310436199418818503659
0.8177634288495563286147672
0.5637003090369683278026969
0.6650495584656321845784532
0.7074821478365831417534082
0.3168674473838338778719503
0.1486749117779561646379705
0.9566803092445050893388725
0.2820637759873027561319248
0.9311363770140264062291635
0.3685998213602149076173475
0.2660161624870934771180941
0.7836925856620783337191938
0.2270810241938218398960458
0.8010824076563828333163997
0.6227343583614362021450006
0.6860545752802591490393525
0.4548642490625560697026231
0.1085806395268322649405590
0.4111890985636598161434563
0.5193335170398665212587730
0.7952330778736131922102004
0.2696247887276643773191154
0.3414051514987873625628367
0.6941443838418739353812725
0.4235290560946864402147582
0.2875641986188324783491055
0.1072678540481605963252676
0.5636911561639886825147983
0.7455899970003866394918646
0.1651158351605459262412268
0.8533967642736112191315101
0.3502930604757374943858395
0.5402643708901611052652925
0.5860239870688241925478223
0.8046262358837553696488953
0.7123183270004492806393159
0.3578489024738296109262592
0.7085229921894811155880234
0.6643138911765230636419233
0.8584735047968290455600027
0.6233182124721410310996816
0.1414503389152499124303830
0.1896007632430148082125498
0.4310286551512246266959494
0.3224983724452074596023010
0.9725397093812913063004544
0.2833411231744667468923637
0.2954216703902521889979482
0.8220970344907032600900720
0.4318188527301041745865007
0.4341214292962403686892969
0.3265379399948169503176132
0.4573642365621973238098974
0.9278672508640498639564953
0.4720198364377615751763528
0.3071774608857562594010915
0.6896637191871921590546890
0.2467835398723994821956751
0.6179853422056627021419217
0.4221967071420804629156009
0.4458018543235112707279200
0.3845397502946516499200413
0.2207611560707422315719128
0.5974579114081297603888743
0.4010597111579162765693241
0.3077595800579100981941849
0.2654467361055841134742650
0.2359771932410565653537304
0.6520105633210779849662231
0.9427507144748221712404757
0.3495120412956728705999865
0.3539830367998225701953174
0.2425328742725271213842575
0.7991671607309470681812513
0.3053009794200146065357160
0.7766189364765428981840500
0.3290557769200366244888301
0.2960889731558675186384733
0.3108262089884182288734848
0.7154307930774748136570906
0.7410003566098584126820015
0.4717903728122412876366809
0.1715284147180256013598409
0.0854563988568883964314082
0.8002711974616548706862318
0.8817139420040968067482368
0.6568065728759246990620113
0.1981636419248217484412322
0.4471123819776028351924424
0.3997392811348284280548171
0.2324365816673315543461342
0.3493851574160170003757742
0.3218620019502597129346100
0.5242469652817228764618562
0.8909918398575269460337722
0.9395029881216929723564135
0.1057787309730677527408460
0.4327587220389288447108811
0.6235736706841041865345687
0.6412512433258520383461132
0.4346098251957902780517884
0.4756069799930656705200249
0.4157370833900425055595917
0.5096853188332335360399838
0.2018350665881907812782003
0.4169424228563687884197009
0.4596331168132095079670307
0.6159513572524505375938020
0.4026833374355166528246741
0.2206838130051504420769959
0.5280847000864323792512778
0.4097047282903102383144756
0.5340820604122963333182383
0.7799855839246611077797411
0.3516746339500848028691848
0.4603547435563458689600225
0.5029715016864412246988536
0.7623549548013781596011995
0.6511647902019714884147561
0.2580626242500073663777016
0.9358499140318838893648490
0.2872548266607063971456171
0.3910137914607719755721860
0.9644157185071218219007960
0.7348757351994311681764316
0.2826499113721481770689081
0.3118392980219358290305820
0.7308252453946579851873366
0.6321649120562268242551340
0.3559437755818952719977233
0.4582909720838382328089722
0.2930121249218208823172915
0.1003969941241108082552458
0.6624451694138173696302374
0.3802600624748311286538183
0.2526149844975045244410694
0.6986599683873024879687819
0.7557152606157261365282807
0.6177224725236517555160276
0.9762741020533509672674199
0.9473002489451980423496025
0.2130171457640820387169356
0.9377940874868732068492250
0.8498836649937806519972128
0.3892416505675117543994190
0.4288898191944968685263007
0.5203298158279499041611871
0.0979480687557298529410943
0.6384819627158522248322470
0.4939360635213416728106495
0.0634137423199220562342049
0.3903522944098961056091923
0.1851081444296802380744538
0.4516054581242823218190097
0.5777710769021908721043701
0.5929428644064794751145087
0.4993791041658164897576455
0.7811481758462059943326494
0.3731369029438603712733880
0.4584833235671205153849428
0.5581385687537947504210933
0.4629091505200365608274637
0.8880313381856139720582632
0.4219603881159244007648113
0.3750438834025570655761328
0.4821945350898273474626876
0.5593922068010227510725940
0.4807608217060330701997373
0.3544807684709347372908894
0.3752104875226761060424963
0.6065186788758798464016309
0.8179735808864994073275057
0.7202225026190038903450841
0.8841805818197902011590372
0.4534720424191805432378999
0.6601864533628409859034036
0.6249219906269132263076926
0.4632308618185963511315606
0.3433778690088338247932143
0.4221951149667942382315289
0.7415810507107970517282070
0.5143317108700534712184549
0.5334609857109698927146724
0.9469664710468215229610678
0.4310373895011397338272729
0.5175136232363585220284108
0.6646858304502422098991588
0.1080621829005174311388870
0.5689836059805628565300140
0.8617913485601558232218622
0.3510657860127506246783469
0.6084198474225225306000198
0.9681108117746018981719658
0.2636852383976498459539073
0.4486837334959744572060458
0.2473142680834758133645579
0.7853646146795116855798824
0.4278681462816717462338545
0.1918615509483903303067365
0.2893045142132010250080043
0.5087943550358586808357586
0.8866252841741072421299918
0.4511556452169850905953297
0.2729488713492013718386886
0.1497548113159638816238584
0.4026131828402518264553578
0.5993085781881929419157018
0.2493243836447848749138245
0.9477576562777815238902690
0.8787019805197678889996382
0.8656649243594423115411018
0.6854784772393944791701870
0.2332839926551013298716697
0.8866500775565221426077755
0.1018266174252262235011557
0.0850790738314922828644526
0.6308716569744050595147655
0.5973695961036927792875417
0.4270855704379855621866113
0.0943482847683806413741081
0.9438733028222099363802045
0.4221896483999707516687749
0.5181603761372003402740916
0.1248163902159064447827674
0.2398896038657150897588366
0.5866199174348318834404381
0.6745305608367099248212639
0.4232378855105595749641623
0.4567938951479792453191919
0.9090619031322413334805788
0.3646092605562796240548096
0.1874046338492692531652040
0.1575911759606097306551931
0.3102221208850733935591393
0.9648728512731300499538634
0.4197395403415108416922408
0.8964033988672466257696669
0.0774185506577295956542883
0.3170093671218852660054210
0.2567622919906081824237276
0.5817864821052936008527467
0.2435584583988454343561614
0.9167487969512411183359291
0.5804661431612595512419261
0.3791754363169642094710809
0.3986764364396071513851894
0.7475314114987730018668799
0.9592564719921266025437490
0.2455527852616726791623591
0.2112540087582744363636778
0.5105674586680692961238037
0.5104952989608040336833028
0.5648190846040398449545705
0.9433256073555789100737456
0.8608494390196922418923009
0.7665565724775450506811580
0.2864804979377125193629183
0.9286250352539593411194119
0.2142391786568483280639441
0.6085438185716256498380972
0.8104583433534916503404588
0.7488194791158101493167010
0.4567087536755186083503588
0.7444015687727391084038686
0.3366487757222118570865632
0.6136565093669359427508425
0.4487016183771653787815126
0.3723279174682929126838360
0.6641577742694139141477194
0.4462875093430362927193755
0.7284878587938127258993859
0.7475382558805523380840441
0.8836222576472158030114201
0.7544503056809522822945269
0.8263282034296162148478970
0.3513473610405069558204616
0.2449510307188131064126679
0.3111867885227988517193864
0.4924271163095593761838131
0.3671390813822896781459804
0.3505506436339643761002094
0.6212932860310400595693636
0.9596116188224197429690321
0.3965822841593917291724836
0.3486498597562326384746711
0.9471765126414387614417478
0.5480952344384636409913014
0.2848783850649059812276676
0.2551359266638217881961737
0.8796704146155802650497435
0.6873625932919495973294488
0.4023499565922106224746813
0.3141984465764893208472586
0.5662839143886438941777328
0.5302834380919853041191914
0.3701638090330950925377351
0.7184991840259334905383071
0.6964961207461736192314561
0.4797983072994578268577470
0.4661356702387016714972390
0.4052083338577007198821889
0.3499806597506736061120591
0.3731275608953509292931017
0.5557302656065041812638583
0.4466206400627556472038293
0.4567602878786602982330578
0.5945363810368345935941647
0.4625565340275081815946123
0.4818110344349439966293858
0.6888750061180933803584026
0.4046038697145186158188324
0.3600627974119774976635711
0.6264437436746659315645047
0.6731207813226365299641429
0.5225900401469335543325201
0.8821759077435256113375317
0.4350623865309302118475898
0.1420008058650665538902302
0.9423289203055384977147924
0.4101391090410300699353741
0.7340937978976265210206975
0.1374636910226531005818629
0.1884132409341286729098641
0.7045816783016901618807992
0.6557250197703660132830805
0.8132489597444461093544987
0.4288192994315847550446108
0.4471320833580103570881192
0.6360083012303130445275201
0.8371060789229830545465916
0.7082096354219895584236610
0.5821045783556771935352003
0.3462804787921956450880145
0.2816243318906896941911100
0.4602844073211703745940326
0.2982651923220570044925637
0.7656283112181309080668257
0.4646148501255449314584212
0.2954682417271930483515519
0.3910080820189034134237716
0.1564154733397458973964689
0.3760275979298220438984401
0.8899033719877254000607536
0.3057984101645528918211880
0.6179782556850097474665517
0.9033596147499266537650442
0.7233934023451522588032958
0.2141332926419182436372779
0.4070857669565809411338364
0.5513659625059560420723415
0.2358879561511085243274977
0.1747612514235669933793105
0.5276895956338019111342419
0.8118544869030813737609265
0.4613198734113771459774966
0.3425731629241710596289749
0.4710741128386635723224174
0.7678118889032973237718238
0.2454857500140684711809058
0.9302526651930890233543892
0.6987921687076038557151492
0.7928984851987328497102681
0.4166451440561027008691042
0.6721186980161313329062978
0.3933169244744934012203430
0.3780846917226131087552687
0.4273907039783671479860061
0.6024632603602583236224177
0.1831760756838316517303156
0.6325185522443130814451706
0.7543067985609391845613914
0.6276988701398101833106580
0.5175142787013914391636149
0.7621823861641610076134157
0.7151506582573401438196470
0.7246290976585423315725620
0.7943748228624218921112288
0.4248314492001391551312395
0.3032828586894703581933186
0.3894895168603174084864804
0.2501204479716444550874144
0.1442174233143320161154577
0.6650754549954065453221119
0.1747773858078753017597506
0.6930986875112555845035445
0.8308791583774827183006551
0.8823629379626626301202919
0.8767347575529378378433876
0.1169550932807715548644723
0.4386518574363884592770546
0.5479970124331428049657688
0.3631724571891652986188603
0.3916496524940105694589931
0.2362467624031580615273640
0.3012958603958181824644669
0.1560938719524685991402180
0.6628068080099844827657307
0.8115633618713888886020413
0.4923473389854071680105108
0.6154415813636447962764464
0.3339631726541285039466800
0.5657063947444437301825815
0.4423398829930604292393070
0.3389965383356854378149592
0.7185266928941869135627485
0.3667535774881227617072454
0.5081855712141178926799512
0.2389819511024097453688597
0.6525541426358769658833126
0.7093658147239735312084008
0.7939805968877319264365156
0.4100621604342371551155111
0.4176726046361530220174529
0.5544602794709088122715457
0.7146185934960201935339796
0.9568039973733084568863205
0.3478078176389728382034150
0.6058786075225484069051163
0.2430894645589335711921564
0.4693796663385025880188550
0.2004613277163885542986321
0.3707631075863334069175892
0.1802995067496872827472743
0.8950399890522162671402384
0.2854919983657242532615328
0.3829512275505547735932055
0.3017923748739990696954294
0.1130704668350479696892208
0.5877485539814985004980485
0.4842639047423036857686895
0.5717482592370523031277685
0.4580628398533876932674502
0.6779623685277268441140563
0.5175454769714611380493352
0.4522083911445704540454926
0.7470258544884451623602217
0.1623490677355360067846135
0.6747612687580093471240161
0.6454285221952004159007288
0.3801400986923048619381404
0.4855119320344251643284395
0.6747791815212136334878323
0.4742214255940165323899294
0.3028992398723726608977813
0.7416395124608662348109078
0.3887141188481250675401668
0.5738530983726335410466390
0.6554130967696933929289571
0.4217606367323860627749355
0.6317274645426174117801565
0.2451971268429423145285284
0.3830354815493174358564943
0.3663173844753996322154421
0.4246193682274663760978228
0.9057476411872429356009206
0.6381794725339042795297928
0.4689902408784325515966884
0.3039990809795105053403574
0.4325572768056049066665025
0.8663925207297327180100410
0.3407516699995012388058058
0.2524321378421665595936929
0.7200391918676244396024799
0.2008730383477053960117331
0.8454720325331466224128008
0.4334581757497444898241667
0.3279296019846378862361291
0.0998469098522930809114229
0.2849712875090199548644421
0.8779339521885058950090297
0.3791355208947678190334329
0.3754033155627767293083252
0.2823622058536103818227048
0.8231463637769640406816052
0.3111200096054344554907800
0.8923746745763539989226842
0.7415931650627073379311582
0.1074103388773954004253852
