"313319_313400"
0.263854324817657471
0.239950776100158691
0.546669602394104004
0.769283652305603027
0.292710423469543457
0.755133807659149170
0.258610844612121582
0.246188044548034668
0.367844253778457642
0.768243908882141113
0.750687718391418457
0.756914615631103516
0.246941924095153809
0.750476419925689697
0.723616123199462891
0.241891369223594666
0.404657214879989624
0.766604185104370117
0.328556358814239502
0.234713822603225708
0.261211991310119629
0.257132619619369507
0.230784580111503601
0.717539250850677490
0.753588140010833740
0.764781653881072998
0.678972661495208740
0.277087569236755371
0.484064877033233643
0.228745281696319580
0.245502948760986328
0.725365400314331055
0.742411196231842041
0.275919884443283081
0.721864640712738037
0.236614510416984558
0.731114268302917480
0.763524651527404785
0.671078920364379883
0.748491585254669189
0.707569837570190430
0.754150211811065674
0.706185042858123779
0.760597527027130127
0.275842308998107910
0.762046813964843750
0.251693844795227051
0.743036389350891113
0.247768640518188477
0.318495601415634155
0.767186164855957031
0.278285205364227295
0.262970715761184692
0.715144693851470947
0.750586628913879395
0.246917113661766052
0.749781906604766846
0.660086393356323242
0.729536890983581543
0.244830906391143799
0.767148435115814209
0.249444141983985901
0.711201012134552002
0.715369582176208496
0.752340137958526611
0.453577935695648193
0.283121973276138306
0.737853884696960449
0.685100555419921875
0.368798822164535522
0.751165866851806641
0.255322039127349854
0.764133870601654053
0.729926109313964844
0.723100960254669189
0.244026586413383484
0.747646272182464600
0.286478579044342041
0.754933238029479980
0.259422123432159424
0.346394211053848267
0.698793351650238037
0.478549122810363770
0.768799483776092529
0.704554796218872070
0.739317297935485840
0.736968457698822021
0.754287004470825195
0.730729818344116211
0.731292426586151123
0.617213010787963867
0.247734054923057556
0.313127756118774414
0.242686122655868530
0.706032752990722656
0.277469843626022339
0.494030296802520752
0.294899046421051025
0.742406606674194336
0.290405303239822388
0.235896646976470947
0.646877348423004150
0.381531774997711182
0.748861730098724365
0.239784717559814453
0.735879719257354736
0.722197651863098145
0.305161118507385254
0.757766187191009521
0.754597723484039307
0.747063040733337402
0.651646375656127930
0.340948671102523804
0.243451848626136780
0.239763021469116211
0.296664625406265259
0.725238442420959473
0.244028672575950623
0.737101316452026367
0.235174059867858887
0.241207510232925415
0.747907161712646484
0.728516161441802979
0.627104222774505615
0.687457025051116943
0.738763689994812012
0.246605560183525085
0.241261631250381470
0.765147268772125244
0.675725281238555908
0.752321302890777588
0.410331338644027710
0.272885471582412720
0.751421272754669189
0.232449486851692200
0.751984119415283203
0.340096563100814819
0.731997072696685791
0.680022656917572021
0.234257996082305908
0.257072508335113525
0.716876864433288574
0.768912851810455322
0.348710030317306519
0.263480752706527710
0.749206066131591797
0.697604417800903320
0.243067651987075806
0.232117637991905212
0.257610708475112915
0.640357494354248047
0.242389872670173645
0.763072431087493896
0.243497833609580994
0.251536726951599121
0.486620873212814331
0.769397079944610596
0.734399020671844482
0.696033596992492676
0.311087757349014282
0.757005274295806885
0.766421675682067871
0.252538383007049561
0.256559699773788452
0.243610695004463196
0.283257842063903809
0.689231753349304199
0.769034504890441895
0.248116657137870789
0.543215215206146240
0.750535368919372559
0.691659629344940186
0.311446666717529297
0.512573301792144775
0.350004464387893677
0.684594511985778809
0.741109728813171387
0.236348748207092285
0.747132658958435059
0.233505740761756897
0.714352071285247803
0.247360736131668091
0.730838418006896973
0.286859929561614990
0.236878648400306702
0.314402192831039429
0.292298734188079834
0.258126139640808105
0.246041476726531982
0.261929064989089966
0.752660572528839111
0.763634085655212402
0.244137525558471680
0.360614091157913208
0.250371277332305908
0.774526894092559814
0.248442724347114563
0.758104205131530762
0.609433710575103760
0.243646398186683655
0.276058614253997803
0.753738522529602051
0.762709438800811768
0.729454040527343750
0.323145806789398193
0.240008994936943054
0.753503084182739258
0.753193020820617676
0.745050132274627686
0.361338317394256592
0.252485454082489014
0.240451321005821228
0.240415662527084351
0.233657971024513245
0.234543085098266602
0.252446442842483521
0.763225495815277100
0.768341898918151855
0.235224172472953796
0.238615989685058594
0.747257292270660400
0.760450780391693115
0.284052848815917969
0.244571268558502197
0.286551117897033691
0.554506182670593262
0.231115296483039856
0.245418280363082886
0.310907721519470215
0.754217147827148438
0.263839960098266602
0.268517702817916870
0.751845121383666992
0.707692563533782959
0.749227404594421387
0.756865441799163818
0.302254945039749146
0.689400792121887207
0.703117787837982178
0.754928648471832275
0.399552285671234131
0.242048278450965881
0.729347527027130127
0.256727159023284912
0.236684098839759827
0.766075134277343750
0.751298308372497559
0.235382065176963806
0.277156084775924683
0.722053408622741699
0.690335154533386230
0.572997212409973145
0.239604040980339050
0.316650182008743286
0.242376238107681274
0.748577535152435303
0.362642377614974976
0.232391223311424255
0.756045222282409668
0.751292467117309570
0.745440721511840820
0.762856721878051758
0.765586376190185547
0.267859280109405518
0.757492423057556152
0.747310578823089600
0.243937492370605469
0.293626278638839722
0.763268291950225830
0.238722875714302063
0.745229959487915039
0.730524539947509766
0.243484541773796082
0.286112189292907715
0.243569597601890564
0.237272202968597412
0.752904713153839111
0.435768246650695801
0.728852272033691406
0.771381378173828125
0.616339981555938721
0.249794930219650269
0.573615550994873047
0.741064012050628662
0.747264206409454346
0.256411910057067871
0.235245943069458008
0.707167446613311768
0.728474855422973633
0.238992407917976379
0.251728802919387817
0.246994495391845703
0.748427271842956543
0.757544100284576416
0.763485550880432129
0.750342845916748047
0.262649357318878174
0.291983246803283691
0.760094761848449707
0.358788073062896729
0.242857694625854492
0.291393816471099854
0.760071754455566406
0.748566508293151855
0.711955010890960693
0.768903732299804688
0.664501905441284180
0.735507488250732422
0.737863123416900635
0.230621680617332458
0.713022887706756592
0.734046936035156250
0.261281341314315796
0.638534665107727051
0.767318010330200195
0.243023425340652466
0.256024956703186035
0.233884692192077637
0.766136705875396729
0.275179386138916016
0.231428414583206177
0.236769318580627441
0.285000443458557129
0.759417176246643066
0.254978924989700317
0.242137551307678223
0.244527101516723633
0.326572805643081665
0.673530042171478271
0.279914170503616333
0.761847734451293945
0.762388229370117188
0.765869081020355225
0.742507696151733398
0.235638946294784546
0.747666656970977783
0.237406343221664429
0.236859455704689026
0.369374305009841919
0.749430298805236816
0.253268688917160034
0.235367178916931152
0.758004069328308105
0.245481207966804504
0.441538542509078979
0.251611471176147461
0.266487896442413330
0.512505710124969482
0.759536266326904297
0.675129413604736328
0.247292011976242065
0.750087022781372070
0.249069079756736755
0.241576641798019409
0.234576314687728882
0.237055167555809021
0.768543541431427002
0.643390417098999023
0.744993090629577637
0.232547432184219360
0.244557544589042664
0.276367843151092529
0.756667852401733398
0.486636340618133545
0.728394389152526855
0.510435223579406738
0.246153324842453003
0.278212994337081909
0.760893523693084717
0.767296910285949707
0.242302924394607544
0.246922358870506287
0.258312135934829712
0.263874322175979614
0.720664978027343750
0.757751226425170898
0.719124138355255127
0.757053017616271973
0.238614350557327271
0.751766383647918701
0.237108826637268066
0.710983455181121826
0.747366726398468018
0.761652648448944092
0.733988821506500244
0.733535468578338623
0.243528664112091064
0.746733427047729492
0.245752424001693726
0.332751929759979248
0.746160209178924561
0.289098411798477173
0.755879819393157959
0.707988917827606201
0.751249253749847412
0.725881755352020264
0.773496985435485840
0.264557301998138428
0.234314531087875366
0.281988948583602905
0.743992745876312256
0.366523087024688721
0.252500027418136597
0.746425390243530273
0.767806529998779297
0.245914757251739502
0.260030508041381836
0.765777170658111572
0.729348957538604736
0.256702542304992676
0.245334103703498840
0.741976976394653320
0.750270485877990723
0.257362097501754761
0.261964321136474609
0.737615406513214111
0.740300774574279785
0.244754105806350708
0.748391628265380859
0.741257369518280029
0.441182702779769897
0.256084591150283813
0.734826028347015381
0.372660279273986816
0.661269783973693848
0.746419012546539307
0.240184724330902100
0.248727589845657349
0.321114301681518555
0.267538398504257202
0.278597474098205566
0.708545267581939697
0.246229693293571472
0.283841758966445923
0.724924087524414062
0.715672671794891357
0.709333300590515137
0.749559044837951660
0.240416288375854492
0.235806643962860107
0.759696722030639648
0.262114226818084717
0.750494837760925293
0.236627429723739624
0.243824943900108337
0.733384311199188232
0.758734703063964844
0.772718846797943115
0.385084807872772217
0.425647556781768799
0.723314940929412842
0.775626242160797119
0.741437554359436035
0.553055584430694580
0.248389303684234619
0.252097219228744507
0.639026999473571777
0.253872871398925781
0.757623910903930664
0.303837716579437256
0.288402557373046875
0.245989546179771423
0.267719984054565430
0.252034068107604980
0.744704842567443848
0.256346523761749268
0.408868253231048584
0.750533401966094971
0.737787365913391113
0.262657165527343750
0.738983750343322754
0.689471483230590820
0.295547962188720703
0.237047076225280762
0.725052356719970703
0.749813079833984375
0.279088497161865234
0.708355307579040527
0.253558635711669922
0.762064278125762939
0.319123357534408569
0.759192645549774170
0.600598394870758057
0.767516434192657471
0.258339583873748779
0.731722235679626465
0.750197410583496094
0.246388792991638184
0.355247646570205688
0.708011806011199951
0.252593845129013062
0.477053374052047729
0.760769784450531006
0.717949390411376953
0.700843095779418945
0.766045570373535156
0.727373898029327393
0.763989508152008057
0.741635322570800781
0.280566006898880005
0.711453974246978760
0.698861896991729736
0.256538242101669312
0.247128918766975403
0.757886648178100586
0.366721600294113159
0.733931243419647217
0.724268674850463867
0.750490069389343262
0.748500704765319824
0.240974038839340210
0.248253911733627319
0.289800226688385010
0.598567187786102295
0.248746082186698914
0.241083487868309021
0.440712243318557739
0.235390529036521912
0.567619800567626953
0.743968665599822998
0.751845419406890869
0.755383908748626709
0.743730127811431885
0.649175763130187988
0.746779203414916992
0.238037064671516418
0.747760295867919922
0.287235945463180542
0.712320446968078613
0.245720759034156799
0.321473658084869385
0.750892102718353271
0.730481505393981934
0.701823174953460693
0.655595600605010986
0.609113216400146484
0.757397115230560303
0.765015363693237305
0.248405098915100098
0.693061947822570801
0.260824799537658691
0.249609723687171936
0.311205446720123291
0.245324641466140747
0.237686961889266968
0.754689753055572510
0.235977008938789368
0.710871756076812744
0.693029940128326416
0.236908614635467529
0.269037753343582153
0.245462074875831604
0.747817873954772949
0.257622599601745605
0.607045471668243408
0.241862595081329346
0.725205540657043457
0.753153920173645020
0.241185396909713745
0.745510101318359375
0.747130572795867920
0.258599251508712769
0.643050849437713623
0.741920948028564453
0.525966167449951172
0.300042152404785156
0.749600768089294434
0.267899155616760254
0.334502995014190674
0.419600248336791992
0.732598960399627686
0.750384986400604248
0.244460090994834900
0.248414769768714905
0.368830680847167969
0.257576376199722290
0.732346177101135254
0.717256546020507812
0.741820871829986572
0.238745585083961487
0.245403304696083069
0.758939743041992188
0.277993291616439819
0.241762652993202209
0.733370304107666016
0.742530226707458496
0.699633777141571045
0.325643211603164673
0.726938188076019287
0.238765120506286621
0.245769992470741272
0.758717775344848633
0.252576917409896851
0.245929628610610962
0.698327064514160156
0.754402995109558105
0.639629185199737549
0.755692780017852783
0.746191263198852539
0.234946295619010925
