"313319_313400"
0.259091690860350832
0.040535717891381565
0.516396675775799063
0.960429518575825591
0.219137699328165569
0.930171904788352322
0.165110261773604244
0.064692079828868432
0.521506258733185790
0.939272901432185003
0.827268626008111352
0.933413600366660989
0.100992634104338785
0.917686948437189565
0.764714683850603927
0.056016006699375911
0.418554363577224031
0.967493825618132686
0.339024626140123242
0.051512267196663609
0.267957071193572705
0.144424059848318964
0.018520745399251175
0.670131090125416162
0.908226636778476260
0.941399826812500229
0.594444748191393701
0.252141578043157455
0.479062596035311039
0.026803776622574216
0.059430899737619995
0.710634385577137873
0.872954771713176370
0.289885309821225512
0.772068139127947362
0.058875858208482248
0.650919151080451841
0.959131900211307231
0.650215880964416515
0.885002040637498655
0.589310060449593331
0.900070846473371211
0.650276574023903042
0.941198767713645079
0.312636357272768450
0.956292407041750891
0.214048381289233175
0.824848419249469278
0.120408023777674650
0.419545855911081678
0.959082642802462693
0.266187704844914608
0.254803706630838789
0.718405331824587212
0.885392441600056257
0.140095821473849219
0.868253910942661800
0.428400869280823049
0.637523204465503257
0.075958646480190156
0.952576003725338238
0.132754512944818021
0.835110281037487523
0.634617034777124833
0.899988141360427263
0.456042344838485714
0.248467571980668767
0.760790259136166269
0.370853293889351454
0.404055385606943263
0.886794368637066288
0.179934670321109408
0.959939355408237605
0.919695647096712920
0.750871917926193677
0.066810771616766434
0.899507012113714310
0.221858165179591532
0.886849090934939799
0.194571492736346413
0.202215442133047152
0.730403058022847773
0.588570263808150362
0.982381772259098174
0.729780595347351624
0.746007867699079119
0.789043626733193282
0.921080126731106175
0.809302260735735968
0.828849760525872670
0.439684930129290275
0.063244344868252381
0.322502560042533526
0.130289408930624545
0.903355511734378669
0.389997040269650874
0.461189786031784288
0.334749125309828921
0.742224287763588508
0.336649375243347593
0.018428490090238718
0.499771538632191148
0.715298477863748117
0.852523871425970747
0.058304298795461972
0.862883043931894189
0.656324402669904772
0.446940622402982546
0.927163543759257136
0.882949636909890367
0.879757324127731777
0.752123590827808775
0.662267091934596763
0.115633523628049781
0.095453255396191802
0.371196536568259572
0.788438577561726528
0.113225984719219713
0.751742684490037782
0.029462135268700305
0.050814361019170050
0.860203319316499293
0.860814877597286254
0.303024236052318707
0.664080223151573668
0.794874180447513123
0.112578770536452516
0.039658517401164689
0.972497691831345379
0.527146656503261091
0.941661468757940434
0.335508493162092636
0.106921495555255555
0.765876756284968985
0.019826782244715395
0.855164221976252192
0.497778104158913270
0.846885804063257863
0.738156606676043214
0.052929969767987896
0.139420621203081657
0.698235115550128294
0.949996180741524032
0.284618604435252776
0.198422482086144158
0.902286008408890727
0.532462197558985828
0.054484282571191166
0.036991728649867099
0.167645642652174659
0.717073114835543701
0.081006988836253804
0.939772750359577524
0.047375198098852496
0.149439171522581127
0.722109872999715963
0.961145067094111627
0.825029027351235511
0.729264669348100525
0.337179114082636011
0.932267998941469056
0.945262116708307065
0.136645607304798883
0.189642174424280441
0.076911899207537063
0.409899723801973537
0.360373686601706378
0.963707797237766894
0.092283716020742215
0.517952163651376196
0.892840654451127813
0.632433099736564586
0.495446212329598346
0.529495150683305882
0.499771964296690629
0.690467587511207959
0.839327803982513387
0.042518692518808132
0.926878023328469025
0.048422853030978395
0.666127182352812985
0.126455630333710323
0.847239823225070743
0.378716914599623811
0.061110887682395226
0.463806579977739442
0.317463724696523453
0.198470683907481377
0.062022629669679051
0.253352776501464871
0.811417941285098032
0.946457047546566899
0.065701540216374657
0.313292191842423018
0.131510241660199229
0.981103456939151908
0.086215492037652469
0.933416805646277936
0.300586920326958551
0.047037136849011521
0.209343273037274902
0.927526452132139689
0.942179220861344535
0.771858142729383245
0.231372162467934267
0.036389300080566282
0.907123266926611271
0.951110211096994007
0.874130808212338128
0.429866977853461063
0.147189629399204630
0.063514949145987362
0.059892932080434808
0.028977877826694861
0.046232896246584318
0.137791696359296806
0.965017077200981177
0.968768340754580293
0.029160149484925672
0.075485201801042942
0.887773523112794005
0.907344191631127006
0.559169304834074010
0.078115635168212613
0.356993277774237672
0.341528865218798272
0.034106416861586136
0.085624390288806390
0.244665619426385622
0.881337677111623807
0.215633137281021042
0.216107934377750055
0.944426520354913701
0.611301758278653073
0.878419016975261591
0.917861372889418048
0.272917774902728394
0.422082187913198070
0.541085072473497020
0.916093876416250397
0.536291518177398285
0.094737105220452561
0.817978412187578163
0.172384929177539642
0.048487647358356666
0.964970793162723273
0.907817418863077097
0.028369535359313653
0.266872072592272247
0.654294156449020892
0.659276264389237032
0.645853659267734859
0.087317688026565837
0.431089154406705088
0.057023147956518687
0.884904498086039881
0.498821803297044397
0.038868135101893700
0.853612547320952930
0.916101650389012589
0.888981886462920978
0.957395002530955774
0.929786752138166417
0.237736293443545355
0.929470233014257352
0.933589717386936302
0.056313502114712116
0.279501507186680875
0.962822881592986346
0.101804708140077554
0.775183017983675393
0.788320706402084737
0.078424212105675822
0.347678398990311777
0.067563038807435902
0.056834347271071770
0.920987219318903039
0.454778877806515547
0.918463918386919098
0.976965980538487266
0.454041448719455454
0.083915917065739323
0.438595431071659048
0.907651055517633365
0.929054134444921353
0.266423345835891889
0.075655980670410003
0.643511807188612783
0.879567514736660061
0.076787460958286965
0.125198010176388236
0.130223593025482726
0.858077475009768276
0.981491042363212496
0.965308778678971247
0.911704161707227900
0.148903792579843014
0.212639842876288704
0.941073946980273468
0.616515539708091476
0.079182970146480042
0.268355741613733267
0.946999081446739166
0.915778272783216774
0.743035357203408742
0.979459597558035466
0.511122437283085818
0.667587453428495792
0.804585642719631844
0.039028967377614895
0.603566811183868901
0.864998578396409701
0.209586330023834450
0.529001561309947577
0.959687244235619685
0.081239438561011568
0.232770991294437901
0.033479081574676120
0.977997474602392169
0.347141867963190465
0.031256477763164897
0.046269869433343984
0.314051102589218090
0.952304044843961361
0.143039117034208185
0.068328820535947715
0.082642739850336946
0.291949235408088703
0.701107747454607688
0.205675356632559037
0.962790364495867745
0.874301498186714543
0.957475500827778769
0.880783260061719364
0.033824590819384895
0.936050768182368986
0.052107091192262887
0.036696690443136386
0.726896013516016182
0.786634916701579812
0.136838413392234404
0.057182146312424104
0.946369593320631308
0.081284338683621768
0.702460932708192320
0.150512529593785221
0.197009816141081817
0.306791222269500230
0.887537182624996812
0.689152955303066306
0.074228486067469582
0.936269847431269620
0.158631479121927016
0.058180517463788196
0.025121260830152758
0.055824972804548685
0.971242191918904263
0.427300232013375636
0.833229761909953126
0.020993519798598717
0.079879552772049431
0.181288578206512452
0.900031541569787152
0.357078823380624022
0.838419284420796385
0.596837370040339321
0.159591585608082454
0.246156098924872807
0.947119318141395827
0.964221370853829418
0.100660579825458896
0.129672589663709065
0.127750920808649193
0.248146507259421972
0.712798165257676364
0.942712767370501914
0.805151098296971401
0.909872144968882357
0.046985307297155152
0.907765279007543557
0.049142088032947090
0.837918426547034523
0.872717955017130564
0.939545339104639665
0.797211471721743004
0.842210963446976213
0.096715841762559082
0.783300793330443446
0.052556353220527104
0.305170511842950132
0.838794032172491488
0.313962843378549128
0.867831125481301036
0.692063375127550007
0.942050571031076589
0.719990528389775952
0.978953070028714456
0.280639040736982148
0.065116917528185353
0.305087412241364930
0.918107614701400676
0.570460506302667980
0.168664767473567762
0.775299994817958305
0.960426468276187717
0.075157092397782649
0.149121780484332361
0.955835000291549108
0.577706552731620082
0.165957132423212722
0.115907499638057368
0.837875709384031553
0.890314208783401395
0.165259003458294279
0.242957776327623998
0.762136034413093966
0.704926264517982348
0.148862079768403432
0.900558525442084479
0.863176783015981774
0.369879250008040950
0.155947075801659701
0.884457999708192943
0.190043882629075456
0.397161260810903416
0.888388816692219918
0.047607900414246299
0.141075472955754760
0.666116493952145117
0.239890127381623464
0.231860488177803192
0.795144668804077526
0.117376407825505791
0.325803391462703040
0.786178242394828919
0.663583750717899656
0.719483815744119903
0.921738727431502536
0.079790982233199886
0.062840735156723976
0.939148681652352213
0.213522451664310109
0.817541922617522565
0.042286500450485827
0.073508723132239162
0.817723563471224657
0.917994019258514649
0.968881078812397822
0.425280503768296680
0.322644730398410240
0.756115386633751885
0.980708359807185515
0.807909007263776124
0.584197093279083979
0.081810612276703248
0.170644648447115077
0.685673435588297298
0.142284097097930856
0.892933572651589014
0.243792989323339648
0.457792747667718714
0.063804216923897178
0.180247582761724784
0.102972433259405374
0.941395594972415428
0.182160325693667552
0.504739328026310607
0.920560497923724408
0.752915618245744378
0.166000856044252715
0.797814732851397590
0.783326050810801311
0.292155606456777350
0.058727594935663263
0.894922386005678527
0.887954593074397946
0.315687789030488386
0.579006110075275915
0.210293111563562507
0.936149162892803144
0.290661810952228594
0.970664413318306774
0.601458748372752927
0.964376165249270723
0.176456504232981259
0.855072593607434595
0.886264666982198857
0.122037437615972258
0.502978542783381166
0.551582748502993381
0.115558313262988974
0.689555572297495423
0.941321836203803497
0.785315147124399870
0.661638169215357563
0.961428748556160229
0.742724526325886703
0.934907738423387702
0.955494940959199623
0.353799151480061080
0.544271834172763369
0.786728766228223519
0.168302770531640833
0.115410453225838802
0.933383858203467920
0.292576548875071840
0.747508433447225618
0.871182025922415004
0.926876035551657096
0.945726747069338569
0.050634439617952227
0.199152251418517834
0.303500151391406292
0.626971660309460055
0.087247898314650046
0.053995314883979066
0.456192608874544325
0.027187975976435842
0.715355539238977878
0.857235128927619217
0.927008905048655851
0.919638314037909854
0.814124560386079610
0.564694806906875679
0.913541626151751718
0.078788074028066563
0.823575729295822567
0.545187521016540666
0.599883104224959274
0.090447843365577194
0.490327410275971820
0.882090781833877902
0.751922821372229544
0.643195609979101524
0.602940913944283507
0.635389592551299898
0.887424945974093049
0.966636866221206259
0.120594487086617866
0.561968333375096663
0.217914633972441291
0.166892021532591972
0.307877819904797234
0.111822549558366402
0.033688818695448243
0.928269947598115874
0.057562543028130159
0.750041983406313451
0.602258102322780542
0.055981506169285093
0.215659890572771268
0.073599000504962250
0.864634480839181707
0.181184783486813827
0.851570636713201656
0.105272880746520150
0.818087315824954087
0.892255580815064731
0.094385636259047306
0.904431746892479405
0.882141708192334062
0.179382629618601741
0.492793450200087302
0.937805855280796963
0.616266680564855895
0.469402480188372995
0.806956774203057337
0.120942394986498072
0.733854726427257020
0.794901805181434828
0.767701446109580021
0.873263852058470125
0.069182903579201635
0.127516810987979706
0.659485665933460585
0.114726967678689964
0.890119164728667256
0.702561545672141130
0.813733961988260757
0.086564206557422280
0.098343471736900889
0.973533137902691026
0.277971381739173906
0.056480144476213863
0.763146536649402685
0.930994108140741128
0.843656999799083485
0.331530845929134788
0.597535037324380847
0.043957229865465429
0.091432350122182593
0.952693990248003830
0.185925029770405786
0.112086593706853491
0.715011070160712192
0.812090265122540345
0.356672878453439757
0.900973539592129335
0.919520499473223007
0.027173104024497574
