313325_313342
0.27173328
0.10769796
0.35397312
0.8536211
0.36568752
0.94233674
0.1985288
0.21041805
0.43480113
0.8803781
0.8762159
0.93167067
0.51707476
0.8102294
0.86476743
0.096315585
0.1675022
0.90657985
0.64406765
0.104568236
0.6168931
0.098929435
0.10408633
0.7626014
0.8844852
0.85824513
0.08955636
0.32666114
0.6715054
0.0844508
0.21750979
0.75904626
0.74156904
0.3320037
0.60761285
0.4304546
0.6516546
0.9433529
0.71878636
0.78444856
0.8147975
0.8886328
0.8600252
0.7444046
0.49711847
0.9183234
0.08153961
0.8715115
0.7191197
0.1107454
0.6740554
0.22134717
0.8094615
0.8056308
0.76719517
0.18844555
0.7900016
0.10048141
0.65808624
0.12634967
0.8418213
0.42090946
0.3987354
0.5448014
0.96047276
0.47535905
0.103816316
0.5082872
0.47105622
0.7905648
0.7469057
0.09602614
0.8944299
0.7912064
0.6619354
0.14882305
0.7681007
0.13835931
0.95167655
0.10473633
0.46594736
0.75050896
0.12688065
0.8088946
0.66898596
0.33618614
0.8593271
0.36356652
0.7149217
0.75402623
0.688873
0.15175945
0.532671
0.442054
0.76551765
0.45923313
0.22562744
0.23785065
0.69077164
0.5728911
0.08668345
0.60764235
0.76313823
0.85459197
0.34462413
0.7840367
0.44261307
0.65874267
0.96241784
0.68268716
0.91036004
0.63234466
0.86370116
0.088041976
0.06613662
0.39615884
0.85833144
0.2405988
0.84470457
0.049148533
0.05370931
0.73439294
0.85960567
0.5466459
0.4290123
0.7438907
0.3318153
0.07554382
0.89437044
0.20829579
0.92867994
0.52697784
0.30565247
0.9254612
0.057206497
0.816808
0.77839077
0.72338176
0.864231
0.16112593
0.15883073
0.7841704
0.9132407
0.07386553
0.5562514
0.7191683
0.25901243
0.45173934
0.064717434
0.4084815
0.89823544
0.049264308
0.7064371
0.07621858
0.124014445
0.682856
0.8881704
0.8754851
0.3039664
0.903576
0.849963
0.84053415
0.54908806
0.0717457
0.15399015
0.33563805
0.20196885
0.9059881
0.4365856
0.35760033
0.90259707
0.79173213
0.40869257
0.24107872
0.52818835
0.8978911
0.6008446
0.29801148
0.6167859
0.1385209
0.84638625
0.67934906
0.87588847
0.27983913
0.19995017
0.67472917
0.5253009
0.2707873
0.097466774
0.1712258
0.81703115
0.8960856
0.030495513
0.31692964
0.43593058
0.8534076
0.07354456
0.8517836
0.31441244
0.115405194
0.125732
0.85649204
0.827632
0.46159792
0.09254138
0.06917729
0.68656474
0.89536875
0.81713516
0.264013
0.05876772
0.26436234
0.08952126
0.06253911
0.13589427
0.40734398
0.7708183
0.94923544
0.07506749
0.25625992
0.505423
0.8094619
0.6767042
0.13878763
0.3715851
0.28766587
0.44615656
0.2290609
0.17600775
0.82309264
0.4141499
0.3637285
0.7978911
0.7577428
0.46061742
0.86930525
0.2890294
0.5931022
0.1791102
0.91927475
0.7684221
0.4080052
0.96140605
0.25615782
0.09576622
0.9353429
0.89864004
0.092694454
0.13407257
0.7103505
0.5833062
0.40964177
0.1558667
0.29996702
0.12637305
0.70173615
0.4152482
0.36548567
0.8149827
0.74015075
0.90314853
0.8161535
0.8324323
0.35998878
0.876339
0.8824948
0.30660167
0.6368873
0.7180388
0.0589565
0.5203063
0.27052328
0.08423841
0.2762704
0.090834826
0.56787026
0.8005504
0.089012474
0.7408807
0.8899634
0.34824
0.14194945
0.11289649
0.7596712
0.88496506
0.1556584
0.4647041
0.85467196
0.8266151
0.082428426
0.08938551
0.13142258
0.847865
0.8411601
0.5157446
0.7898123
0.31596082
0.8144599
0.78603905
0.4334553
0.22306967
0.10079179
0.9063886
0.68693554
0.66863304
0.95261115
0.27523953
0.45482057
0.64051694
0.17618254
0.79145414
0.88625354
0.119354516
0.5274831
0.9373037
0.17222609
0.31608167
0.098218694
0.7690601
0.20578629
0.1374172
0.05561039
0.4244179
0.90254134
0.60542905
0.15259607
0.1060458
0.49628618
0.8727377
0.14704679
0.9654925
0.8455535
0.84179294
0.76746476
0.1703747
0.9106654
0.083842136
0.084540315
0.5205767
0.62808865
0.08564991
0.093960345
0.932413
0.47594908
0.7076134
0.13123783
0.6602901
0.7117553
0.8670749
0.7465895
0.41272867
0.8906763
0.6158579
0.25254455
0.067315415
0.091210715
0.9373031
0.48859537
0.86684644
0.06156857
0.4748813
0.48735842
0.74429554
0.26501116
0.8823113
0.81647456
0.2458343
0.2514425
0.8488883
0.9358065
0.118568115
0.041725054
0.42585355
0.40055156
0.8874933
0.91499823
0.84027827
0.72802943
0.095171414
0.9324968
0.1733669
0.37256885
0.75892276
0.91345507
0.37042415
0.7471746
0.4575476
0.74348974
0.4108002
0.24906465
0.9152825
0.4053727
0.9049566
0.64715946
0.94151896
0.47241813
0.8064675
0.5981804
0.2200958
0.44787374
0.825414
0.4812702
0.37558916
0.6236122
0.9291029
0.48073906
0.28497696
0.94004875
0.50144637
0.18226738
0.15158902
0.74459505
0.8610235
0.12175438
0.39038792
0.6104018
0.63729954
0.1992627
0.8910845
0.8270968
0.81343305
0.32278097
0.7104602
0.25824293
0.39856842
0.81210124
0.3334296
0.4274296
0.36935794
0.51543933
0.4717135
0.65020967
0.18754958
0.07915327
0.5618263
0.4731009
0.677337
0.8869826
0.14088233
0.32311252
0.94318604
0.14643073
0.72432667
0.07805961
0.29578254
0.86528695
0.87906283
0.8164908
0.18923813
0.5613086
0.3324027
0.82099783
0.78025603
0.44185135
0.11423416
0.3334047
0.36383888
0.19145754
0.80332017
0.26478583
0.27120987
0.08174566
0.101223506
0.6530773
0.8946423
0.09736173
0.43471777
0.94487065
0.7809189
0.15558855
0.5353723
0.5158668
0.18682219
0.12470198
0.29819837
0.9028891
0.3021329
0.6386083
0.30879062
0.8768736
0.5600776
0.93876976
0.5632544
0.87269753
0.47838023
0.5541208
0.75568694
0.08664105
0.34146255
0.7142495
0.23105095
0.63145715
0.82340723
0.6467666
0.67259264
0.6900476
0.77419394
0.8009465
0.78360474
0.56608695
0.25139275
0.37426284
0.3376473
0.10621944
0.7008016
0.14456706
0.8103593
0.84800655
0.89362717
0.9037262
0.096695006
0.43888053
0.8563584
0.27963215
0.40706587
0.12436025
0.26966524
0.100945115
0.885112
0.79325837
0.80899
0.71464896
0.78814733
0.65061045
0.427958
0.11646815
0.9295972
0.5811598
0.64743286
0.20238245
0.5458374
0.8025094
0.80663323
0.34902066
0.53441715
0.7176108
0.86239445
0.90674216
0.27684996
0.62547916
0.22035532
0.34139284
0.07365216
0.6769351
0.0849018
0.8952483
0.09601655
0.7791043
0.13481727
0.17365639
0.79067194
0.31253603
0.665104
0.12991169
0.60428786
0.6815282
0.41981328
0.8787941
0.1657948
0.7618726
0.6802692
0.4454209
0.3556809
0.6115323
0.47921878
0.3955907
0.95861745
0.3667217
0.89323133
0.88373154
0.48691198
0.71474916
0.09610584
0.29284102
0.34884614
0.18988825
0.9276039
0.5377654
0.58294237
0.32967892
0.4371249
0.8159103
0.16756122
0.102035396
0.8046187
0.80413175
0.88428193
0.49141136
0.339481
0.07822126
0.09647052
0.9428378
0.60085106
0.14126995
0.40476552
0.852055
0.30990377
0.90629923
0.8802394
0.07274461
