313343_317028
0.3663423469972051
0.14370320032574513
0.4971273174449031
0.7686235237384381
0.4121243411895658
0.8795226423640202
0.34134214943687
0.1493374419535073
0.46811798547011835
0.8345713801045633
0.76311499943771
0.8223408581526586
0.3262247250669432
0.6793354780338021
0.6855442148037562
0.18018192997685184
0.36480243136515134
0.9184143691191815
0.49248819017932555
0.17420368924685511
0.44134230559946863
0.26315896383044945
0.1704886669724685
0.6098606871780977
0.6892526008394497
0.7935504116485997
0.43878281965787735
0.34548924388169894
0.43709924775107784
0.09816020098248694
0.18859109316952005
0.5692765217627721
0.6788020514279705
0.5047489985787716
0.6117384332794605
0.38493278321725727
0.5656305646523954
0.936911572028631
0.5793255541159995
0.6493891912741699
0.5667957056405846
0.8011318782010759
0.6187393286154245
0.7049377845372713
0.5018900055765445
0.823166944471259
0.22501520758279434
0.720240739071587
0.34489923755787055
0.3243784719471595
0.8730257688892249
0.505629172099739
0.4858756350590754
0.6028137463760089
0.7364506604561731
0.21827164548070227
0.7441119769332322
0.20121048492454358
0.567834844426343
0.19469675626420688
0.737376929586499
0.320233964724866
0.398659863023426
0.4553138470747371
0.8346342332754456
0.43078122425435894
0.1593627825026481
0.5583103031717079
0.46143631136748936
0.7850540934606496
0.7428651385774412
0.22687176504629628
0.874906462583602
0.7262818399589706
0.6057983957386642
0.2778005706966998
0.7273173208085318
0.3117447040888217
0.799274382403979
0.262668609457672
0.35728995505790506
0.7155385869335082
0.40102364194645956
0.8929846900380121
0.6916861693506
0.505087952494595
0.5235250842888997
0.6034549529299217
0.6098294394830492
0.6341338357866477
0.5228708488944189
0.10787408478493131
0.4225036197756822
0.43233330046777346
0.7263588829203853
0.3675201868514088
0.4149204614034853
0.35654063567352823
0.7250424103092883
0.5388177407260968
0.172807405230882
0.4858671909719666
0.6111619834548676
0.7634420996347455
0.41605322950703194
0.6114061670146046
0.5861644438932679
0.6398128459942379
0.8829215098812357
0.6874842975797053
0.6735946321754566
0.44229939812530183
0.6431119455959496
0.24785984152859802
0.1910911882392089
0.2840702228348584
0.6737251545631068
0.22143934978505295
0.6483211875368845
0.11871949192583738
0.13516146828505612
0.7233378990467989
0.7708969539152224
0.4617404726070873
0.6418027176627394
0.6857756154072409
0.34829722868601387
0.0901284837508368
0.8882955574156746
0.41321125156159255
0.8450148532937479
0.48025885037023536
0.2880292309855549
0.7223183344335836
0.1711147036363168
0.6935046341066604
0.6361635150655613
0.6876885363716567
0.5790789599712284
0.2040176499501637
0.38650644650276794
0.5843751013646281
0.8490889284941795
0.28653988443087697
0.404403703655345
0.6882890245418577
0.4834964374725541
0.35622023261204144
0.2197207428485297
0.4373054610256118
0.6709499137259102
0.23084533060240972
0.8205996044672473
0.22087276929493993
0.19139721445189534
0.5234651333099668
0.8422021897734788
0.7970034799708531
0.39402046193925605
0.6415510530065258
0.7126220321124525
0.8656249468351648
0.536899168895921
0.1585333479498963
0.18438472335455447
0.41138586503201646
0.41559609649588763
0.9252546152379728
0.38609623782203967
0.40298064248296517
0.7519093111045475
0.6465249934049325
0.5460593331428402
0.4187519685619412
0.4320023501902279
0.7302226109871031
0.5971660048004205
0.35532288112151283
0.7034043872980741
0.23532524601425775
0.5877263551278641
0.5292485236139021
0.6855444694080884
0.4464186817457977
0.2218663945837963
0.49482915444066733
0.38896037892594604
0.3646199916341995
0.21551002330119845
0.2503975796897445
0.648624184931006
0.857126120043806
0.21737194344558255
0.341729701651421
0.28239038061885857
0.8784956615124386
0.289277579535262
0.7628560530340611
0.2613149549640107
0.25264797990639026
0.17380942676825922
0.7758373772411051
0.7799504027715074
0.7059083740239427
0.20766887448562768
0.09108610284391534
0.7270557658426722
0.9205754317756547
0.7174385574114779
0.2827366855427962
0.1753600486830695
0.36023828350782
0.2750382209359682
0.22394542617394184
0.20605972929479816
0.3376782880182896
0.8719889120370371
0.9199288009206081
0.11841000165343914
0.298250368977953
0.6193409694941189
0.6915622596101334
0.5093926066001726
0.21525054860494788
0.5964241533157917
0.34847133942262637
0.17672947692968513
0.28404928467152846
0.3251536324844289
0.7144015260792276
0.3709087181488723
0.34906137106979473
0.6809661532848916
0.5400524225374701
0.6287994430598262
0.7867577918320107
0.39707883363581387
0.5206951630428541
0.399726618091351
0.777855823356805
0.5318840962865049
0.38255835468066807
0.8831959583960252
0.4102652885394553
0.24045396046878567
0.9263593559358828
0.713748332474082
0.26831093891026203
0.30544607750173847
0.6334403986938903
0.6141630754871178
0.47351179284518163
0.35086304327641044
0.44816154888100257
0.2400436085295637
0.7729010203137219
0.4467008792860972
0.25089150603121635
0.7009784099425245
0.7495151612543731
0.6943433451799612
0.9035080086352749
0.8645777442056258
0.2823612959823644
0.8358097408234125
0.8460554836251166
0.3821196748643167
0.4594700574894374
0.6677932208087541
0.1448659931743637
0.5785480307409507
0.4415158808642709
0.10005848458651866
0.3779373370798168
0.16835656274510666
0.4061511337901173
0.6611118440015301
0.29158564598797926
0.5725917685080721
0.8710705755122118
0.503351647378565
0.24410992955470853
0.3107407030417589
0.6742856221472333
0.8691910135582012
0.28769933963474115
0.311418628663904
0.6037131864830152
0.6371204224931423
0.1817187189980159
0.20967966115655592
0.31092780872552667
0.6613321760065695
0.9238374898191735
0.7550650605401943
0.7919089392586893
0.340399057658979
0.5721403085002981
0.6830916312052105
0.5113837642127289
0.24446701922606892
0.2167764724981491
0.8007460804160627
0.6395814031667995
0.6191515173117259
0.9440489159639551
0.3720522871588243
0.47652826864508213
0.6233539111998836
0.20740916390990116
0.5482471687094878
0.8375751391725008
0.3393754539395361
0.48198030405595066
0.928734798301779
0.2234171458218179
0.4184879466124986
0.18080342224218507
0.8175309406761344
0.41389241004995214
0.15844919253890072
0.16588211604807265
0.5402432413071515
0.8590327218102829
0.31424910858299315
0.29604527541962283
0.15644986836586058
0.373538318459703
0.6866483842183794
0.3046850863960199
0.933221751368926
0.7643599532903438
0.8680657500413361
0.6807212540369714
0.22020710822605988
0.8554727829448078
0.1675257089186544
0.15568453157478573
0.5305088198639164
0.6482385838241577
0.25134557123685874
0.18881960002871984
0.9109506803941565
0.30484476304405317
0.5196494020971532
0.13744155043762726
0.4051246235755823
0.5276326918880009
0.8086585528273811
0.5522259820652456
0.3355702892731846
0.8754958348543758
0.41360018994242365
0.21233309978797746
0.11653072787979442
0.19270395619059855
0.9483980189732144
0.3999976267408367
0.8140459234457673
0.09388900589066215
0.3455238661716506
0.2974812705814675
0.6059641682413267
0.4083209966999011
0.8121855926880097
0.5643831693406401
0.37161795237885537
0.36363667919057235
0.7493050061525746
0.9422054794492225
0.18717561519476233
0.1464115974289022
0.5672298318521959
0.3740573211461057
0.6652460695333542
0.8287301908020395
0.7468858084890089
0.7592068078538198
0.2746023047423082
0.9013155504478114
0.26436345891855517
0.647182322315792
0.768335215872781
0.8076159697194708
0.45079525830560824
0.7645575866135269
0.3751426941842809
0.7097537575973203
0.3416367436852727
0.32595946317435925
0.7124222850328279
0.36743348979434604
0.7306535188433043
0.5717880258934777
0.8462598032558822
0.6495471677185126
0.8613091194813836
0.4015211634175164
0.21605738938550487
0.42332556651919295
0.6313060890291144
0.5106316544833532
0.43161033958296835
0.6946872070616197
0.8720350497599989
0.3429661892364684
0.27435031420827904
0.9028996930803574
0.5125146891530367
0.4033526439024592
0.21966241471771242
0.7453324881306014
0.7425927828808465
0.29535285276261086
0.502038728493196
0.5980531149039526
0.6270890968958451
0.3917159928793854
0.761633582382606
0.6798937078473062
0.5604559291602954
0.34751736244502474
0.6179963612880179
0.2295309259019764
0.5127750167329455
0.7088072018374542
0.3147148013112979
0.4184533886279879
0.4393373426154997
0.6078472648138245
0.36994103434017034
0.6883257772791765
0.22498361297629718
0.2658401397308935
0.6197587938309224
0.589783321427935
0.5012373243489319
0.7730313587849809
0.347720367926709
0.17378937508857412
0.8679635390979337
0.3771539462463939
0.6546440305397484
0.13139634123291385
0.26520088409778114
0.7316048336011798
0.6662133080053803
0.8839116441999325
0.23053201580621932
0.45067260551409527
0.6733058820346329
0.854505781004679
0.6884761478857823
0.5854244780611295
0.2759153320616441
0.2584141844716833
0.5053406871168394
0.3163477389477863
0.7334760628195409
0.3357797962927011
0.41182707890551457
0.2331710731151666
0.1782633272321819
0.4728642578054407
0.8007559831056816
0.17395557754440993
0.4974046058531559
0.8599650090939153
0.6381419777690953
0.2548637898357077
0.4613643433775519
0.4680237890636823
0.35307191391327064
0.24179040721603004
0.557403199233903
0.8331363626815376
0.40703462938115664
0.5333759326945802
0.3557395347984388
0.7692746511318056
0.3570838428892817
0.9124810289745321
0.5716916873204737
0.8257455430401704
0.401320508854879
0.6547616223276359
0.6113258694977031
0.20173966575055824
0.37858084576525064
0.677873004947078
0.2932814925499696
0.5613097336914996
0.8468066106929126
0.716871914681642
0.512853653109244
0.7693727538514781
0.7018607760616469
0.717821315655553
0.8002774767648226
0.49001907927007643
0.4920518751406865
0.4676782866565685
0.3716133185121877
0.1696307263021953
0.6374667559918195
0.23011075556571473
0.6705811282381221
0.7535104514486713
0.8403585048027749
0.8261461921603507
0.22719370312832868
0.4254660789055449
0.4351815870221424
0.39233719184684146
0.34175396436850386
0.22939477995583968
0.4414196240358136
0.1172727226122033
0.5601546063223969
0.7405492977795674
0.6688600215374755
0.682424221853861
0.5806099333383407
0.5426789314028998
0.6323672138739103
0.26188483078560304
0.8538341308347309
0.45543769023448794
0.6417493549318588
0.3005298443685692
0.5676104564972585
0.7591918241309832
0.6566735824357384
0.5227700399379693
0.5588513257420538
0.6283579695095256
0.735393445690687
0.9458519590861645
0.3699109598372324
0.5469583691468511
0.2498184388188988
0.4356359893766535
0.3124661341862648
0.3291387764958532
0.1421929464627721
0.8636190250698169
0.22370388280156642
0.6081203273591638
0.5317555874218124
0.22497568321925354
0.48480395094780404
0.4424965653267754
0.6544682708856407
0.21353824251191866
0.6950614770808643
0.4514646212532001
0.537197065890095
0.7388155704855847
0.23773796997176166
0.7176738416560716
0.6030437676223536
0.4756870155146078
0.5174425787931036
0.6975746896082983
0.4580184000666896
0.42760907834334133
0.7277540600549123
0.34195203015709663
0.5081416531705765
0.8055044573482278
0.6229805958768151
0.6321896101112896
0.226849109285592
0.37148860349305757
0.4035879627197859
0.2907279657663988
0.8092844814129332
0.5717559032985176
0.5339473865637873
0.38815555371189275
0.5038920998461718
0.8874525381415713
0.28009425324523374
0.2594587971074363
0.5920740824804032
0.6334218647207001
0.786082426268519
0.4438343976296937
0.45468957635756985
0.12466646361103373
0.27297545124098443
0.847582280590561
0.44978491641832125
0.23338221286728822
0.37145413207183153
0.6734596209798287
0.3565705336423127
0.8354733951306218
0.7814878959438691
0.10797467654596561
