313343_317028
0.002621006889679043
0.0005268832857875833
0.6621762893297188
0.9994112043891438
0.041827881106329366
0.9999082818004364
0.010010292340022837
0.0032919937862608776
0.41075268812208793
0.9998562015898093
0.999673821561355
0.9963073002872542
0.016693420975909104
0.9682877504842343
0.9972115216432547
0.0002888435277699296
0.19470014417129816
0.9996977826889735
0.046956495662661454
0.00021820989434506054
0.6330462976584597
0.00011415868875324063
0.002041205796149551
0.9367553123129867
0.9964381729012518
0.9999468793152465
0.04855027813022476
0.005765568730502059
0.770135941575968
0.00016147457447937577
0.0015294466549527154
0.9899003663951529
0.9975858859335086
0.18013384534143842
0.9973723258263183
0.006076499168232787
0.9948703163612546
0.9999495440871659
0.9881328245891254
0.9988347075988583
0.9889245905482894
0.9996945647933014
0.9915676879260433
0.9949952794211453
0.07136712910977863
0.9996870301158678
0.0021349577255539757
0.9996602201069591
0.0007877540522418492
0.20973049708052008
0.9998038896042478
0.04092358375927405
0.09902086883713526
0.9915541902279686
0.9964406572274533
0.007858581379500943
0.9983964375147212
0.015811239978891375
0.9218859005485849
0.0041316799383169685
0.9999525732218986
0.00038918333557463907
0.7702557065449526
0.3002306817868839
0.9911879683922095
0.44334637755742223
0.008718520700647015
0.9755734926116741
0.5833990668625749
0.9891676343791608
0.9996699522669328
0.06838602635024402
0.9998082898336954
0.9918824596912502
0.9987404451548327
0.001943753778217543
0.9323828822467591
0.2157616600904258
0.9997631780414881
0.02968436344668979
0.24925977450564715
0.9803679771367813
0.26603099016662257
0.9999840128503096
0.7312843441799285
0.8411959658689748
0.7142167057706564
0.9738409378031446
0.993950260351027
0.9994570688821395
0.156910442154293
0.0009767935872553556
0.0755564376266158
0.18037068343579876
0.9894171355987293
0.00028093905506445177
0.7101331474585624
0.32869398602432165
0.9891114491716757
0.8981047381589055
0.002091649974674445
0.733692083048452
0.5481709442279009
0.9976330069104715
0.0007681315123868642
0.9543881139005663
0.9976682661329602
0.9969020981096687
0.9999434339852089
0.9986077919699099
0.9953516761489922
0.9252793074918478
0.27835240452478577
0.0017235516560717822
0.00036548811965113093
0.09266976484476379
0.9522246973942928
0.006985458183505717
0.9873416433906318
0.0013875090735150429
0.0030002441460534332
0.92756739415653
0.9978816327245539
0.8199014226475494
0.931931269737351
0.9998345495787534
0.00013339902660112603
0.0010496827186234042
0.9998497840665369
0.19581386048534638
0.9998339959252199
0.1465920450192009
0.13946918159961288
0.9990247708373242
0.00040852186007355357
0.997305512233041
0.8379367592400625
0.9973112893645644
0.8672917156429383
0.005746423279868242
0.00548786514149473
0.9625057201918885
0.9999276864300893
0.0011475526391205339
0.0024644886351158253
0.9989361133736951
0.21353179311060527
0.017902426564868252
0.005455362152320499
0.06400139846182729
0.9977403042967573
0.001217085313231447
0.9981228234527466
0.0025918608762559832
0.004137211922787452
0.37102554605878446
0.9998977436795667
0.9989957235708189
0.11869396327144914
0.9316230853068209
0.9784361620949761
0.9998941284373591
0.4915242998753166
0.0032081221328560073
0.0007024614859908293
0.0009635697998653823
0.031447506971896584
0.9999814112284166
0.006446237974373069
0.023869271180673043
0.9933594368358589
0.9761509631211538
0.39346788659036475
0.1808523465108972
0.32805535836701893
0.9956243777752611
0.9178602691031758
0.0006474357707211925
0.9487140104442426
0.006003201878815228
0.9798530483503417
0.009852122070896543
0.9993002052736213
0.4514566317934464
0.0023378936231455995
0.9962986964138297
0.17207042382458776
0.006559038202325988
0.003294679340853708
0.00023665204352934512
0.9923375098326543
0.9999707884910047
0.0005268308318263691
0.01624099083665372
0.02343586011643623
0.9990551138134448
0.022398800246500556
0.9993504503444787
0.06444062404557929
0.00012912066367240085
0.002592368212495948
0.9998242388253877
0.9980240401445959
0.8007855670779441
0.051756764038590246
0.00025340162488451094
0.9703872606496532
0.9998516658696682
0.9521071145930263
0.02094659161800224
0.00023121674789001624
0.002169698612906466
0.0012230101409095846
0.00041377776602178804
7.480092153322264e-05
0.0022657726799820196
0.9999241215451155
0.9998527521957236
0.00030326228412953603
0.009087598751810946
0.999501132274689
0.9979487825649761
0.017155832616466783
0.0004863529933277464
0.06863825045290153
0.22698509402551578
0.0007108310683477264
0.008854336508322012
0.5723148782575279
0.9987943869721928
0.199178844262051
0.00022078924891396267
0.9647136354201614
0.7177432052183291
0.9770018345358102
0.9980695215906077
0.004061142204015087
0.5686804209513455
0.13330369619427895
0.9998377037879191
0.07998393905426063
0.053061499113210904
0.9994123780786347
0.05926174123020897
0.00017979827940041562
0.9998521624496883
0.9990791199343502
0.013354193775965344
0.14520090804253402
0.9883256250236895
0.41013338605191824
0.5547597862821267
0.001617479808603981
0.019701257255328106
0.0007540189734645092
0.999252512158617
0.027189244766847986
0.00021967122747499157
0.99651107402717
0.9999341348615074
0.9983967105186108
0.9999696180705545
0.9998164395556278
0.0028634491011962342
0.9971298784923246
0.9981608870017854
0.005664944970978622
0.07150482391490302
0.9985873496556813
0.0014023862587832557
0.9949075345718117
0.9529658127280001
0.00014639330824851987
0.0030672361598093707
0.00046509392508040787
0.012586084327669805
0.9830530853749966
0.13439337243960664
0.6729790624072615
0.9998916950381105
0.026286492714715143
0.016638327252611138
0.9085627131840713
0.9972999423444177
0.999833756109963
0.01033832931732397
0.0016295267141881536
0.38101704268093783
0.9879647650372907
0.008236547230585084
0.0014318810544214971
0.010685524001067613
0.9951384997315246
0.9990741968134763
0.9994134992582683
0.9982804382462157
0.03725899935733632
0.60025075967435
0.997542426667068
0.41121472342747484
0.0017447878315220754
0.009266993280133107
0.9982743111877423
0.9967095820159951
0.270883412015351
0.9997262276671564
0.0800587099116952
0.9613521803807836
0.9978140474024613
0.0029514512078689394
0.332271304955197
0.9817681609561597
0.012303040673170909
0.8801333685990975
0.9999562239513446
0.019772030339055495
0.07163288426393195
0.0002023459032631602
0.999585816519497
0.8588409724704611
0.0005056962526578361
0.00015091539409693648
0.38499463206320694
0.9997881675581878
0.0038363190178229154
0.0011248949523205033
0.00020364042009386648
0.3760923705478117
0.9950311449576248
0.0027168437197204478
0.9999017769869241
0.9997468451272924
0.9998841756546728
0.9804053961819694
8.009504689217944e-05
0.9994571833915452
0.0011764212370147754
0.00010056885521966987
0.8241055933717623
0.9978963859037588
0.005337003911691583
0.00011284359700082619
0.9994329854451439
0.0058215508119573425
0.4877681609327942
0.001740277202830977
0.00042585315156995203
0.2599884923930604
0.9963290684453578
0.7172511385858077
0.023481984624941638
0.9961013587127319
0.005407022964815268
0.001592014968827331
0.0004432529705528409
0.0020664398841557085
0.9998206582911894
0.05791406821041167
0.9971077968633204
0.00023167595148258283
0.0002007492727125117
0.0008261916068818384
0.9981323603483138
0.08600551984511154
0.9992059962020763
0.6165707647914321
0.007898587634645944
0.019879852949416764
0.9993649510575484
0.9989400014083751
0.0020018782800621904
0.00018747745553248488
0.6331530947753475
0.06037863699585386
0.9435929561283554
0.996896476716795
0.9975297459138807
0.9995857929224917
0.002230912517082614
0.9997210114367033
0.001801964102943598
0.893453322565961
0.9987603098095155
0.9997911057569375
0.8740312823232026
0.8670803734910728
0.0023722319242522674
0.9949411484503606
0.015493586334017376
0.7129048858258373
0.9908654865162128
0.011963136019958302
0.9978437598016383
0.579695667691014
0.9992458103679889
0.9760248379228564
0.9995336769489159
0.07925654633229934
0.0011564501269306113
0.20619198315094753
0.9648507402490246
0.15516312371323893
0.02453962934944509
0.99761151756512
0.9999906738096218
0.0005166431591121243
0.05871738490236322
0.9999630340714528
0.9969471868638752
0.3779475684067563
0.0004088642253159198
0.9998000078833676
0.999346105391339
0.004005832069367173
0.021067136089174602
0.9908862629013677
0.9908088264511214
0.024089631805364855
0.9990748743297942
0.999482983087402
0.9555090834193106
0.012445465252137352
0.9945451731405881
0.02131932866902241
0.7509561973614854
0.9410528505660436
0.014127696239735294
0.7488274769936769
0.4859698914529097
0.8180582018533055
0.13276896748458591
0.9531551436828191
0.004564742306058525
0.0005216107517264671
0.9935279778751741
0.7362195028779217
0.503026231821955
0.9990028442891444
0.0010079940994064838
0.0018272528737019345
0.9997529054211421
0.014349475492268369
0.9991686897354
0.00010223474817106485
0.0005379843840902952
0.9997917154258126
0.9968457418426436
0.9992259615933342
0.2502848457435727
0.7868905114764886
0.6546832832968515
0.9951808289902886
0.9991598933431601
0.6989825087744599
0.004460720028914025
0.02726939341901469
0.7895841959814152
0.0038552385121379137
0.9987881016408215
0.554298432723132
0.16634290371796195
0.0007138245646251427
0.003729767459187259
0.002722024694135251
0.9993236271780028
0.0014042012574696108
0.8717815746674906
0.9998915114990773
0.9962665901666157
0.0009790008526126808
0.9593539055154079
0.9890550221188069
0.007501690050673136
0.00599606101220298
0.9835679444691695
0.9999261841056405
0.14271694700882626
0.6159322401764508
0.011720393895130493
0.9988821795376344
0.0096608749511291
0.999937314160367
0.5190641943960655
0.9993509298468204
0.01591203180090771
0.9241500370810225
0.9261409375072073
0.0026381755336913532
0.114624484559553
0.9991913435285731
0.0036922048460412606
0.11118044049176999
0.9998466798342898
0.9857667109354338
0.9580698113008078
0.9586714915102814
0.9809704745217801
0.9996800222129529
0.9996404543409864
0.21533174323439336
0.32844417552710403
0.12227713617050476
0.0007495735968580057
0.0015984285236656348
0.9930657185055742
0.5467063306966395
0.9637540240635997
0.9974322381522739
0.9997784508099417
0.9988898445224654
0.000523149544219601
0.11382513992182623
0.8480823190365582
0.423456616491413
0.04419592738331314
0.0009662374843905034
0.17499307343864895
0.0025135132054757976
0.3977193598378401
0.9965100214373965
0.973288357832593
0.9970676898779978
0.930825055736705
0.9474049676050913
0.9959044412043506
0.0028882679923073386
0.9992080494744982
0.0056158528982270675
0.9894426283202632
0.003467345650119217
0.728015898590618
0.9997780723751817
0.9969377169090886
0.4526302365336538
0.8047223446681575
0.9630399734011708
0.9994937114220317
0.9999137467699152
0.0029911168181017446
0.9933702916638988
0.0055392913011229165
0.010962933510195163
0.006141421645027076
0.0065487051080706255
0.0006422388426820212
0.9989311967092244
0.0013512210749175332
0.9696274169241417
0.677214823656787
0.001507643095400677
0.27697657271236376
0.002696559815129639
0.9497321755974506
0.05555235150236924
0.8601644165960466
0.06879979634595806
0.7216532822697127
0.9991188755604478
0.00038681584196758397
0.9961461421462515
0.9985955020742068
0.009126296846442778
0.9488852840415918
0.9870961932097435
0.38196571498228404
0.006323204447768643
0.9990376434667819
0.01030468855879582
0.44993331528833713
0.9967033300912505
0.951395259720609
0.9543274325207957
0.0006012082520967905
0.0030006694617643265
0.700295036834998
0.004062912348816059
0.9974568610877881
0.9098381672844977
0.9937042710034762
0.0022176708610500942
0.010565581299788414
0.9995658534711467
0.001135242878786967
0.0015273621896190596
0.9607922969654151
0.9955138284051617
0.9998625636025843
0.06710894117111764
0.9533136476938893
0.0001603028679019407
0.0006929829278669199
0.9999295415355305
0.0009775460227567543
0.0016225024204575462
0.30977866348451255
0.9860062782585113
0.01718625090639419
0.9994270556461093
0.99957016419268
0.0009925885949244278
