"305985_305954"
0.3798345625400543212890625
0.2481146007776260375976562
0.4177047908306121826171875
0.6739122867584228515625000
0.5519630312919616699218750
0.7807584404945373535156250
0.4295921623706817626953125
0.2541065514087677001953125
0.4192737340927124023437500
0.7443220019340515136718750
0.7560251951217651367187500
0.7431027293205261230468750
0.4607570767402648925781250
0.6574013829231262207031250
0.6278161406517028808593750
0.2639575004577636718750000
0.4152485430240631103515625
0.7988742589950561523437500
0.5686315298080444335937500
0.2962988913059234619140625
0.5401946902275085449218750
0.2644523084163665771484375
0.2773919701576232910156250
0.6096358895301818847656250
0.6344150900840759277343750
0.6815074682235717773437500
0.3936735093593597412109375
0.4369105994701385498046875
0.6135246753692626953125000
0.2234935611486434936523438
0.2573976218700408935546875
0.6585812568664550781250000
0.6758128404617309570312500
0.4654789566993713378906250
0.6644623279571533203125000
0.4016056060791015625000000
0.5598520040512084960937500
0.7829865217208862304687500
0.6323900818824768066406250
0.6545178890228271484375000
0.6317768692970275878906250
0.7392172813415527343750000
0.6016555428504943847656250
0.6385400891304016113281250
0.4187525510787963867187500
0.6973681449890136718750000
0.2722649276256561279296875
0.6691066026687622070312500
0.3086383938789367675781250
0.2826521396636962890625000
0.7619105577468872070312500
0.5143139958381652832031250
0.4855303168296813964843750
0.6508703827857971191406250
0.6948558092117309570312500
0.3234294056892395019531250
0.6941458582878112792968750
0.2556856572628021240234375
0.5887930989265441894531250
0.2358896285295486450195312
0.6936731934547424316406250
0.2866078317165374755859375
0.3847141265869140625000000
0.5569724440574645996093750
0.7558784484863281250000000
0.4418281912803649902343750
0.2682827711105346679687500
0.5538333058357238769531250
0.4854025542736053466796875
0.6853324770927429199218750
0.6341643333435058593750000
0.2711120843887329101562500
0.7391741871833801269531250
0.6881896853446960449218750
0.6276715993881225585937500
0.2852368354797363281250000
0.6984913945198059082031250
0.2927567660808563232421875
0.6894236207008361816406250
0.3171136677265167236328125
0.5264447331428527832031250
0.6549580097198486328125000
0.3172808885574340820312500
0.7773627042770385742187500
0.6516141891479492187500000
0.3964087367057800292968750
0.5589889287948608398437500
0.5828728675842285156250000
0.6213335394859313964843750
0.6589261889457702636718750
0.5753115415573120117187500
0.2379034310579299926757812
0.3948095738887786865234375
0.4383649230003356933593750
0.6736128330230712890625000
0.4375979006290435791015625
0.3623358011245727539062500
0.3703283071517944335937500
0.6530451178550720214843750
0.5749193429946899414062500
0.2261342108249664306640625
0.5850517153739929199218750
0.6519200205802917480468750
0.7235096693038940429687500
0.3804456889629364013671875
0.5563863515853881835937500
0.6090973019599914550781250
0.6396059393882751464843750
0.7728455066680908203125000
0.6143988966941833496093750
0.5871676802635192871093750
0.5562631487846374511718750
0.6222209930419921875000000
0.2912550270557403564453125
0.2432897239923477172851562
0.2971555888652801513671875
0.6554723978042602539062500
0.3401567041873931884765625
0.5504664182662963867187500
0.1935576349496841430664062
0.2345159053802490234375000
0.6506145596504211425781250
0.7268680334091186523437500
0.5546571612358093261718750
0.6238087415695190429687500
0.7005274891853332519531250
0.3469242155551910400390625
0.2210060507059097290039062
0.7529852390289306640625000
0.3940579891204833984375000
0.7551348209381103515625000
0.4448356628417968750000000
0.2857605218887329101562500
0.6492021083831787109375000
0.2471214979887008666992188
0.6995681524276733398437500
0.6389866471290588378906250
0.6539779901504516601562500
0.6201343536376953125000000
0.2432523518800735473632812
0.3316497504711151123046875
0.6073809266090393066406250
0.6923233270645141601562500
0.2782921493053436279296875
0.4044418632984161376953125
0.6184505820274353027343750
0.5712543129920959472656250
0.3783216774463653564453125
0.2568459510803222656250000
0.5638287067413330078125000
0.6874255537986755371093750
0.2545475959777832031250000
0.6834391355514526367187500
0.2749319076538085937500000
0.2663331925868988037109375
0.4829846024513244628906250
0.7362027168273925781250000
0.6843152642250061035156250
0.4641483128070831298828125
0.6836075186729431152343750
0.6551843881607055664062500
0.6713408827781677246093750
0.5986891388893127441406250
0.2219275534152984619140625
0.2442168593406677246093750
0.3733662068843841552734375
0.4513098299503326416015625
0.7629370689392089843750000
0.4287313222885131835937500
0.4128199219703674316406250
0.7256944775581359863281250
0.6183274984359741210937500
0.4629156589508056640625000
0.3662893772125244140625000
0.5244766473770141601562500
0.7643356919288635253906250
0.5856079459190368652343750
0.3937768042087554931640625
0.5938561558723449707031250
0.2785719633102416992187500
0.6012896299362182617187500
0.4340145289897918701171875
0.6406897306442260742187500
0.3667952716350555419921875
0.2902030646800994873046875
0.6295380592346191406250000
0.5163546800613403320312500
0.3710024654865264892578125
0.2898401319980621337890625
0.2498253583908081054687500
0.4942820370197296142578125
0.7526389956474304199218750
0.2545801401138305664062500
0.3203159868717193603515625
0.3974245190620422363281250
0.7487341761589050292968750
0.3149001896381378173828125
0.5859329700469970703125000
0.2717106044292449951171875
0.2899350821971893310546875
0.2713629305362701416015625
0.7252168059349060058593750
0.6904063820838928222656250
0.5936651825904846191406250
0.2663507461547851562500000
0.2119090706110000610351562
0.6583570837974548339843750
0.7607364058494567871093750
0.7048872113227844238281250
0.3790964186191558837890625
0.2501634061336517333984375
0.3674195706844329833984375
0.2718976438045501708984375
0.2715486288070678710937500
0.2882725000381469726562500
0.3654673397541046142578125
0.7374696135520935058593750
0.8064460158348083496093750
0.2095461189746856689453125
0.3523945808410644531250000
0.5718395709991455078125000
0.6280446052551269531250000
0.5513522028923034667968750
0.2285015136003494262695312
0.4212264418601989746093750
0.4636488854885101318359375
0.3654907643795013427734375
0.3155151605606079101562500
0.4570256471633911132812500
0.6797074675559997558593750
0.3244868218898773193359375
0.3069677352905273437500000
0.6813825964927673339843750
0.6476342082023620605468750
0.5753901600837707519531250
0.6943101882934570312500000
0.3641403019428253173828125
0.5950135588645935058593750
0.4132701456546783447265625
0.6242436170578002929687500
0.5206966400146484375000000
0.3114005327224731445312500
0.7828493118286132812500000
0.3401270210742950439453125
0.3166509270668029785156250
0.7963750362396240234375000
0.6812304258346557617187500
0.3110579848289489746093750
0.2963567376136779785156250
0.5949909687042236328125000
0.5043881535530090332031250
0.4349905252456665039062500
0.3573471009731292724609375
0.3536221086978912353515625
0.2442710995674133300781250
0.7113712430000305175781250
0.5267480015754699707031250
0.3166720271110534667968750
0.6062925457954406738281250
0.6344487667083740234375000
0.6332061886787414550781250
0.7565001845359802246093750
0.7482565045356750488281250
0.3658525049686431884765625
0.7315680384635925292968750
0.7572231888771057128906250
0.3899721503257751464843750
0.5290899276733398437500000
0.6061159372329711914062500
0.2291096597909927368164062
0.5993412733078002929687500
0.3494590520858764648437500
0.1840885430574417114257812
0.3437619507312774658203125
0.2634815573692321777343750
0.5439983606338500976562500
0.6227400302886962890625000
0.3031357526779174804687500
0.5455687046051025390625000
0.7314538955688476562500000
0.4488761425018310546875000
0.2900374233722686767578125
0.4076382219791412353515625
0.6304785013198852539062500
0.7570359110832214355468750
0.3952091038227081298828125
0.3640861511230468750000000
0.5593978166580200195312500
0.6910145282745361328125000
0.2753256261348724365234375
0.2731418311595916748046875
0.3260255157947540283203125
0.6529470086097717285156250
0.7179676294326782226562500
0.6428799033164978027343750
0.7068774104118347167968750
0.4642769098281860351562500
0.5213245749473571777343750
0.6274803876876831054687500
0.5186704397201538085937500
0.2722294330596923828125000
0.2612232267856597900390625
0.6426985859870910644531250
0.6680167317390441894531250
0.6320920586585998535156250
0.7771927714347839355468750
0.4403515756130218505859375
0.5890013575553894042968750
0.6058196425437927246093750
0.2737138867378234863281250
0.6396282911300659179687500
0.7570493221282958984375000
0.3671273887157440185546875
0.6001731753349304199218750
0.7643841505050659179687500
0.2808356881141662597656250
0.5025764107704162597656250
0.2530072927474975585937500
0.6637207865715026855468750
0.3259562551975250244140625
0.3066232204437255859375000
0.2737135589122772216796875
0.6019742488861083984375000
0.7327166199684143066406250
0.4180751442909240722656250
0.3595238029956817626953125
0.2523141801357269287109375
0.4069102406501770019531250
0.6758649349212646484375000
0.2959638833999633789062500
0.7999697923660278320312500
0.7395192384719848632812500
0.7531551718711853027343750
0.6472235918045043945312500
0.3166601955890655517578125
0.7460002899169921875000000
0.2339795529842376708984375
0.2359071373939514160156250
0.5670649409294128417968750
0.5954200625419616699218750
0.2882354259490966796875000
0.2289796024560928344726562
0.8069392442703247070312500
0.4430156946182250976562500
0.5081479549407958984375000
0.2489182502031326293945312
0.4071994423866271972656250
0.6198476552963256835937500
0.6585896611213684082031250
0.6050111651420593261718750
0.3593426048755645751953125
0.7524546980857849121093750
0.4889836609363555908203125
0.2594400048255920410156250
0.2149591147899627685546875
0.2800220847129821777343750
0.7832912802696228027343750
0.4333696365356445312500000
0.7361913919448852539062500
0.2049027383327484130859375
0.4184550344944000244140625
0.3078216016292572021484375
0.6380724310874938964843750
0.4091993272304534912109375
0.7040545344352722167968750
0.6187482476234436035156250
0.3875572085380554199218750
0.3638803660869598388671875
0.6538907885551452636718750
0.8141966462135314941406250
0.2510891258716583251953125
0.2264762967824935913085938
0.4785646200180053710937500
0.4248958230018615722656250
0.5771791338920593261718750
0.7397705316543579101562500
0.7328595519065856933593750
0.6948668360710144042968750
0.2365730255842208862304688
0.7802745103836059570312500
0.2911565303802490234375000
0.5366102457046508789062500
0.6982347369194030761718750
0.7104077339172363281250000
0.4627785086631774902343750
0.6836234927177429199218750
0.4604825079441070556640625
0.6087345480918884277343750
0.4069754481315612792968750
0.2984341084957122802734375
0.6194789409637451171875000
0.4663559794425964355468750
0.7066041231155395507812500
0.5555225014686584472656250
0.7273865342140197753906250
0.6204358935356140136718750
0.7504281401634216308593750
0.4257065653800964355468750
0.3005758821964263916015625
0.4027676284313201904296875
0.6963289976119995117187500
0.4676740765571594238281250
0.4848730862140655517578125
0.6461451649665832519531250
0.7426775693893432617187500
0.3143633902072906494140625
0.3497289121150970458984375
0.7830701470375061035156250
0.6109293699264526367187500
0.4196135699748992919921875
0.2825594544410705566406250
0.7019128203392028808593750
0.6767452955245971679687500
0.2820580601692199707031250
0.5213397741317749023437500
0.5646035671234130859375000
0.5956416130065917968750000
0.4520355463027954101562500
0.6682623028755187988281250
0.6420066356658935546875000
0.5730484127998352050781250
0.4167418777942657470703125
0.6066348552703857421875000
0.2401492297649383544921875
0.4958852529525756835937500
0.6214526295661926269531250
0.3734683096408843994140625
0.4627339243888854980468750
0.4561281204223632812500000
0.5915353894233703613281250
0.5874759554862976074218750
0.6286356449127197265625000
0.2744864821434020996093750
0.2646189033985137939453125
0.5881297588348388671875000
0.5628535747528076171875000
0.5835624933242797851562500
0.7394245266914367675781250
0.3603223264217376708984375
0.2746508121490478515625000
0.7778306007385253906250000
0.3038628697395324707031250
0.5910710096359252929687500
0.2447104007005691528320312
0.3484805226325988769531250
0.6393815875053405761718750
0.6841914057731628417968750
0.7606201171875000000000000
0.2923498749732971191406250
0.5593877434730529785156250
0.6558225154876708984375000
0.7265915274620056152343750
0.6407712101936340332031250
0.5829286575317382812500000
0.2915940880775451660156250
0.2992562055587768554687500
0.4757649302482604980468750
0.3960681557655334472656250
0.6609483957290649414062500
0.3449933826923370361328125
0.4124494493007659912109375
0.2757382392883300781250000
0.2656492292881011962890625
0.4423378407955169677734375
0.7252134680747985839843750
0.2359653115272521972656250
0.4853187799453735351562500
0.7361440658569335937500000
0.6040155291557312011718750
0.3160587251186370849609375
0.4671861827373504638671875
0.6032148599624633789062500
0.3290919363498687744140625
0.2985692322254180908203125
0.4753454625606536865234375
0.7530212998390197753906250
0.4741770923137664794921875
0.5167218446731567382812500
0.4685566723346710205078125
0.6838505268096923828125000
0.3633818030357360839843750
0.7898426055908203125000000
0.5269182920455932617187500
0.6883757710456848144531250
0.4783503413200378417968750
0.6637241840362548828125000
0.5976277589797973632812500
0.2804066836833953857421875
0.3580916225910186767578125
0.5963654518127441406250000
0.3165152072906494140625000
0.5634021759033203125000000
0.7283410429954528808593750
0.6451522111892700195312500
0.5138224363327026367187500
0.7051175236701965332031250
0.6955113410949707031250000
0.6593180894851684570312500
0.6191972494125366210937500
0.4445963799953460693359375
0.3449353277683258056640625
0.4301867187023162841796875
0.3391517698764801025390625
0.2429342120885848999023438
0.5808586478233337402343750
0.2503080666065216064453125
0.7117052078247070312500000
0.7146667242050170898437500
0.6347205042839050292968750
0.7596743702888488769531250
0.2587011754512786865234375
0.3933654427528381347656250
0.5041505098342895507812500
0.4321610033512115478515625
0.4581069648265838623046875
0.3216079473495483398437500
0.4381014406681060791015625
0.2469050437211990356445312
0.5262873172760009765625000
0.7043144106864929199218750
0.6342939734458923339843750
0.6748871207237243652343750
0.5738278031349182128906250
0.6301838755607604980468750
0.5630242824554443359375000
0.2860583066940307617187500
0.7840636372566223144531250
0.4859816431999206542968750
0.6064645051956176757812500
0.3274657726287841796875000
0.5470878481864929199218750
0.6431057453155517578125000
0.6590442657470703125000000
0.5505088567733764648437500
0.5874223113059997558593750
0.6419091224670410156250000
0.6429156661033630371093750
0.8002912402153015136718750
0.3619252741336822509765625
0.5631575584411621093750000
0.3409227430820465087890625
0.5108531713485717773437500
0.3583455383777618408203125
0.3611356914043426513671875
0.2503437399864196777343750
0.7914585471153259277343750
0.2739839255809783935546875
0.5687891840934753417968750
0.5045992136001586914062500
0.2545717656612396240234375
0.5627145171165466308593750
0.3971300423145294189453125
0.6060271263122558593750000
0.2728830873966217041015625
0.6105547547340393066406250
0.4934476912021636962890625
0.4849326014518737792968750
0.6774174571037292480468750
0.2698299884796142578125000
0.7063142657279968261718750
0.6740487813949584960937500
0.3629109263420104980468750
0.4299940764904022216796875
0.5669782757759094238281250
0.5767703056335449218750000
0.4043606817722320556640625
0.7026600241661071777343750
0.4983375072479248046875000
0.5190072059631347656250000
0.6965928077697753906250000
0.5473154783248901367187500
0.6046120524406433105468750
0.2731659114360809326171875
0.4141560196876525878906250
0.3369665145874023437500000
0.4324162006378173828125000
0.7441549301147460937500000
0.6294533014297485351562500
0.4868285655975341796875000
0.4395097792148590087890625
0.3973045945167541503906250
0.6936812996864318847656250
0.2585623562335968017578125
0.2766384780406951904296875
0.6872194409370422363281250
0.5813212394714355468750000
0.7343141436576843261718750
0.5364345312118530273437500
0.5803093910217285156250000
0.2230440378189086914062500
0.2827781140804290771484375
0.7777004241943359375000000
0.3973924815654754638671875
0.2741189897060394287109375
0.4593085050582885742187500
0.6939151883125305175781250
0.3749414086341857910156250
0.7170324325561523437500000
0.7176083922386169433593750
0.2268639057874679565429688