"313319_313400"
0.065336531807318979
0.052578603919288452
0.170376274944829126
0.955643708586555118
0.203623923768885690
0.962188237104134036
0.244180141877422707
0.052578603919288452
0.303412974473638131
0.947889660667463940
0.947889660667463940
0.947889660667463940
0.273050072975215552
0.855905263839339847
0.759912800089061369
0.052578603919288452
0.451164048135509699
0.962188237104134036
0.285266027123489085
0.043190019822122248
0.207574154444809034
0.053815803977419412
0.045363513096550033
0.921234813596576774
0.942140664935406713
0.955643708586555118
0.506174995510477732
0.074498841291539539
0.427419628716837252
0.043168955971624262
0.040413717992101868
0.927657228936887512
0.939538228789820518
0.074498841291539539
0.461588947569908370
0.099548829071689493
0.715516622240820688
0.959092542031229067
0.817806857465459891
0.947889660667463940
0.261971210105317487
0.948978046408711751
0.942140664935406713
0.955643708586555118
0.065832526368262589
0.955643708586555118
0.163343794966242906
0.769371182165310419
0.050796145379847217
0.238880691131916900
0.962188237104134036
0.191020127851387139
0.040413717992101868
0.583644571567158099
0.948978046408711751
0.049705658108124287
0.958566375631020318
0.743014708744231034
0.783822719419700054
0.039090462981238049
0.955643708586555118
0.189017179507322303
0.876271941820691458
0.725165143788823796
0.837034619746885533
0.538328727362001991
0.288818202829319082
0.916526284923010581
0.694017683784965866
0.948978046408711751
0.948978046408711751
0.052578603919288452
0.947889660667463940
0.948978046408711751
0.859115057294199125
0.039090462981238049
0.948978046408711751
0.185983467762031951
0.955643708586555118
0.045363513096550033
0.416349082597722020
0.631012681534597775
0.076074413811565031
0.962188237104134036
0.948978046408711751
0.955643708586555118
0.950678648150581007
0.950062802791669991
0.738355540032198721
0.936618704589773476
0.236833560207695998
0.052578603919288452
0.210743867675311308
0.065336531807318979
0.948978046408711751
0.052578603919288452
0.431262408904018735
0.196620542335471438
0.948978046408711751
0.147058516869568418
0.043168955971624262
0.130470682683351186
0.206840211248613320
0.870718477832150062
0.040413717992101868
0.962531806827750747
0.916526284923010581
0.403995843049665126
0.962531806827750747
0.958566375631020318
0.927657228936887512
0.613360063581831483
0.072978847063320876
0.060110713580941798
0.041748286335678363
0.420927446203387123
0.923581093628507599
0.065832526368262589
0.950678648150581007
0.039090462981238049
0.112571835449742585
0.788630191639789979
0.948978046408711751
0.467877813725097180
0.641561814421031995
0.873426174583379455
0.076997252927845677
0.043168955971624262
0.947889660667463940
0.402462524303029090
0.947889660667463940
0.428784010519089043
0.441963380896857327
0.955643708586555118
0.045363513096550033
0.947889660667463940
0.311787187926613141
0.923581093628507599
0.772417357950407668
0.079588188000400378
0.227220523480531789
0.920274536319853009
0.929288524387321124
0.228765714644965951
0.042788869819385081
0.955825257279030005
0.768458140309564164
0.076074413811565031
0.043168955971624262
0.047579779793955196
0.962188237104134036
0.052578603919288452
0.962188237104134036
0.136976992091283223
0.052578603919288452
0.223766227642130083
0.955643708586555118
0.962531806827750747
0.850148882400185713
0.040413717992101868
0.880026802993797652
0.962188237104134036
0.100055617892180287
0.129272823520094809
0.085289920701790048
0.076997252927845677
0.499871414965664784
0.947889660667463940
0.039090462981238049
0.201221429749994601
0.948978046408711751
0.518825630759405354
0.074498841291539539
0.887219438764987323
0.072978847063320876
0.906814731685709363
0.919618227693436485
0.040413717992101868
0.962531806827750747
0.047579779793955196
0.916526284923010581
0.073662934740376884
0.927657228936887512
0.180659880538644929
0.047579779793955196
0.377459823718078125
0.225368963060328720
0.131942000241149798
0.065832526368262589
0.401692150474055376
0.955643708586555118
0.947889660667463940
0.047579779793955196
0.160465453529763824
0.117723830969237386
0.962188237104134036
0.047579779793955196
0.955643708586555118
0.541779175433666604
0.050796145379847217
0.052578603919288452
0.948978046408711751
0.948978046408711751
0.845743052399147155
0.296958539866891080
0.043168955971624262
0.962188237104134036
0.948978046408711751
0.962531806827750747
0.787820028162472652
0.052578603919288452
0.040413717992101868
0.050796145379847217
0.047579779793955196
0.045363513096550033
0.074498841291539539
0.962188237104134036
0.962188237104134036
0.039090462981238049
0.045363513096550033
0.960848384731800009
0.948978046408711751
0.052578603919288452
0.052578603919288452
0.178758344311159112
0.423092170584858596
0.041879070150859676
0.072978847063320876
0.788607343630388424
0.851836317461976744
0.160191349390148230
0.194466318156526846
0.962531806827750747
0.821925203681062810
0.820939998520422765
0.962188237104134036
0.550616435613955235
0.432348029636557663
0.710951918133933880
0.955643708586555118
0.255054599733675613
0.091012424253983024
0.962531806827750747
0.129267845643125739
0.045363513096550033
0.948978046408711751
0.929288524387321124
0.039090462981238049
0.076074413811565031
0.923581093628507599
0.947889660667463940
0.782852069218647584
0.096835984037436526
0.591713287697555379
0.076997252927845677
0.962531806827750747
0.120814500614846984
0.043190019822122248
0.955643708586555118
0.955643708586555118
0.960848384731800009
0.947889660667463940
0.947889660667463940
0.043190019822122248
0.947889660667463940
0.880360751106560202
0.040413717992101868
0.072978847063320876
0.962531806827750747
0.132078796062538723
0.960848384731800009
0.948978046408711751
0.149003136650332380
0.052578603919288452
0.179742707939638729
0.042788869819385081
0.942140664935406713
0.848183101202119705
0.962531806827750747
0.962188237104134036
0.444986623100752321
0.060110713580941798
0.761768368409348695
0.950062802791669991
0.962531806827750747
0.094617375776632040
0.045363513096550033
0.796643494542303210
0.950062802791669991
0.045363513096550033
0.045363513096550033
0.043190019822122248
0.821308636556700611
0.959092542031229067
0.950062802791669991
0.962188237104134036
0.171523188182974573
0.835995975361190635
0.942140664935406713
0.065832526368262589
0.045363513096550033
0.161212088950996174
0.962531806827750747
0.939538228789820518
0.950062802791669991
0.962531806827750747
0.455495409161633891
0.916526284923010581
0.916526284923010581
0.079588188000400378
0.948978046408711751
0.773784107386560560
0.065832526368262589
0.827665350180231907
0.947889660667463940
0.052578603919288452
0.072978847063320876
0.045363513096550033
0.962188237104134036
0.233425682134722506
0.041879070150859676
0.052578603919288452
0.241235075858312137
0.962531806827750747
0.072978847063320876
0.050796145379847217
0.100055617892180287
0.074498841291539539
0.327183860683614769
0.102240174121644156
0.962188237104134036
0.947889660667463940
0.962188237104134036
0.955825257279030005
0.039090462981238049
0.855510315314249703
0.144421328236737645
0.043168955971624262
0.939538228789820518
0.887411862118332118
0.047579779793955196
0.043168955971624262
0.962531806827750747
0.072978847063320876
0.289015216893761306
0.141163000288988344
0.072978847063320876
0.133983353685733192
0.950678648150581007
0.863269268161394043
0.089294382119190469
0.955825257279030005
0.139432726787725808
0.043190019822122248
0.039090462981238049
0.045363513096550033
0.954565985191980437
0.747969703600386948
0.622676429621730754
0.043168955971624262
0.040413717992101868
0.144003878493031701
0.947889660667463940
0.246536834582216341
0.488166325910034116
0.920274536319853009
0.042788869819385081
0.052578603919288452
0.947889660667463940
0.962188237104134036
0.043168955971624262
0.052578603919288452
0.397518197123462425
0.115523004648649480
0.950678648150581007
0.947889660667463940
0.873523110372571243
0.955643708586555118
0.045363513096550033
0.962188237104134036
0.043190019822122248
0.619326456368021971
0.855877573924611945
0.950678648150581007
0.948978046408711751
0.849275165314966940
0.041879070150859676
0.748949747693064549
0.072978847063320876
0.575570804184486806
0.955643708586555118
0.108256002080431832
0.955643708586555118
0.820872306541479801
0.962531806827750747
0.886497447921137049
0.962188237104134036
0.065832526368262589
0.043190019822122248
0.072978847063320876
0.825304307190891095
0.202958391938111299
0.043190019822122248
0.947889660667463940
0.947889660667463940
0.225755683393151357
0.053815803977419412
0.962531806827750747
0.927657228936887512
0.176708275473474841
0.052578603919288452
0.690197591479616346
0.955825257279030005
0.107117244477467649
0.065832526368262589
0.942140664935406713
0.800187212185893393
0.115698112194774799
0.955643708586555118
0.950678648150581007
0.853178863844852531
0.076997252927845677
0.820285837378742277
0.748784545625000741
0.947889660667463940
0.950062802791669991
0.068146149468569145
0.065832526368262589
0.268953129969077054
0.367690618195277430
0.202542233963762003
0.568518227330710668
0.047579779793955196
0.047579779793955196
0.920274536319853009
0.834283987131178684
0.960848384731800009
0.947889660667463940
0.086958254271463711
0.041879070150859676
0.955825257279030005
0.065832526368262589
0.942140664935406713
0.052578603919288452
0.041879070150859676
0.800203251029762086
0.947889660667463940
0.962188237104134036
0.584130642322268412
0.682604700973007628
0.721531563373625340
0.962188237104134036
0.947889660667463940
0.050796145379847217
0.045363513096550033
0.043190019822122248
0.950062802791669991
0.047579779793955196
0.955643708586555118
0.219641546658079889
0.072978847063320876
0.047579779793955196
0.170829965366232017
0.040413717992101868
0.939538228789820518
0.052578603919288452
0.813526220545492285
0.947889660667463940
0.921234813596576774
0.043190019822122248
0.876093227894554238
0.827823101865960642
0.168298299495201809
0.045363513096550033
0.808177148649040222
0.962188237104134036
0.171155327280884173
0.927657228936887512
0.158219615038335315
0.955643708586555118
0.220638420666047941
0.962188237104134036
0.955825257279030005
0.955643708586555118
0.042788869819385081
0.810365475430412263
0.852417697923117945
0.052578603919288452
0.434064721876004589
0.148117394085850951
0.065832526368262589
0.567102504322680834
0.962188237104134036
0.412929911738364519
0.442086300673613208
0.948978046408711751
0.955825257279030005
0.955643708586555118
0.950062802791669991
0.536912496044074206
0.543473507503807296
0.752598489266841586
0.065336531807318979
0.045363513096550033
0.947889660667463940
0.178019147406008077
0.832077527493263247
0.457404530709203339
0.955825257279030005
0.947889660667463940
0.045894195836842087
0.156184028320425550
0.052578603919288452
0.645543649535272990
0.197670094102531974
0.047579779793955196
0.533217068390105298
0.039090462981238049
0.820248182270403747
0.842564030158425736
0.950062802791669991
0.942140664935406713
0.832010362205287346
0.574611340164685735
0.867157742575015211
0.047579779793955196
0.962531806827750747
0.047579779793955196
0.832984685211278664
0.043190019822122248
0.568264329149210323
0.950062802791669991
0.942140664935406713
0.720972594237163644
0.238082984214316312
0.329724947195545071
0.955643708586555118
0.962188237104134036
0.060110713580941798
0.533616117773855647
0.041879070150859676
0.074498841291539539
0.052578603919288452
0.043190019822122248
0.052578603919288452
0.815825861790740903
0.109617056071625751
0.768584132331240899
0.950678648150581007
0.076997252927845677
0.271113153695703102
0.119217242418943728
0.927657228936887512
0.052578603919288452
0.536536363856788823
0.039090462981238049
0.745751418274167133
0.955643708586555118
0.052578603919288452
0.909906485947369448
0.827419136118137111
0.040413717992101868
0.833887702389534247
0.879857388958697362
0.334459412495245911
0.065832526368262589
0.929288524387321124
0.262104498528462349
0.767259737473925951
0.821729616158844101
0.962531806827750747
0.942140664935406713
0.172273765232750620
0.118357284655826137
0.072978847063320876
0.208583627852741454
0.962531806827750747
0.916526284923010581
0.909638533703837737
0.042788869819385081
0.074498841291539539
0.948978046408711751
0.167170315553583748
0.039090462981238049
0.958566375631020318
0.624378823067584632
0.947889660667463940
0.074498841291539539
0.916526284923010581
0.039090462981238049
0.048179739818449432
0.955825257279030005
0.040413717992101868
0.052578603919288452
0.310798446744281920
0.947889660667463940
0.520332534965322502
0.958566375631020318
0.955825257279030005
0.039090462981238049
