"313319_313400"
0.163938663365128301
0.032180473622047914
0.276851241155103178
0.970922304482326748
0.106193477227948280
0.973944340477035375
0.097596875951820858
0.035613371254610907
0.375254934701796106
0.970539743779016528
0.963976608673876245
0.939089039363256939
0.101618868409487070
0.944188075328662113
0.781041636825957952
0.032662576596962888
0.557324781283584647
0.977661968105935530
0.146098363323947850
0.029628517400355152
0.088007166493505984
0.052342316229093334
0.026038565623867065
0.860941539877791540
0.889484345739915860
0.971379510012268965
0.193084557144769131
0.124643694885993278
0.665673248132589213
0.028511799809133927
0.035797794195041505
0.928471329812685320
0.965464236310984547
0.336246682166586763
0.745980247396877960
0.100145817538001072
0.857485779213145283
0.972216941477192065
0.774582170531319725
0.955966172773493827
0.274551544405764902
0.966283365565825836
0.922945976744425467
0.969695124320715585
0.100710791734138452
0.966271073428737304
0.170435195995119387
0.920557182612206315
0.079943989210175315
0.233845692767280511
0.975752733539158701
0.141696052971073350
0.200040814036915815
0.785180137989617943
0.964187743512767703
0.030447471373645223
0.957221016373094313
0.747238108909249910
0.801191816587435324
0.028948933457764389
0.969375149241771594
0.095277805933662627
0.907121691894319571
0.803224637543532793
0.932181981314321617
0.331131985104975379
0.215047700321390367
0.933034716736999337
0.543341795146187523
0.936068750782578118
0.963909576917083566
0.031243217460479897
0.968035302465152458
0.946504060552257553
0.936967628822653831
0.041495423788649573
0.965526191043202919
0.165412942291594589
0.958994860879607280
0.068959239824796570
0.464138538920504606
0.473384683725799504
0.154273981796731213
0.975356921945783273
0.926825398164308534
0.940634749908385026
0.873641846779051878
0.965420507315837839
0.783261020915069661
0.932555293403079189
0.339497986865355816
0.035120154579210104
0.139658029020722940
0.075766815808316054
0.961728966905282756
0.057869166664155730
0.327824232038243735
0.146062107846643363
0.958150751646366872
0.195534108107022070
0.026096518778978291
0.477668983979879891
0.306905436750743332
0.924866972664027065
0.039576544434021990
0.945920549613970318
0.939184112185876385
0.519827832695385461
0.969175137109397067
0.968912553794684217
0.940880031538169792
0.667645709464838921
0.153436027981582818
0.042855690524381443
0.031179423442897133
0.237776147662540627
0.945993354102783290
0.037299336674813097
0.928435585335431912
0.023204657150638349
0.052855355199706126
0.903429715047500803
0.953180425119512620
0.427109818614587466
0.848828460173985833
0.898813536232500820
0.038171647606734693
0.025955447871307043
0.968227776316333943
0.318740354828900285
0.965884549926452562
0.201425384370970406
0.140825972484326101
0.940606212321372315
0.027177105251280986
0.960147774130563958
0.353102200820204382
0.952622102092283707
0.804784181829357959
0.033187590688524206
0.103002982084258010
0.866808091622287002
0.975632455227517736
0.258552982184224345
0.081912372983113865
0.958483416122371201
0.642232877347350017
0.048542031175963625
0.024831344765059927
0.039341499088175302
0.965102531761825477
0.030641833332601558
0.975228029038454514
0.107924241182507860
0.234155637452833493
0.383292568535045508
0.975843908371839874
0.971870182871856447
0.717745640178644062
0.164893789570246835
0.939480978914053799
0.975085987379844310
0.118214642056877414
0.071325362612298493
0.039171162378013685
0.076672321637493587
0.400824502829916107
0.971636487600341270
0.044963772338847484
0.285546211280033546
0.961738211333517001
0.598066687446954681
0.226884071668869008
0.646135870119385003
0.255293085002986364
0.916714108152954621
0.875869468110266891
0.044053698338504255
0.974642995339425333
0.028276909171380659
0.914680054889632221
0.249915559125004572
0.928210219849747831
0.276323887000922086
0.049120423891948158
0.359093379266685053
0.326500920523265126
0.077316965598433707
0.048122131520799506
0.161556177231399228
0.950403895786446351
0.952461271386657260
0.032995305625707252
0.185719524288566251
0.077638757750477280
0.976667263611314840
0.057553084001004659
0.946933871736792110
0.203849978834972217
0.043354078494930177
0.078139934106003991
0.957209605114270778
0.956475427698816660
0.792665941856767642
0.312822340101453322
0.030679359714593967
0.968686975970120212
0.967691252207599217
0.970368038263285992
0.534443173469936750
0.060488753152490103
0.055806654557297442
0.029580156757537144
0.027720072385871469
0.028447687493187428
0.119556129258093446
0.970663601231814277
0.973560505988404157
0.024917259116922524
0.035517557078781486
0.963741507797768793
0.960126026366078911
0.090265397720070611
0.041604905836398684
0.315048410349259067
0.429388531768368331
0.021967396308260393
0.074352542282716136
0.686784884135134610
0.937543827076114278
0.091497505757593384
0.111064644272270585
0.970193876615166872
0.809043494574136268
0.784783981813471421
0.893490999430526234
0.302002442350281841
0.635685427277205117
0.400247253278725623
0.965402425263589437
0.516489620320940257
0.084781232185853719
0.965649485940911156
0.153925897847273702
0.028705744479183823
0.973512966787166478
0.954018629323131528
0.026947729380235978
0.097156785145044014
0.940672654060816682
0.907643697126055526
0.563604133983325095
0.081695936295634208
0.336686934457917419
0.043184266464778916
0.945943232963230574
0.269691708380500828
0.027432396767247003
0.947697601627245811
0.960861211351454747
0.894095113785289053
0.975841366545661892
0.964374076581861250
0.111173322612767800
0.969959370554277722
0.886567072451710514
0.091249323603070531
0.109360904103239953
0.968919287889830172
0.063530062318725697
0.941022672224676726
0.890850077619044334
0.069090446099459510
0.049313062564251810
0.061073310890814740
0.066393627261919150
0.970113603086199205
0.488373853645137523
0.866990901782879297
0.977169461266790607
0.420871435887803014
0.049942465196693882
0.468647702418258594
0.924738279960835463
0.965575882386179640
0.107673840642755939
0.063954868907934906
0.829567442737945582
0.880711786714838962
0.038590453199189169
0.075182895803396099
0.038765761107740541
0.872587970951261727
0.971407034839475991
0.964463438821471342
0.943525730897437076
0.078627257408478160
0.410807032254804638
0.970154390593636728
0.279400291527064359
0.034527279633842438
0.137504212261013420
0.924908102445685554
0.960534793768643258
0.809067653390574737
0.975529931005860274
0.190757998341614055
0.930409298435117216
0.936879306482198415
0.030572921031518582
0.909644369691194887
0.871095720277450747
0.141062581189900310
0.638743342561284289
0.973420689481970802
0.030919565151512080
0.065818525630457272
0.028844088287732144
0.976271531090639466
0.180187398789680348
0.021826497850440291
0.028273120650166655
0.312496951001999423
0.970947411041604536
0.056493269943754094
0.060299759411394080
0.036631255327500813
0.159229591978375440
0.579565924806019872
0.127784782319383866
0.961280429435297679
0.964051102910522650
0.976224830592236081
0.960535863215550068
0.028175231345665880
0.768717347638577131
0.065311333212499864
0.031917268348001689
0.878908247220166250
0.940096942498645727
0.045468530869529442
0.027254061109862348
0.968006186072975616
0.067950555576629573
0.428945296651066454
0.066968512973599140
0.056469264061723534
0.171152232994003228
0.954169195138552473
0.910862373613598786
0.071676127543988499
0.959771679931958110
0.078744301171659786
0.026418020983886729
0.025001420428614939
0.031754458965226849
0.975691966737118110
0.477633764154972495
0.806003850891727547
0.022683836680890183
0.077415758542475302
0.091969109982565675
0.963498278699116417
0.208884696391218649
0.696804418136748982
0.743288948147604822
0.068748358564898165
0.073219057400423448
0.970537293046330518
0.974237646823420400
0.044266527621874108
0.034842571557947698
0.166287155149901583
0.135828202977298002
0.937548509503102090
0.968843898465074238
0.857546427296839830
0.966236876272567158
0.030649364987032010
0.968066708497639206
0.024617410231782301
0.728989649038195298
0.831749718627471268
0.971034523796718840
0.906500489643070617
0.936046007637239885
0.036145668702383622
0.887842817088725478
0.038394321437613371
0.298481278712817433
0.873360024719934680
0.183386825716936736
0.961575771275502089
0.900027244442288321
0.971131421461949418
0.799853005040372378
0.977110546864959351
0.113117871900557110
0.027973471405385392
0.117282323263318833
0.847681525290059357
0.508341778629896046
0.040911270152796463
0.903801545821738994
0.973460502958490181
0.126619209737525773
0.077955237427135754
0.970455251096273619
0.875896433127916985
0.160109688977948278
0.031547364579143304
0.816830727892011055
0.961273540733171394
0.102304202585663695
0.056703258810560903
0.931242745041638509
0.819355775053649538
0.079119468561123216
0.959116010272527242
0.947668660081530057
0.541339041753605921
0.034655616860392945
0.855387665156820076
0.481490742995142607
0.769817425308136349
0.932955066293849167
0.031618087351174759
0.166592937286058035
0.227488075408991713
0.330508478535092076
0.185504292046616809
0.818060704623674528
0.129348790611290843
0.061227275914052408
0.911198290619681828
0.812688452715575660
0.883171786812484649
0.951353141139595793
0.043302108604596379
0.024725907461783030
0.966658136987850747
0.083524872508811368
0.965360744481653099
0.051713246289041219
0.023807137021065652
0.907490080541408117
0.921610667032447761
0.969909967663767358
0.285514206092599310
0.639960150207073308
0.875343513847144594
0.976390527122226404
0.952729770811912791
0.271647069584978640
0.072715679136386310
0.047392369076895008
0.874754801196212406
0.082512184215352197
0.962217619830366799
0.137193796768175530
0.091266036068573586
0.048342115226361955
0.074589953108064072
0.097192479495397818
0.946624576100590920
0.033931173544009548
0.606568935475248372
0.963930711981386801
0.953127590144844605
0.049268252023582475
0.829899145266985050
0.818526149273799297
0.161210914153278845
0.057465792101940853
0.846288647294830665
0.943852134096897499
0.131586424958412190
0.839730680247766759
0.159270909641954173
0.966325397073016679
0.298393842852962277
0.961329924072200637
0.946542329381839243
0.970250099075610772
0.080598898140291919
0.845986198828865721
0.911449920062635033
0.047399226126086706
0.245079403132229423
0.391352656925277931
0.054613696522641295
0.768345559036496928
0.972150734051463350
0.756381394259538764
0.707599320852745683
0.966799328978371064
0.914264422993664727
0.969626413388679165
0.955751811158529807
0.567535209587349598
0.427338519396890548
0.742165582170938642
0.072317984526087647
0.060586737810111362
0.963930345158788171
0.164639568580845358
0.894387044110592222
0.723737395359467572
0.963164636414720721
0.936916376148317243
0.044903830941379702
0.201044821992138384
0.242904922267992984
0.476547700034049115
0.136339584659762703
0.030645757612221776
0.460109742294214641
0.039218235509841277
0.803432446114640597
0.913008522505992959
0.968545896749207991
0.965329860289017017
0.906907787883560190
0.463432213397682868
0.929068553383682660
0.033401968476633334
0.954169968131410973
0.061860748595450876
0.755024285996044098
0.057000439012704289
0.631360638948162300
0.967172932626015447
0.943978062305989796
0.556652609476459337
0.412475298048695260
0.347297014288445449
0.958545812744805992
0.974665722008163038
0.044765894038675841
0.595386056712364109
0.045902842725850934
0.064062374602139469
0.061582846057737596
0.036549829490660574
0.030346816483527866
0.911592503595520021
0.049969093491923293
0.664919993451283053
0.893456866626721857
0.032269604197371939
0.124759979847022140
0.164537165738812524
0.951436345748024381
0.077683409194572256
0.843172561037568324
0.060361326864027211
0.807402449498542230
0.958190363764876762
0.034041915963970042
0.956585422874389191
0.869873677055730044
0.137751380987956862
0.803716924801683219
0.945519318612260018
0.491554225497997599
0.091434112054080488
0.946861200072294129
0.182198582311661278
0.781359765600885270
0.819525976254381727
0.796882381174776278
0.932049446650420998
0.077633715225793071
0.090083728358655454
0.199635777984445761
0.093886101259215510
0.973099634904360800
0.926292849172681176
0.860501754037547140
0.034520854634467739
0.113106353338227383
0.969794336960667303
0.082392958689920248
0.034864129676319112
0.939849916829830545
0.844242961185968199
0.909916359233058025
0.126042653178137981
0.744117939478533441
0.025523095575162722
0.037513598582366754
0.965563234295751971
0.061230709229870672
0.034985442187251810
0.195061125795393059
0.959167594465386797
0.570977245513986875
0.964875672954781827
0.965865677649608179
0.022763617076544423
