"313319_313400"
0.053983988468425906
0.053983988468425906
0.150903510045627909
0.948695249029683829
0.166260749460522606
0.948695249029683829
0.203602401011325790
0.053983988468425906
0.259885466276478239
0.948695249029683829
0.948695249029683829
0.948695249029683829
0.230787253650015650
0.843023459787007878
0.823903917882826131
0.053983988468425906
0.499845936781739497
0.948695249029683829
0.210958498242289599
0.053983988468425906
0.187085793215498203
0.053983988468425906
0.053983988468425906
0.948695249029683829
0.948695249029683829
0.948695249029683829
0.421319133982390737
0.053983988468425906
0.423824049518037260
0.053983988468425906
0.053983988468425906
0.948695249029683829
0.948695249029683829
0.053983988468425906
0.565474775893419657
0.137226577268933697
0.785644577635553509
0.948695249029683829
0.824719255012910213
0.948695249029683829
0.241162810962991053
0.948695249029683829
0.948695249029683829
0.948695249029683829
0.053983988468425906
0.948695249029683829
0.203801651695970976
0.821388418510238028
0.053983988468425906
0.196968505674490618
0.948695249029683829
0.132246636633014142
0.053983988468425906
0.548575398902207190
0.948695249029683829
0.053983988468425906
0.948695249029683829
0.791699068780047477
0.850748346446041026
0.053983988468425906
0.948695249029683829
0.145259629204817414
0.840237053940004475
0.794087829442817417
0.828378875676934467
0.499834491258673796
0.288994819794807511
0.948695249029683829
0.775950032599275308
0.948695249029683829
0.948695249029683829
0.053983988468425906
0.948695249029683829
0.948695249029683829
0.832493248958308674
0.053983988468425906
0.948695249029683829
0.204154399516211421
0.948695249029683829
0.053983988468425906
0.503398036311238251
0.512373753335838678
0.053983988468425906
0.948695249029683829
0.948695249029683829
0.948695249029683829
0.948695249029683829
0.948695249029683829
0.783017970719555700
0.948695249029683829
0.169887683836931730
0.053983988468425906
0.197969066289099882
0.053983988468425906
0.948695249029683829
0.053983988468425906
0.506332581712488405
0.159918192422269262
0.948695249029683829
0.128610861282796335
0.053983988468425906
0.155061963593811108
0.169184279286994588
0.842598173727322264
0.053983988468425906
0.948695249029683829
0.948695249029683829
0.503480030762089137
0.948695249029683829
0.948695249029683829
0.948695249029683829
0.676183988747355635
0.053983988468425906
0.053983988468425906
0.053983988468425906
0.467232576548440137
0.948695249029683829
0.053983988468425906
0.948695249029683829
0.053983988468425906
0.160348225401647088
0.770483365199948089
0.948695249029683829
0.558653508576576807
0.689923343203382555
0.862963200489313964
0.053983988468425906
0.053983988468425906
0.948695249029683829
0.501923480685950385
0.948695249029683829
0.503647858691690598
0.531127752455448299
0.948695249029683829
0.053983988468425906
0.948695249029683829
0.267998734668434602
0.948695249029683829
0.824060235210993364
0.053983988468425906
0.178652747153771413
0.948695249029683829
0.948695249029683829
0.163227700661816272
0.053983988468425906
0.948695249029683829
0.814828689406867590
0.053983988468425906
0.053983988468425906
0.053983988468425906
0.948695249029683829
0.053983988468425906
0.948695249029683829
0.163041081202801724
0.053983988468425906
0.184678598317281062
0.948695249029683829
0.948695249029683829
0.857834306674256530
0.053983988468425906
0.854818911428611772
0.948695249029683829
0.053983988468425906
0.168197198650913926
0.053983988468425906
0.053983988468425906
0.579002864637298664
0.948695249029683829
0.053983988468425906
0.164081327379742847
0.948695249029683829
0.433364962461900871
0.053983988468425906
0.840284000754017990
0.053983988468425906
0.948695249029683829
0.886767283556267993
0.053983988468425906
0.948695249029683829
0.053983988468425906
0.948695249029683829
0.053983988468425906
0.948695249029683829
0.160834003711524953
0.053983988468425906
0.419724400543891207
0.270489946500153622
0.164022699391162485
0.053983988468425906
0.446296231836633639
0.948695249029683829
0.948695249029683829
0.053983988468425906
0.180726276792433305
0.152853504044420413
0.948695249029683829
0.053983988468425906
0.948695249029683829
0.595185716224225336
0.053983988468425906
0.053983988468425906
0.948695249029683829
0.948695249029683829
0.834776841099148181
0.389172989539466441
0.053983988468425906
0.948695249029683829
0.948695249029683829
0.948695249029683829
0.832141108034254673
0.053983988468425906
0.053983988468425906
0.053983988468425906
0.053983988468425906
0.053983988468425906
0.053983988468425906
0.948695249029683829
0.948695249029683829
0.053983988468425906
0.053983988468425906
0.948695249029683829
0.948695249029683829
0.053983988468425906
0.053983988468425906
0.141002277067093007
0.510748163760385676
0.053983988468425906
0.053983988468425906
0.832839672523181251
0.836497003686751173
0.199824005595959142
0.157973735969907492
0.948695249029683829
0.811633302245313160
0.827946031532452942
0.948695249029683829
0.512987568811082761
0.507507291421258055
0.799536968999447928
0.948695249029683829
0.185120839580205143
0.053983988468425906
0.948695249029683829
0.168114881266640176
0.053983988468425906
0.948695249029683829
0.948695249029683829
0.053983988468425906
0.053983988468425906
0.948695249029683829
0.948695249029683829
0.823970947282940513
0.128923169165776869
0.557318215292870955
0.053983988468425906
0.948695249029683829
0.143215159444847029
0.053983988468425906
0.948695249029683829
0.948695249029683829
0.948695249029683829
0.948695249029683829
0.948695249029683829
0.053983988468425906
0.948695249029683829
0.876104227513825551
0.053983988468425906
0.053983988468425906
0.948695249029683829
0.177248187006517482
0.948695249029683829
0.948695249029683829
0.194153310040948157
0.053983988468425906
0.197040848704045451
0.053983988468425906
0.948695249029683829
0.815134924682890505
0.948695249029683829
0.948695249029683829
0.493213456868545508
0.053983988468425906
0.832992764247207917
0.948695249029683829
0.948695249029683829
0.130302821081222930
0.053983988468425906
0.839945341387998923
0.948695249029683829
0.053983988468425906
0.053983988468425906
0.053983988468425906
0.835273652470003514
0.948695249029683829
0.948695249029683829
0.948695249029683829
0.137459521445989191
0.823824491370583223
0.948695249029683829
0.053983988468425906
0.053983988468425906
0.175927393622246131
0.948695249029683829
0.948695249029683829
0.948695249029683829
0.948695249029683829
0.504486781696782738
0.948695249029683829
0.948695249029683829
0.053983988468425906
0.948695249029683829
0.819616192464967641
0.053983988468425906
0.817999369830175627
0.948695249029683829
0.053983988468425906
0.053983988468425906
0.053983988468425906
0.948695249029683829
0.206118611810616442
0.053983988468425906
0.053983988468425906
0.221881344659088459
0.948695249029683829
0.053983988468425906
0.053983988468425906
0.053983988468425906
0.053983988468425906
0.299165153001978490
0.132314074811175186
0.948695249029683829
0.948695249029683829
0.948695249029683829
0.948695249029683829
0.053983988468425906
0.845735701910578785
0.179870020253598245
0.053983988468425906
0.948695249029683829
0.878826091732776815
0.053983988468425906
0.053983988468425906
0.948695249029683829
0.053983988468425906
0.184435656573264661
0.183862188316605168
0.053983988468425906
0.175828827806574911
0.948695249029683829
0.851411488027832175
0.053983988468425906
0.948695249029683829
0.173540439786227157
0.053983988468425906
0.053983988468425906
0.053983988468425906
0.948695249029683829
0.830994064746398031
0.545844737486659848
0.053983988468425906
0.053983988468425906
0.179340651975531146
0.948695249029683829
0.189987189761638725
0.440841688496366235
0.948695249029683829
0.053983988468425906
0.053983988468425906
0.948695249029683829
0.948695249029683829
0.053983988468425906
0.053983988468425906
0.504865691881788425
0.149938399053995558
0.948695249029683829
0.948695249029683829
0.846108470323208905
0.948695249029683829
0.053983988468425906
0.948695249029683829
0.053983988468425906
0.581630568609035614
0.797664473558565845
0.948695249029683829
0.948695249029683829
0.838741943497256282
0.053983988468425906
0.830315003730924706
0.053983988468425906
0.527982022437537002
0.948695249029683829
0.140302072813569989
0.948695249029683829
0.806807374038804426
0.948695249029683829
0.840610080306806284
0.948695249029683829
0.053983988468425906
0.053983988468425906
0.053983988468425906
0.808096357967456713
0.165656635411185971
0.053983988468425906
0.948695249029683829
0.948695249029683829
0.256763865147367487
0.053983988468425906
0.948695249029683829
0.948695249029683829
0.203590807457657397
0.053983988468425906
0.606251076522320909
0.948695249029683829
0.114582260022696725
0.053983988468425906
0.948695249029683829
0.806506895126232304
0.150170397154316237
0.948695249029683829
0.948695249029683829
0.821347577292601660
0.053983988468425906
0.860584973469770476
0.796981207723415963
0.948695249029683829
0.948695249029683829
0.053983988468425906
0.053983988468425906
0.226900189364403315
0.471354895905925997
0.165279028696223879
0.526346744389987187
0.053983988468425906
0.053983988468425906
0.948695249029683829
0.821899426076262096
0.948695249029683829
0.948695249029683829
0.115439658759332195
0.053983988468425906
0.948695249029683829
0.053983988468425906
0.948695249029683829
0.053983988468425906
0.053983988468425906
0.800313742501388758
0.948695249029683829
0.948695249029683829
0.615646932509007261
0.765973097733837482
0.695035873414266869
0.948695249029683829
0.948695249029683829
0.053983988468425906
0.053983988468425906
0.053983988468425906
0.948695249029683829
0.053983988468425906
0.948695249029683829
0.237743013765307959
0.053983988468425906
0.053983988468425906
0.186883436232681915
0.053983988468425906
0.948695249029683829
0.053983988468425906
0.802310470586109714
0.948695249029683829
0.948695249029683829
0.053983988468425906
0.824481030349276778
0.835021495871844599
0.183998905259102619
0.053983988468425906
0.829830924787647195
0.948695249029683829
0.204849941314915379
0.948695249029683829
0.168827218812969471
0.948695249029683829
0.181801737494237781
0.948695249029683829
0.948695249029683829
0.948695249029683829
0.053983988468425906
0.859731500823285755
0.839047850624547342
0.053983988468425906
0.509363256299289358
0.192907961041547088
0.053983988468425906
0.524818886623069192
0.948695249029683829
0.531667742662711773
0.518009497444072320
0.948695249029683829
0.948695249029683829
0.948695249029683829
0.948695249029683829
0.492412824340744681
0.590638429628348893
0.817705122333266088
0.053983988468425906
0.053983988468425906
0.948695249029683829
0.195076370346864841
0.822889181492629351
0.331411492652427475
0.948695249029683829
0.948695249029683829
0.053983988468425906
0.221952360923902831
0.053983988468425906
0.699367730237261731
0.178641062892675617
0.053983988468425906
0.482465320017773758
0.053983988468425906
0.780530372387708171
0.831206301661317370
0.948695249029683829
0.948695249029683829
0.839316484137950014
0.493944830882227237
0.811862608890684956
0.053983988468425906
0.948695249029683829
0.053983988468425906
0.823894136284859413
0.053983988468425906
0.531962162087903034
0.948695249029683829
0.948695249029683829
0.790427702973683255
0.310407208978985993
0.218588517002799382
0.948695249029683829
0.948695249029683829
0.053983988468425906
0.524188009370460284
0.053983988468425906
0.053983988468425906
0.053983988468425906
0.053983988468425906
0.053983988468425906
0.801124638288966517
0.129477342610337970
0.820697017047208877
0.948695249029683829
0.053983988468425906
0.300923137282344710
0.132621914507444455
0.948695249029683829
0.053983988468425906
0.492011250770775399
0.053983988468425906
0.832585447929488631
0.948695249029683829
0.053983988468425906
0.948695249029683829
0.814176701816199611
0.053983988468425906
0.797395157461767701
0.829816547633408397
0.280427920098807792
0.053983988468425906
0.948695249029683829
0.220423761354352488
0.715740402401102482
0.807772597124382097
0.948695249029683829
0.948695249029683829
0.206213774203572481
0.155044151683049414
0.053983988468425906
0.170771799279556130
0.948695249029683829
0.948695249029683829
0.948695249029683829
0.053983988468425906
0.053983988468425906
0.948695249029683829
0.182713830889079887
0.053983988468425906
0.948695249029683829
0.611643134380350673
0.948695249029683829
0.053983988468425906
0.948695249029683829
0.053983988468425906
0.053983988468425906
0.948695249029683829
0.053983988468425906
0.053983988468425906
0.267038869184893446
0.948695249029683829
0.600046569904716054
0.948695249029683829
0.948695249029683829
0.053983988468425906
