"313180_313282"
0.31985827599585004
0.18249958902016086
0.4810439480144773
0.662572959074337
0.367974401972392
0.8693389165864864
0.409359932461342
0.3235990911388422
0.44466412969551283
0.8378722100890181
0.7627752094886423
0.7968967016592768
0.5667968867933076
0.6958158128617757
0.4478660164090109
0.24037744327336158
0.3370013119782025
0.8630035549688897
0.5474861846045405
0.24892830900223978
0.5090932037876716
0.2509043869814236
0.10984362761704936
0.6738916806397411
0.643294826248876
0.745656714862212
0.3181954508059158
0.4478279476742088
0.5901525279680582
0.11307169531733789
0.23289349020684372
0.6286049833529079
0.7801523015307765
0.7266155235509928
0.7498158199875612
0.31091823657250445
0.6142752262153548
0.8708203662865874
0.6120835883366788
0.6451530170368945
0.6915299129509747
0.7541405889101567
0.7327485272706943
0.7040523339373632
0.31216544111733124
0.7356172977815393
0.46774002834313844
0.7414132128319315
0.4102969953180008
0.49872417237898814
0.8054284624433329
0.49757521002730853
0.6226149585414142
0.6577358852946223
0.8012742608417712
0.26313610488843553
0.7925511637414605
0.3133736399274538
0.5665024717710848
0.23249190291836042
0.683880947026295
0.3635664979092432
0.5063153623703955
0.4155607794076005
0.8404987617906761
0.5335748895893122
0.45921693880333936
0.7022439879650874
0.3898294055294091
0.6948610767510427
0.8200147189759698
0.4193504341694541
0.8789870869420142
0.8586720968091842
0.7199504345774188
0.1852467831023717
0.7692843016349786
0.3842410699721516
0.7103608700936428
0.36099129887201487
0.45351073725542873
0.6851330562988207
0.4156987037462742
0.8785228338004762
0.7931393228662154
0.6877355983340985
0.6151465401144691
0.5546343824261917
0.43897165750549233
0.6063382105888855
0.6010238179832036
0.44216192147875344
0.3689468405981986
0.33517997534100424
0.6199005910472843
0.2547042983789631
0.4234990979611854
0.4995613812001237
0.6783355205003238
0.5397020525192129
0.09915491835946899
0.2618384739529078
0.56162508727373
0.7285702644857894
0.2478491015754956
0.6021340449200212
0.4359738288529612
0.6063097285716339
0.8779700531412045
0.7051557012018257
0.7093207665475734
0.5877113459535758
0.6543616013088596
0.1554775400326347
0.19774597912472702
0.5148794120571051
0.8069119028899092
0.3136508142116515
0.48836361019580204
0.13249152502388767
0.17432712184013968
0.7085897596201556
0.8420087853146876
0.4228019459126808
0.4481918294241544
0.6225094144802635
0.3152590932095637
0.1363016340204497
0.9046208557453617
0.354384434165326
0.8004089970291214
0.47146734969863613
0.19125943353940056
0.6867602542730034
0.097844667223208
0.6615481061394933
0.6339819817063486
0.7172562772285002
0.595797423495034
0.24286884743463688
0.3162977960812221
0.5284965885525578
0.6321017499166985
0.5604241891687122
0.39454004648962193
0.7799123175972291
0.38442108010083037
0.27450172888194085
0.18279682153939364
0.4186065306332367
0.8134832777065799
0.2952555852369651
0.8107669326640234
0.1309206658949552
0.5098437980673863
0.6980393817783849
0.7538098377768828
0.8875946639455117
0.3971082603673296
0.635083044621023
0.5511565406467095
0.7290236974595685
0.5470868600737354
0.23027627658665245
0.236245056069128
0.3077264725232198
0.6113420895337432
0.8645810973065906
0.21048945090627869
0.5165142638107325
0.8059242913699121
0.6308879196487216
0.4666838085128082
0.32212033209504953
0.3453496987143511
0.7942800364543114
0.6860873704870508
0.3017197759907948
0.7859069836438856
0.40447142629806593
0.7446397852979826
0.4926028211651159
0.6929910666150807
0.43500845699998386
0.3386480173162218
0.45920265663229903
0.4576889769472277
0.46391689495483773
0.21693319102731018
0.4890885700622774
0.653848546836542
0.8253191589815556
0.31406873905170923
0.2892688821483874
0.2958947629505311
0.8931582905550646
0.26282510806457293
0.7166972667352911
0.3153078189521436
0.2184531067036672
0.2905223572720814
0.81960968049925
0.8224908075193408
0.7261194486862304
0.35470725889560145
0.11960265421393289
0.811453147117322
0.8895625566976669
0.6128022761006346
0.5477704850854705
0.3687922287586828
0.35435458587398744
0.23281409712736417
0.15599921735900463
0.11433878862009143
0.5402866994755988
0.8689515405579048
0.8875602057519598
0.18304018233992492
0.26167271956518173
0.5871857717520325
0.7912010140834312
0.3104306653168258
0.41073141800422985
0.5397024818869396
0.3358036824689135
0.446746598613993
0.4610908120070454
0.4375398354141384
0.6555826255571966
0.3867308634852782
0.36990450270768377
0.545236713868885
0.5414018109083022
0.5629879222299398
0.7957193208388731
0.3930477687008964
0.381739898229539
0.4668741845496419
0.6927623835674057
0.5667436012585227
0.3016109662629759
0.8547047616832786
0.32359818818201
0.1714953180257774
0.8874671053595301
0.6538093913716161
0.27684955396804445
0.37767216853263286
0.7508936262716521
0.6558499211573835
0.5007179780631243
0.37421981254413206
0.44413073169149264
0.22125574545905174
0.8802378660012952
0.4775787788074678
0.31336809249877484
0.4878748903882245
0.7178173619163847
0.6693665868368824
0.8943754602969451
0.8270633081663534
0.3502016208394668
0.8378565547066786
0.7601600804096134
0.48325779918346046
0.35320689341687
0.7068800527252629
0.19481065694001407
0.4449225761902928
0.7235446499697348
0.17296579404931206
0.4074263085170008
0.28423070622391594
0.5473292248319171
0.6457079876761476
0.5174003042444132
0.4807958805850151
0.8715184862382555
0.39150882113297536
0.21974225552764842
0.4542380683001278
0.615938153354507
0.8193731848481767
0.3777260662940881
0.23365103490186734
0.5653862752850307
0.4874732881668523
0.22529895428199198
0.2278562138179403
0.25835670642037245
0.7405295854382004
0.8435377918228981
0.7850046359656219
0.7041435106947872
0.4204121037947935
0.5304613727110882
0.6727202764496011
0.3660115609007519
0.1929430456574817
0.4948930838066319
0.744778902677029
0.5888256581799935
0.6375489785192884
0.9003086346800787
0.32187201787684
0.6036738245439306
0.7068651292035478
0.2984526305955791
0.6716803290518683
0.706127089282127
0.31461993132237737
0.5780529213693315
0.9011865616318882
0.30293288598480234
0.40109130648230945
0.14208662357610558
0.8002333823527674
0.44041028992838915
0.24845165212498854
0.25642890540370006
0.5664583467039362
0.8337965901696998
0.4750665681074079
0.3858413137068583
0.17763266053246177
0.41884989718763055
0.6797008547241274
0.43177952599722685
0.8791559393328445
0.8243357880581678
0.8385844486613834
0.81429556608711
0.2720296463728552
0.8443644612109092
0.11545760092065462
0.16115911171027394
0.4775063316206074
0.6088672794334419
0.3390144491891799
0.20274951984037537
0.8790709289630868
0.3899986975584672
0.41053927267842044
0.2323820209808784
0.3293387889903221
0.5439302273849791
0.5385976521739227
0.5668324927344193
0.45606057544319534
0.8661838962945667
0.3720653439590279
0.18736340870388107
0.10148640576176965
0.1101421398157874
0.8910867155797851
0.48950210499136726
0.7700283435355221
0.1360579160568321
0.31640301897170187
0.4133442126712165
0.7506719637191037
0.39022068067952975
0.7691039386746404
0.46674803404244813
0.36246224600130295
0.21287218581781225
0.7966331646220555
0.8967677430210069
0.26349272196175083
0.1837704906496087
0.42112655936876564
0.56871518281959
0.46663037509588057
0.8366254192442646
0.7518306347792272
0.6885533921540251
0.22716438553032242
0.838317113388139
0.28084438933145145
0.6635137537319195
0.6755766621301325
0.7630853813160958
0.5835413916942079
0.7707169993513254
0.42533777344495305
0.7212681331015279
0.4827100321032156
0.42750677552963723
0.6572752283000833
0.28858121476583093
0.6740264029222762
0.7569207014364693
0.8147179353607297
0.7171580746944675
0.8567554495847985
0.3057717184191405
0.33492443104393976
0.4121997103434218
0.6544954198677626
0.4879322023378163
0.43234387185261347
0.6048574620297436
0.8725552224411848
0.4667113846695546
0.4953346084725666
0.887019130558788
0.6467428859625712
0.31389912918851337
0.2677613181910187
0.7508369928921949
0.8244666342094045
0.4693162266639498
0.33496497152238613
0.5879560697383343
0.7123453707416334
0.49415336005780114
0.6313077465298664
0.6832624680856239
0.5543929032147212
0.20317427531038218
0.5444844744399467
0.37535063790241746
0.5630001352247144
0.5012466781016465
0.2710161765809599
0.49706466261369786
0.4603558067181228
0.46955494224159505
0.5026761321995332
0.8272974826201888
0.5107891808567158
0.23159208538633452
0.7006730789248016
0.5638840836932305
0.35536986529626535
0.8009173712180552
0.3125129324835255
0.2798071034310735
0.801243527714101
0.3324785788060396
0.7894865462652555
0.1780776680691996
0.29822043566988865
0.8340944128494979
0.7100847065502915
0.8868811954967827
0.6755252304581445
0.47598681637332807
0.7326581481952122
0.8935571166494786
0.6845082780338156
0.5656344029085247
0.20054356122577288
0.29245447836805327
0.496831358262632
0.3445043303646913
0.6774554740454557
0.34376880917315095
0.3829843092840504
0.20134358963749277
0.29985658838814266
0.39325613039068835
0.8284723200605493
0.2881433808532203
0.5025658965307671
0.7799126842913274
0.7610037417623
0.36845576095803656
0.48946323294039484
0.6810576824149738
0.31013977010780275
0.14531030840427545
0.6041964854460481
0.7685196771788441
0.5130866615586548
0.5946560541780551
0.5484757990512432
0.7059808083544062
0.2989616590585898
0.9017670484617418
0.6216215945213126
0.7220597507947528
0.4883626053696649
0.7787968080272374
0.4654428240763255
0.3569987488424256
0.45587357495140796
0.704541142729833
0.2607322238260477
0.4069809539579477
0.7976603462305709
0.7645797825760222
0.4103394641320825
0.855369229955543
0.7412730106185205
0.6451637302701844
0.739240469538317
0.5001447903325315
0.4802740866989472
0.4802375062726499
0.29460452091227574
0.16636649802733777
0.788502403542824
0.4290642409650612
0.7345875441227284
0.7712778593480204
0.7517326709735475
0.7439041112043506
0.2242438271573662
0.42243102029518903
0.5869769805496875
0.49344513631150144
0.43219033700344345
0.2940746208451952
0.40921899658404326
0.09884595956224948
0.4355276954334722
0.8159259562714756
0.6286025655331088
0.6524837681086385
0.5666185497238898
0.5089658963393465
0.7026437538380458
0.14550825732213005
0.8101546434482882
0.20470411656442192
0.4204932585083597
0.23764635775874943
0.6932115285088135
0.8024490419522414
0.7419718293700629
0.5138938061322083
0.4644370969979523
0.6253176290832769
0.6573588351158647
0.9140912657205422
0.2519053282670158
0.6818508509382184
0.2589387899128222
0.29566176793429927
0.18272671507690078
0.3889598652622737
0.21804581648101878
0.8727839080724638
0.3809978328582297
0.6817460968818928
0.5167454388931803
0.1444569779874588
0.4990494693901538
0.38218432059122065
0.42168152039464657
0.4869698778297675
0.6540447143552113
0.32132978415366764
0.492961414000194
0.7124522943508467
0.21398478525661313
0.5951079825188103
0.5184366916365986
0.3345467115878315
0.569282866779152
0.7519541120778325
0.5752459078170302
0.32177565859060375
0.6144514038406539
0.3903434760337602
0.3075525752401866
0.844862265529547
0.5762646601941692
0.5965511426848021
0.2739439179697129
0.39444408526459507
0.40615613103980325
0.36452104156176235
0.861897688333441
0.6232830092740839
0.5095534720705964
0.30209833517121265
0.542749200040409
0.8420291272684622
0.3665858024668797
0.2853451698928543
0.7477756577402594
0.6486859121699527
0.7934344023080963
0.43580478170240167
0.49748746993356696
0.13782800195826983
0.21958843146918555
0.8690401407990518
0.3414269199341537
0.349244778921649
0.5652970603848
0.5654256132989024
0.42959478858259803
0.7392223793171213
0.7366471795992031
0.12810201426796364
