"313180_313282"
0.1656183580028473
0.10878213834374778
0.5570360442486988
0.9396874243594333
0.36777130810582237
0.9520637633763865
0.2528688329531512
0.10128650845544497
0.25488097796475906
0.9259654148053658
0.9169070829483255
0.9307777544382994
0.287987680655362
0.8627566896439702
0.7638095391122668
0.07912971118675663
0.3051742763879328
0.9878046875000001
0.33376688823085765
0.07656107154395879
0.3230803809507499
0.17139263634245921
0.0294921875
0.7330560448792124
0.7267011865309121
0.9795058593750001
0.33475790533071387
0.5886642676100466
0.5456522648136858
0.06762485188415865
0.03271274296319166
0.6885692393827834
0.8209976409490762
0.6993591277453425
0.7915355821508353
0.18171506013648442
0.7519712582892853
0.99353125
0.6127464486535876
0.8888580955946325
0.6690267021734876
0.9005782560246973
0.7674909264801337
0.9130002556969901
0.36616201501868373
0.9760386899723429
0.21532211829697578
0.7357034314001822
0.320869531710959
0.49267635799980036
0.9107967331713708
0.3166628532393626
0.40256897497258815
0.6544689573391886
0.8989817237373079
0.07469045926316964
0.96055859375
0.3160069477501522
0.7119527347027679
0.10747793296305891
0.9238030235048145
0.1744291688001058
0.7592733497654544
0.5837833444175881
0.8840110002230726
0.47003523516636175
0.21213969871364227
0.8027784541260513
0.5915844543328186
0.6635533393304328
0.8186783778052859
0.1322428612126556
0.974919921875
0.8215814873038352
0.8867328829051221
0.20526457293067804
0.781238842560984
0.4647824341829346
0.8888726368290994
0.32007453167113964
0.3293962966595669
0.7087285919683315
0.3244290118638015
0.9828535156249999
0.6158664301066917
0.7440437843752864
0.5496278815539889
0.6700553771769813
0.7376181502343715
0.8248296046169381
0.5232557198382749
0.11766581557571129
0.2696940661372716
0.12586255616598077
0.7198133057078376
0.06902805068196802
0.3903861951187742
0.4746035576352984
0.8305549802526994
0.3767421538146616
0.030447265625000004
0.38641528292880944
0.4883683655742119
0.8116807387440391
0.1886446133538205
0.8159230101451848
0.7211748169245247
0.6087853981316381
0.968509765625
0.90935990864142
0.649565261960715
0.4199058488849678
0.42341038828390487
0.16627487377610023
0.16406591767714596
0.4369427738022806
0.7567406212443547
0.09317656435349941
0.5195956711851553
0.06285907729741334
0.17521382292617496
0.6953852726971299
0.872888368465475
0.45309996991335727
0.4420353542897952
0.7278397655274544
0.14073286008279345
0.12394391079375247
0.959359375
0.5265568037008258
0.8887191844215604
0.4357170909726093
0.17292426140894818
0.9698398437499999
0.033779296874999996
0.8828831003455473
0.47933345780877
0.7490271040373068
0.6016920949997667
0.10988752517175278
0.3433091448243907
0.7628756605430318
0.9639015535976927
0.2198796909455677
0.10587286736998373
0.8678974750555645
0.5846026051783723
0.044205078125000005
0.06
0.20646296072515635
0.6323936244185504
0.12284686897313894
0.843174806040414
0.09899968589325389
0.4867283735367772
0.40847911280636034
0.9499233530150494
0.9707965734311816
0.5212365973272343
0.4152033489194854
0.8398678432768114
0.9287020570848397
0.4298044227626487
0.17110312953784274
0.03148906435349941
0.12980705230967343
0.46430727574797354
0.9879121093750001
0.05118842627711304
0.5691777337934315
0.9707832031249999
0.6663154771297045
0.3601926312284166
0.4464710823276631
0.37134431198762846
0.7684344484564428
0.7888607696992355
0.13814459979493843
0.705887261481916
0.006532033103499408
0.8387897849509309
0.43594116949464107
0.7825496247584904
0.30517914783508837
0.12627393424748673
0.5116924795511575
0.3631060267926213
0.12462153029630119
0.14694464055466522
0.18562442691444203
0.7521344815198132
0.8762904971372816
0.08356074155832062
0.34111159208448627
0.33315745036061706
0.9677539062499999
0.08588588165773169
0.7964095019936291
0.3474651199658566
0.11349892112776044
0.1871492524830235
0.8937296008484608
0.9481284935160696
0.811247391944121
0.2428146296762668
0.15130920856546992
0.8767187363494696
0.925703125
0.6525685818848977
0.4569801194862748
0.267877747265417
0.16022019826924117
0.13709252266727817
0.05421767542704677
0.033785156250000004
0.2980370341409308
0.9153974280601502
0.9867480468749998
0.02939453125
0.09574716705519332
0.7504219650711169
0.9053917565321924
0.21964433742210562
0.30393937629466594
0.5937518960943495
0.38669956114051834
0.11725706869124
0.1475467166748677
0.5039521363427528
0.8478705112166297
0.2982216279438116
0.12297499095702666
0.7315479021880328
0.405415470229103
0.6137420685544469
0.6971276984999746
0.2711478250005063
0.4374523613036615
0.3972127999436485
0.9042532726337522
0.45324892631352354
0.17073262868966663
0.9447396387048491
0.354625691855414
0.06132891361936266
0.9770234374999999
0.8392138020783266
0.0916247334804769
0.32902625655348827
0.8093214163500714
0.7752203416099746
0.4897005666405142
0.27967773066630275
0.3803090819633729
0.034366997487532504
0.9457786487252855
0.42791648424473916
0.27678591343654063
0.751969896371664
0.9466376850973389
0.7782668817596111
0.9762949218749999
0.9582501564018964
0.2044641153798179
0.8828581635090068
0.8090842717153766
0.17097455591002694
0.2351996828619385
0.8079301633144401
0.15236931178923568
0.8858872492474872
0.6820945136789971
0.0998590807716952
0.3601948124597056
0.20792931933580375
0.2350894773693019
0.7346414304286621
0.6201851570961838
0.6655339334330234
0.952295436552509
0.37069965289993345
0.10828325759744378
0.5407858510713854
0.8492620870601688
0.9446392118346414
0.38830333550292373
0.08698633886386609
0.7532514710557454
0.5420463456664883
0.466301987509509
0.15132923444669286
0.125169921875
0.8352000728381974
0.8599878257167045
0.9579871128133203
0.9061008439507099
0.3316600974821167
0.5429046868503694
0.8195654866286974
0.4340068460618781
0.09679779039223764
0.4651455795247545
0.8525510121747214
0.6565117228680678
0.8074318704990312
0.993751953125
0.4089202796539404
0.7045756908318321
0.8390946266991646
0.030558593749999998
0.6048118032738418
0.7796667329387623
0.23120104242144068
0.6213557103330625
0.9892851562499999
0.1784325896889851
0.4390094900908987
0.0680773099939219
0.9351274492455539
0.30168307831016655
0.039982421875
0.17690327633539077
0.4467124754129939
0.8840151932652606
0.23394656035905215
0.08663177269908594
0.08734861925936172
0.4443455150880156
0.6365227818784107
0.2587874244306803
0.9849941406249999
0.942253120964113
0.92727155452951
0.7062885750872113
0.16818371992567893
0.8957641673936912
0.1147697450952365
0.014246093750000001
0.5012304698319819
0.9151953390414402
0.19543461100007578
0.05757220179379321
0.9796406249999999
0.10741345927580136
0.5858796800655688
0.1561197805152274
0.06299962053080656
0.48339037791532313
0.9033692437019064
0.6065183809156656
0.18200453740341485
0.978562123868057
0.17815022429071345
0.12064787179813034
0.034439453125
0.06648809865429532
0.98034765625
0.4696920986001547
0.8471013968115166
0.06894347714926082
0.21933768029921247
0.10420509165612013
0.7955705487430718
0.3456779718683076
0.8867827018731209
0.5050474425498438
0.1691431394286105
0.2543095709182624
0.9091175078527827
0.986740234375
0.07645406172371308
0.12465913614454087
0.3728871065330316
0.3271417103025739
0.6766333054721667
0.9189500446630013
0.78319032983086
0.8820474635101859
0.21025294249428622
0.99098046875
0.12280712076551337
0.6897370914110459
0.8454893454481762
0.9311464843749999
0.7680491159877861
0.7126725296935641
0.1440789176615725
0.5459449042362144
0.15271478252468104
0.21047601367663443
0.8816862451361298
0.14503850250079012
0.7276097738941549
0.8267410407975755
0.8924528471854593
0.6937765136430327
0.9590320305613942
0.24678146540628834
0.09768140026556653
0.2470785025823998
0.634537625623349
0.7296382032644818
0.30305200813783717
0.8079861586390977
0.9647821754422752
0.2283695139214045
0.14053419329474678
0.9797402343749999
0.7354859597195285
0.25971113089706677
0.12258125457131845
0.8245247283246023
0.7547832500472678
0.20172489466758314
0.25926197875071205
0.7615452854908986
0.7941969857967464
0.20560741173480557
0.8956904834316749
0.8030315383829612
0.6377413908979267
0.31846738950263054
0.6066043553732244
0.4476196703121384
0.49597660587026826
0.7528859957121432
0.13789774822407108
0.2614391415645898
0.38418558441725675
0.3860269374882748
0.36052357089513587
0.602386187852406
0.5829431150137481
0.302438206416585
0.7948207267922832
0.6131349088408448
0.595229993917224
0.8108042454383648
0.18902013047590208
0.050636718750000004
0.9551969949555419
0.1416772752442312
0.8856679818415766
0.13956469681297812
0.14713815283945875
0.7561338052588696
0.7087060378021902
0.9681425781249999
0.5293553895756177
0.35790002477874533
0.7593423824067
0.97994921875
0.8586269093608516
0.5298083143977295
0.39156632539635733
0.10412236120407026
0.6982481331743144
0.2380615331781867
0.8992152942422722
0.19042995681238498
0.2406288360161403
0.10341876891881567
0.22151310290141285
0.2230867495304754
0.9288168836450952
0.18019622263465923
0.42220674416069004
0.9317940926236926
0.8596523360989952
0.12819435707877785
0.5010681552307875
0.5052587228520693
0.2682824380881637
0.1132698810816238
0.6162187583805621
0.8628758352756836
0.34286992173169617
0.6632130027344395
0.23148384936733155
0.9018665452222608
0.19359927238783664
0.8818632812499999
0.5778188636337689
0.9430484621464147
0.26278007384343677
0.6542170901313791
0.7641141023097863
0.20537809056374667
0.3831370293007859
0.4182437545811776
0.1008893264385462
0.47646133228704046
0.8889462147002894
0.7120758222800309
0.5325436750805123
0.8438241672912297
0.7314348073864555
0.8976689102620455
0.8799167766305418
0.31527022235513785
0.4480921990672198
0.46935586423921755
0.10222984065651547
0.13136990656037068
0.8185536277835339
0.2683198718857805
0.7651407831336039
0.7874898479200287
0.8528299106368663
0.8833523956356901
0.037224609375
0.3849903424912443
0.48588397352066737
0.5784178175928427
0.26118629510290103
0.04773047949395909
0.39655421819584497
0.04898803213138674
0.30808096391990725
0.8141173176652025
0.7332812778372217
0.7407537297333603
0.6744312673683401
0.5866893429153989
0.7613395963972209
0.14891956749215257
0.92266015625
0.2996537793011035
0.5202099281804499
0.24370789386840877
0.5512174741078355
0.8759635639984286
0.7967325056216135
0.5504757068545189
0.5262622579634707
0.31677482627418685
0.928841796875
0.9934140625
0.0721995730455034
0.6069083726868323
0.06836896614640983
0.11279719074689779
0.2127743449418025
0.2285003916319389
0.06410425653695742
0.8981448121878615
0.020274220603499406
0.6056366569721565
0.7660090928780293
0.046789062500000006
0.3824401858704266
0.20990417033881836
0.6844208323667105
0.33870753236407647
0.5313038986517747
0.27797707935505905
0.37279232505306326
0.9149012805807297
0.1599136192130836
0.8365848266410386
0.7132010305370625
0.1620892400767569
0.5618680856574557
0.8212008928849616
0.42851987494119637
0.23681358504196015
0.8304314178649028
0.33496687560656124
0.43209544216789275
0.65563335943068
0.6012098165157977
0.7516783817737949
0.11908765538606446
0.16732604776938637
0.34957438389327555
0.19079930086116748
0.9165326489586247
0.666631618347826
0.6142503214209986
0.09932209271353218
0.45439570879233615
0.8464938999604694
0.22483945128930605
0.13703554815581867
0.7624099919634301
0.608601660829016
0.8532577793517283
0.3548884359294254
0.4358367828227847
0.13042444900865516
0.09563211462716621
0.9797278775590239
0.14691785747285585
0.21952220512358325
0.4177688697509533
0.919158203125
0.43204723265216644
0.9419817933678395
0.8075504598308942
0.027693359374999997
