"313319_313400"
0.049388905953088341
0.047959938558939388
0.126733495035617122
0.954760604740664154
0.051756616515179328
0.954387410165294825
0.164549905491985532
0.048054670765824557
0.426329872781222419
0.954776206491987578
0.952598844507646869
0.954448449752271277
0.170066419306377198
0.881834919085127455
0.700667935049638424
0.048018192988670237
0.176082652422105301
0.954758016056721281
0.257809143674292085
0.047990774022885895
0.050526489838432172
0.048378484157585749
0.047855580796012036
0.953439300805337453
0.954778216065092611
0.954646974422682204
0.234167889722179057
0.051086994954641002
0.506077340460792557
0.047840834510792116
0.048199906502213820
0.938012717539385865
0.953940104917346265
0.052617771278412308
0.545393917775558457
0.047920171924148075
0.834301756948281681
0.954789346167325692
0.915447870143169418
0.954218012951468242
0.260927612777391849
0.954578361692069666
0.932325529749844950
0.954791091420934324
0.056463931892819480
0.954711825898874711
0.160934502356106957
0.861422303874436635
0.048985189368691798
0.369509784349370096
0.954738419704539099
0.102618056127651222
0.050214107315902340
0.791313246241623136
0.954613024201702243
0.049512967460213650
0.952410148009970592
0.588245535375958584
0.864665394172443480
0.054234847407911735
0.954709513963098000
0.048283542126859064
0.954152811321566485
0.538117656221548502
0.954591560249387960
0.561365394984659427
0.154900881404620855
0.917438962958797011
0.599223525723549200
0.785149496445669670
0.953101502457616712
0.048398456927335548
0.954562802193780868
0.953279947357580926
0.855715268185951672
0.047958056395493345
0.953676430980208156
0.227624696475594690
0.954336644527817968
0.048593833207459761
0.418272554361466098
0.826903754097939814
0.097778475670420403
0.954789983971054634
0.924124707545637025
0.953320254238402720
0.953043366850623963
0.954756522042471079
0.835957360882045197
0.949950633673105060
0.138521238749274023
0.047908929973614144
0.164075344905231624
0.048259538259650916
0.953167869895105269
0.134338695907841893
0.815157468433996502
0.063287398837564582
0.942964247628541252
0.058589435560710258
0.047922044093903902
0.130059136101238149
0.551796434019608872
0.875147303581631730
0.048296422816341965
0.954422772052884838
0.927426925387084156
0.404640993218183753
0.954665983465381007
0.953352623995605386
0.953670936363350319
0.749111723215440173
0.130361367308651388
0.048420914093550364
0.048108369168224127
0.177968386982018195
0.942932720514511713
0.052095076245707660
0.940910503673837773
0.047977040603317957
0.122223716560604073
0.829986233046434707
0.953199198539731785
0.251382479693881666
0.628795735117936294
0.889354438055318330
0.048214063303127351
0.048191843421376147
0.954770063475458897
0.661968542061467269
0.954540333555819021
0.207334961557626235
0.399464984369844067
0.953076251088627369
0.047874688364481922
0.952184828578812259
0.254089715721045994
0.953740152792539764
0.838191816847887794
0.047939018259111045
0.133155279218608091
0.923407150472798977
0.954782884182048486
0.253132323832570505
0.049202173123515665
0.953157686567040474
0.698880054117376193
0.048469658856300488
0.048074565905131969
0.048156002643464139
0.950082407305433030
0.048924512330383391
0.954351425220151595
0.049360154934845420
0.048329247579805334
0.544425269830817293
0.954771816720314970
0.954727824101707423
0.954469695116241912
0.067516817480066701
0.892877572445531897
0.954648874982172879
0.053226865877952577
0.182009961050703328
0.047862121485089636
0.056078051547719540
0.434264907249788834
0.954604417586663034
0.048082208594102532
0.108798956212711628
0.954190665908836944
0.771094104592699670
0.065642263077881999
0.914432384153267996
0.225838771641389602
0.918010597780486770
0.953785302555124503
0.048114331394850052
0.954499997129826583
0.047897775703274206
0.888316086724011966
0.048150530713094726
0.951555821287578985
0.106765820914314857
0.048103626242431814
0.152691938975013347
0.211067444266504062
0.054619226831588326
0.048038144966260417
0.141613980995341393
0.953786549007089368
0.954697371318113164
0.048253622631521227
0.051557977126038997
0.116608835060375254
0.954796400165391912
0.048096508198027618
0.954462788816462848
0.730984330137221971
0.047991639328949225
0.108963724810735726
0.954368536155094205
0.953987651535696979
0.863491352220501218
0.129687388231971179
0.047976202992846488
0.954551835661609505
0.953803839031398537
0.949519943838448843
0.836302860416101357
0.071459208824851322
0.048031229108239086
0.047998667452814919
0.047859248586304914
0.048016002400198161
0.050947559018371072
0.954523062931380450
0.954794196313900612
0.047903549508576504
0.048453638679387359
0.953959052552518338
0.954761708424047728
0.055774169650240638
0.047969945175147938
0.149815714762771501
0.488823409186008695
0.047839558152385678
0.050554703875655659
0.489939473109423929
0.954107987105902944
0.154407554652998602
0.052283046306891373
0.954777915872908833
0.774345525504842258
0.868839542867773873
0.954432918616896386
0.508711070171925295
0.644949952434568763
0.805332748887242045
0.954534586759713255
0.170194921144844774
0.048006453498186379
0.953015875710702232
0.127038282439570188
0.047944433037050448
0.954719490935656112
0.954460654895150418
0.047837220959043796
0.066206352291291223
0.878850901940072426
0.796326955199730402
0.803040660340957002
0.047961162602319134
0.710282745554967843
0.048067018345794972
0.952830608116391753
0.054640932276704891
0.047832300994182765
0.946010157505304261
0.954761836990457580
0.954179552129173603
0.954676084655515345
0.954470152940606442
0.054647211719996973
0.954699462088737905
0.953597233063497751
0.048139233660409377
0.049186882544518792
0.954781981135966462
0.128477784393915190
0.953673582510454199
0.950788303383927058
0.163198750910760609
0.057690106390828846
0.152588228730833025
0.047925000856392008
0.954355296122619268
0.455775500940002298
0.954164644313248878
0.954803520372377368
0.207899012795324412
0.050364932507340851
0.752273806281407720
0.953407505456678073
0.953493596480549321
0.097682716432958117
0.047969198846301069
0.904659612159604332
0.953687115353143766
0.048083343512483903
0.048403899111446443
0.048083594706795421
0.861477822806053672
0.954786307840067017
0.954792523647510993
0.954522031796089410
0.049461839681878693
0.438722393509186293
0.954744438256671435
0.256983270800823727
0.047937948659800209
0.062821328373392230
0.954789009768485464
0.954581599962919913
0.933463648026354065
0.954785395204236664
0.825043694003105288
0.938542965056516354
0.939385740741554454
0.047963162557256092
0.906693436778864381
0.866361306044822421
0.053511657763094196
0.654070485908633481
0.954683741253805507
0.047957236715660469
0.049093982203545154
0.047903042961110295
0.954703600386377582
0.387102261255944824
0.047835920157062860
0.047913000211866785
0.384612733113809502
0.954541326073693686
0.050272321327079761
0.048030621041804424
0.050677158195721946
0.067210137058738351
0.389199567181288342
0.104465744939167632
0.954739285603767751
0.954223500801971491
0.954745815986258184
0.953664405324002873
0.048089661640159376
0.953568736968383956
0.048166062261566417
0.047961762613628216
0.914138852551164893
0.901398699919295776
0.050372517134017115
0.047940401927420231
0.954391848312376001
0.048365404060967489
0.475127911055705066
0.191110915650451574
0.055524289625791298
0.052754009294848775
0.953285732777037209
0.775115577814805667
0.048831165364806528
0.954182181033652155
0.133845419928476539
0.048187163765593150
0.047863289763734843
0.047986939944198663
0.954787500254552057
0.450300806815382371
0.826185274190047170
0.047854236145071075
0.048012570488076320
0.051641005276122420
0.954770714146838007
0.203548431923979145
0.593922075816042172
0.744779950161287396
0.048158919822447306
0.050536583794307095
0.954608842547757352
0.954768258725550156
0.051305695086582524
0.048745257454110416
0.391177806297128283
0.049284471668055635
0.901871090713718737
0.954521066918667560
0.952457369601350967
0.954626946941194210
0.047913108898158384
0.954264116187706346
0.048357741966644691
0.696733344258328113
0.846213953518825668
0.954417644601133652
0.951895581387311895
0.950155184600151137
0.048208201137811858
0.833354040315837485
0.047996944199417940
0.711897440234955270
0.951833766154275840
0.170616594747104305
0.954058086510694681
0.842257372415248895
0.954739001704177692
0.953219165992624462
0.954778314670454820
0.051416754977137172
0.047861332166082141
0.063046246840483683
0.854800970147525319
0.448668498389744930
0.049792018279132974
0.954381398589978280
0.954770512520794368
0.187577009798105820
0.049727029530254818
0.954723579986383131
0.822277884803543690
0.158909544538056696
0.048219693772084210
0.876966596472339655
0.952693818678631454
0.049480789872703754
0.050146991063554809
0.951745052366028133
0.836127856372595790
0.048640962892767731
0.954354637891186686
0.952911564445178438
0.913985061969214363
0.049885857106766407
0.952896349616203842
0.747592100531854320
0.803055077216939361
0.954039161015868054
0.047881745213356738
0.049418688064387581
0.624478662771349224
0.144621700763112204
0.139819777785616411
0.831757561303398618
0.050356690615903005
0.136680719277468693
0.952248831718883415
0.752539128129788848
0.952959362779467245
0.954625108229821384
0.086441581645614399
0.048240294681203506
0.952328335332220277
0.050607224297756180
0.954454172277303781
0.047895031761105211
0.049291483978865611
0.834742988984095158
0.954568431324804290
0.954762134697259013
0.579191308862147758
0.483039256127774819
0.726781308510716095
0.954803886118839373
0.942041318608322076
0.212883877618348594
0.048699419189693172
0.051783421103029782
0.945898847768582796
0.048800396228083243
0.954283150992742857
0.248462472383774002
0.096950986827119126
0.049022372432156687
0.162215142756152841
0.049254600826751538
0.948459317729127060
0.048263189708589178
0.771487432260305805
0.952061808013161204
0.954357647753262039
0.051046180694082323
0.864963849461380052
0.827517305936446124
0.155857923267662457
0.048528587973449111
0.863338544910905115
0.953885336067922252
0.296904666574333065
0.776569130142957254
0.049590756085325025
0.954632771763986088
0.208255416562928758
0.954500560356449035
0.915136899200119536
0.954662326518898374
0.049484444510730988
0.954023789767201258
0.879582743480342821
0.054252279574277820
0.391126041576190853
0.613907238383080256
0.048313362283421951
0.798832747838611135
0.954468249342644626
0.668405240480807294
0.601559708046577990
0.954736507960655567
0.952852119147901799
0.954721853806836607
0.954266673481653505
0.168227281063580703
0.701806085380691003
0.858958611387450999
0.048706227280583617
0.050521426134632647
0.954799220231918433
0.168260390353922845
0.829943887036186267
0.731364575499258374
0.954651340143613303
0.954379624565908080
0.049819337161607746
0.167469757518128648
0.049906604186897352
0.889407845602568914
0.133515471058251262
0.048358504835612437
0.604365710009163282
0.047896064201446480
0.820251638422432205
0.860040426297217775
0.954471173427803965
0.954658995080351014
0.945256087145786794
0.472303988109179562
0.859012589650866687
0.047895370945533790
0.954290834311458558
0.054388109514997882
0.947533015111243215
0.049194548960067606
0.489475251525125665
0.953800121639586274
0.899930676806000140
0.740393727155066572
0.675271631559158481
0.588227343566272598
0.954514159445122634
0.954665764204098433
0.047995121888677106
0.600780444265171409
0.051175302044237682
0.048927794356592461
0.122410689098041064
0.048021320496279753
0.048358598993028634
0.853870391401229445
0.048183291834451990
0.827310295166665433
0.946193488279678419
0.048221427907013455
0.229859385637847274
0.048002887309749664
0.952867420111808028
0.048245263794399237
0.609580778444077764
0.048085130016698875
0.941463381929015353
0.954257505624585112
0.049596535039586602
0.954207330554240563
0.859597153721404550
0.049454675682929314
0.820247008286125068
0.872282246303563769
0.453271014785252113
0.051853483852772789
0.953071665573297921
0.182808778000247252
0.796148764352373361
0.815904370138380908
0.942548132554235085
0.953791022267135857
0.154181365701892698
0.050011339887213825
0.083625289245809031
0.129797620779645406
0.954142600382509976
0.948822857022221910
0.954048814441749937
0.047986950801798892
0.048345939659547109
0.954778000504920898
0.166869096303081915
0.047854056486554511
0.911627722352888359
0.880781673143664068
0.941540031923852050
0.207754202054106191
0.910654051793295061
0.047989291251860203
0.048398611835744107
0.953645312929448763
0.050225623867306050
0.047891793935465943
0.559049084362362780
0.945480183562365517
0.654519398841446720
0.954711640821795049
0.954305919385912915
0.047846345577017321
