313347_313375
0.07856560498476028
0.03345288336277008
0.5488351583480835
0.9685555100440979
0.3386960029602051
0.9698997139930725
0.23724395036697388
0.03269827365875244
0.22845005989074707
0.9494682550430298
0.9400585889816284
0.942780613899231
0.19287437200546265
0.7240963578224182
0.7449424266815186
0.12615270912647247
0.3205684423446655
0.9835137128829956
0.3571913540363312
0.11532917618751526
0.21567155420780182
0.06296028196811676
0.03702212870121002
0.8619102239608765
0.955532431602478
0.9765852689743042
0.7567348480224609
0.24488717317581177
0.31884825229644775
0.02730124443769455
0.11626777052879333
0.8967270851135254
0.9371719360351562
0.26827138662338257
0.8932072520256042
0.07636915892362595
0.7355254292488098
0.976316511631012
0.5328987240791321
0.9523533582687378
0.8455961346626282
0.9469329714775085
0.7567371726036072
0.9230791330337524
0.4682258367538452
0.9840264320373535
0.09581214934587479
0.8373082280158997
0.0923965647816658
0.34427371621131897
0.980823278427124
0.20060697197914124
0.1762358695268631
0.7912519574165344
0.9565261602401733
0.05720124766230583
0.9469397068023682
0.22834189236164093
0.7718647718429565
0.05431994050741196
0.957460343837738
0.08323688805103302
0.6442087292671204
0.6244302988052368
0.9349051117897034
0.32868239283561707
0.22684991359710693
0.8618308305740356
0.4676969349384308
0.5211988687515259
0.936181366443634
0.22232942283153534
0.9673213362693787
0.7327010631561279
0.7388452291488647
0.07916092127561569
0.8332951068878174
0.34923475980758667
0.9661806225776672
0.0978720411658287
0.1967650055885315
0.7947579622268677
0.5614819526672363
0.9874011278152466
0.8536574840545654
0.8504166603088379
0.8188276290893555
0.8517493605613708
0.8599190711975098
0.928303062915802
0.462573766708374
0.023425837978720665
0.4455224871635437
0.07949333637952805
0.8022173643112183
0.08571629226207733
0.5516989827156067
0.3369221091270447
0.8331210613250732
0.4425700902938843
0.02935158461332321
0.65763258934021
0.4635768234729767
0.8776003122329712
0.15332123637199402
0.9017196297645569
0.8880889415740967
0.7500027418136597
0.9820418357849121
0.8633601665496826
0.940877377986908
0.640162467956543
0.3407548666000366
0.051904626190662384
0.05504704639315605
0.25112202763557434
0.9384415745735168
0.06677408516407013
0.9008293747901917
0.05665835365653038
0.061620455235242844
0.8523719310760498
0.9246655702590942
0.40387099981307983
0.8653866052627563
0.9660743474960327
0.07803934067487717
0.030648238956928253
0.9679625034332275
0.5670639276504517
0.8751832246780396
0.5357040166854858
0.32006192207336426
0.9563236236572266
0.03267378360033035
0.8762632608413696
0.7397679090499878
0.9508386254310608
0.5438327789306641
0.0510549321770668
0.11624526232481003
0.7904374003410339
0.988731324672699
0.2965676784515381
0.09578123688697815
0.9370656609535217
0.5094989538192749
0.05649429187178612
0.051042649894952774
0.0822354406118393
0.7021723389625549
0.1187325119972229
0.9584546089172363
0.068259097635746
0.18692739307880402
0.564764678478241
0.9924569129943848
0.8799198865890503
0.6626886129379272
0.5218183994293213
0.8010842800140381
0.9704601764678955
0.16406159102916718
0.06761077046394348
0.02420628070831299
0.21088270843029022
0.333700031042099
0.9842773675918579
0.047760121524333954
0.6031634211540222
0.9097916483879089
0.6916040778160095
0.29375672340393066
0.3352806270122528
0.19819334149360657
0.7157060503959656
0.8300988674163818
0.08170340955257416
0.9433271288871765
0.03344477713108063
0.7219390869140625
0.18041501939296722
0.9494474530220032
0.22994083166122437
0.19617155194282532
0.6356074810028076
0.14755813777446747
0.20810675621032715
0.0812918096780777
0.08991673588752747
0.901918888092041
0.9799304008483887
0.038070473819971085
0.4397202134132385
0.1006615161895752
0.9762645959854126
0.08770328015089035
0.966968834400177
0.34942135214805603
0.04815560579299927
0.15445619821548462
0.910698652267456
0.9540773630142212
0.9023425579071045
0.37831729650497437
0.022918686270713806
0.8491798639297485
0.9660601615905762
0.9325680732727051
0.30622923374176025
0.07595434784889221
0.08573665469884872
0.06908074021339417
0.03485206887125969
0.01952182501554489
0.1106269434094429
0.9756392240524292
0.9809594750404358
0.022971829399466515
0.052975643426179886
0.8341966867446899
0.9665021896362305
0.32671308517456055
0.08627170324325562
0.32688459753990173
0.2013252228498459
0.02300054021179676
0.07214760035276413
0.298350065946579
0.8457866311073303
0.14383278787136078
0.13148275017738342
0.9080272912979126
0.6879864931106567
0.7533113956451416
0.8596656322479248
0.3279738426208496
0.2976768910884857
0.44062089920043945
0.9545344114303589
0.4552285969257355
0.10092547535896301
0.9499037265777588
0.29072314500808716
0.03693080693483353
0.9812010526657104
0.9700989723205566
0.08040117472410202
0.22527146339416504
0.8950271606445312
0.6755168437957764
0.2800688147544861
0.13782140612602234
0.2786613702774048
0.050650205463171005
0.905107319355011
0.23070687055587769
0.05180712789297104
0.9414241313934326
0.9556997418403625
0.8648790121078491
0.9697065353393555
0.9784318208694458
0.10586505383253098
0.9490119218826294
0.8942986726760864
0.11033964902162552
0.12707477807998657
0.9512331485748291
0.022259842604398727
0.7693288922309875
0.7391987442970276
0.01624852605164051
0.4007537066936493
0.07094357162714005
0.10429027676582336
0.9358030557632446
0.33258140087127686
0.689315140247345
0.976169228553772
0.5922091603279114
0.09678877890110016
0.29908105731010437
0.8781234622001648
0.9537491798400879
0.20397119224071503
0.060398876667022705
0.8026592135429382
0.7083941698074341
0.21856689453125
0.06429433077573776
0.07193836569786072
0.8513425588607788
0.9796797037124634
0.9598185420036316
0.9575332999229431
0.1724448800086975
0.444205105304718
0.9596503376960754
0.5330067276954651
0.062368325889110565
0.19688132405281067
0.9348883628845215
0.799859881401062
0.7449029684066772
0.9770821928977966
0.3159620463848114
0.8372133374214172
0.9072049856185913
0.04208238795399666
0.5625879764556885
0.967607319355011
0.10367190092802048
0.7267981171607971
0.9869372844696045
0.16878291964530945
0.21190379559993744
0.031974341720342636
0.9652718305587769
0.31368958950042725
0.03846370801329613
0.15061254799365997
0.5976724028587341
0.9396284818649292
0.07950793951749802
0.10969801992177963
0.05277305841445923
0.3254769742488861
0.9236308336257935
0.22958219051361084
0.9871948957443237
0.9574562311172485
0.9803180694580078
0.8719794154167175
0.03721637651324272
0.9335495233535767
0.029783224686980247
0.030204813927412033
0.6280553340911865
0.9396432042121887
0.1057375818490982
0.035405565053224564
0.9808120727539062
0.06752657890319824
0.5864772200584412
0.0478203222155571
0.08336522430181503
0.5183767676353455
0.9771728515625
0.6622426509857178
0.07583989202976227
0.9823020100593567
0.1822757124900818
0.04447713494300842
0.03977037966251373
0.036750901490449905
0.962884783744812
0.44255053997039795
0.8758089542388916
0.025098856538534164
0.057828038930892944
0.061835478991270065
0.915505051612854
0.5356969237327576
0.528489351272583
0.42654451727867126
0.10716625303030014
0.17685070633888245
0.9437500834465027
0.9748086929321289
0.10242003202438354
0.09305199235677719
0.38394737243652344
0.19669130444526672
0.8968631029129028
0.953681468963623
0.904617965221405
0.9603002667427063
0.06466232240200043
0.9759060144424438
0.03862043842673302
0.6470779776573181
0.9005458354949951
0.9664055109024048
0.8201310634613037
0.6220867037773132
0.07211730629205704
0.8265664577484131
0.10045413672924042
0.24621684849262238
0.9386520385742188
0.08161190152168274
0.9475412368774414
0.8815276026725769
0.9449245929718018
0.7816311120986938
0.9743688106536865
0.18184298276901245
0.15322555601596832
0.3534151315689087
0.7904378175735474
0.3380739986896515
0.10486739873886108
0.7894525527954102
0.981282651424408
0.09669632464647293
0.0787019282579422
0.9797656536102295
0.8053827881813049
0.18706347048282623
0.10733305662870407
0.966463565826416
0.9545302391052246
0.17242953181266785
0.273811399936676
0.7907229065895081
0.9416113495826721
0.11996710300445557
0.9149582386016846
0.9261394143104553
0.5600559711456299
0.41718852519989014
0.8481435775756836
0.293988972902298
0.48299598693847656
0.9170645475387573
0.17789451777935028
0.11130931973457336
0.35554039478302
0.3664441406726837
0.25924184918403625
0.8607970476150513
0.09633197635412216
0.15835995972156525
0.7397887110710144
0.7094526886940002
0.7613202333450317
0.8276878595352173
0.13861484825611115
0.0580090656876564
0.8972428441047668
0.16861750185489655
0.9397119879722595
0.0157304797321558
0.04803711920976639
0.8050903081893921
0.8973984718322754
0.9607475399971008
0.4055173397064209
0.5912373065948486
0.779620885848999
0.947192370891571
0.9199722409248352
0.7792402505874634
0.1391923576593399
0.19258718192577362
0.5935273170471191
0.11715122312307358
0.9366034269332886
0.1630110740661621
0.21737658977508545
0.03934403508901596
0.12764473259449005
0.08275818079710007
0.7824554443359375
0.10908980667591095
0.5889416337013245
0.9473724365234375
0.8782404065132141
0.08221249282360077
0.9016010761260986
0.6581208109855652
0.23667587339878082
0.09186303615570068
0.8011903762817383
0.968460738658905
0.4106735587120056
0.6663064956665039
0.10340055078268051
0.9691323041915894
0.2593860626220703
0.9736644625663757
0.7592113018035889
0.9928503632545471
0.12438374012708664
0.8470276594161987
0.9231494069099426
0.12734176218509674
0.6110817193984985
0.8908708095550537
0.06337106227874756
0.6003680229187012
0.9693886041641235
0.7040174007415771
0.7499154806137085
0.9413496255874634
0.9171369075775146
0.956040620803833
0.940220057964325
0.31079280376434326
0.8267394304275513
0.5966508388519287
0.12819664180278778
0.12375704199075699
0.8441370129585266
0.17987780272960663
0.8195885419845581
0.8195654153823853
0.932445764541626
0.9396060705184937
0.057135481387376785
0.1426306664943695
0.27620255947113037
0.540845513343811
0.1890515238046646
0.053964462131261826
0.5042092800140381
0.04974451661109924
0.4596865475177765
0.9245133399963379
0.890860915184021
0.9649479389190674
0.752045750617981
0.6435255408287048
0.8717727661132812
0.038273248821496964
0.9617003202438354
0.14040248095989227
0.8204149007797241
0.07234169542789459
0.6692118644714355
0.9630382657051086
0.8929564952850342
0.5696113109588623
0.4853181540966034
0.7676416635513306
0.9628542065620422
0.9808122515678406
0.06046963855624199
0.6537517309188843
0.05137370526790619
0.06840990483760834
0.524727463722229
0.2146817147731781
0.052261631935834885
0.9145849347114563
0.047111112624406815
0.8338043689727783
0.8187083005905151
0.05122671276330948
0.4193156957626343
0.21702374517917633
0.9295685291290283
0.12487516552209854
0.4482934772968292
0.285357803106308
0.8318600058555603
0.9580446481704712
0.172899067401886
0.9579617381095886
0.8950566053390503
0.16705693304538727
0.8486823439598083
0.9015744924545288
0.6256265640258789
0.11786998808383942
0.9670518040657043
0.23447145521640778
0.2650417685508728
0.6459826231002808
0.7726281881332397
0.8123467564582825
0.16032491624355316
0.0900610014796257
0.2375698834657669
0.18279756605625153
0.8102772235870361
0.6432679891586304
0.7728255391120911
0.06165193393826485
0.12450697273015976
0.9748933911323547
0.1767221838235855
0.04988018795847893
0.8858027458190918
0.8291926383972168
0.9254328608512878
0.45491594076156616
0.7389271855354309
0.0455026850104332
0.1776718646287918
0.9484370350837708
0.09525416046380997
0.06307084113359451
0.6139246821403503
0.9345657825469971
0.22038543224334717
0.9631061553955078
0.8527758717536926
0.01974160224199295
