313347_313375
0.1375
0.05
0.45
0.975
0.425
0.975
0.2875
0.0375
0.35
0.8875
0.925
0.8125
0.2375
0.775
0.75
0.1125
0.3375
0.9875
0.2625
0.1
0.2375
0.1125
0.05
0.775
0.8125
0.95
0.5875
0.3125
0.375
0.075
0.1375
0.9375
0.875
0.25
0.775
0.175
0.7
0.975
0.675
0.9125
0.6875
0.9
0.775
0.875
0.4125
0.9875
0.125
0.85
0.1625
0.35
0.9625
0.3
0.3375
0.6875
0.95
0.1
0.9125
0.125
0.575
0.0625
0.9375
0.125
0.675
0.575
0.8375
0.325
0.1625
0.85
0.65
0.7125
0.9
0.1125
0.9625
0.5875
0.8375
0.175
0.8125
0.475
0.9125
0.125
0.4
0.725
0.4875
1.0
0.75
0.8625
0.7
0.8
0.675
0.8875
0.4625
0.05
0.45
0.1875
0.8
0.15
0.5
0.2875
0.7875
0.475
0.1
0.6
0.4375
0.9625
0.1625
0.775
0.8875
0.6625
0.95
0.7875
0.95
0.6625
0.225
0.1625
0.1125
0.275
0.8625
0.2
0.7875
0.0375
0.1375
0.875
0.875
0.4875
0.725
0.9375
0.1375
0.05
0.9625
0.475
0.9125
0.45
0.2875
0.875
0.1125
0.9
0.675
0.9
0.675
0.05
0.1375
0.75
0.975
0.3625
0.125
0.875
0.5125
0.0125
0.0875
0.1875
0.6375
0.1625
0.8625
0.1875
0.225
0.475
1.0
0.9
0.625
0.5875
0.8375
0.975
0.3875
0.15
0.05
0.2
0.2625
0.9875
0.0625
0.575
0.9375
0.675
0.425
0.3
0.3
0.7625
0.825
0.1625
0.85
0.0625
0.775
0.25
0.95
0.25
0.225
0.5875
0.3625
0.2
0.1625
0.1625
0.725
0.9375
0.0875
0.375
0.25
0.9625
0.225
0.925
0.5125
0.0375
0.2125
0.8625
0.95
0.85
0.3125
0.125
0.775
0.95
0.8375
0.275
0.15
0.0875
0.1125
0.05
0.05
0.15
0.9375
0.9375
0.05
0.1125
0.8875
0.9125
0.2625
0.1625
0.2625
0.375
0.0625
0.125
0.3625
0.8625
0.275
0.1
0.9125
0.675
0.6875
0.85
0.3375
0.35
0.45
0.8875
0.6
0.2
0.9375
0.3125
0.0375
0.925
0.95
0.1875
0.3625
0.7125
0.5625
0.425
0.1
0.3625
0.05
0.95
0.2625
0.1375
0.8625
0.95
0.9
0.95
0.9125
0.2625
0.85
0.8125
0.1625
0.1875
0.9375
0.1625
0.7375
0.7625
0.0875
0.2875
0.1
0.1375
0.9125
0.525
0.725
0.9625
0.65
0.15
0.5375
0.8625
0.95
0.15
0.15
0.6875
0.7625
0.35
0.0875
0.125
0.925
0.9625
1.0
0.9125
0.125
0.4875
0.875
0.475
0.05
0.1375
0.9
0.8375
0.7125
0.975
0.35
0.6625
0.8
0.0625
0.45
0.9
0.2375
0.675
0.975
0.1625
0.275
0.05
0.95
0.6125
0.0375
0.15
0.3875
0.8875
0.0625
0.05
0.075
0.425
0.875
0.275
0.975
0.925
0.9625
0.775
0.0625
0.8875
0.075
0.1
0.525
0.925
0.2625
0.0625
1.0
0.1625
0.5
0.2125
0.1375
0.525
0.95
0.775
0.15
1.0
0.1625
0.1
0.075
0.0375
0.9875
0.45
0.8375
0.125
0.15
0.1375
0.85
0.375
0.575
0.4625
0.15
0.2375
0.8375
0.95
0.1625
0.1125
0.475
0.2125
0.7375
0.95
0.8
0.9375
0.125
0.95
0.0375
0.55
0.875
0.9875
0.75
0.6
0.2
0.775
0.175
0.2875
0.8875
0.175
0.95
0.65
0.9
0.725
0.95
0.1875
0.1125
0.275
0.7375
0.4125
0.15
0.8
0.95
0.1875
0.175
0.9625
0.8625
0.1875
0.1125
0.9125
0.825
0.1625
0.2
0.7625
0.8875
0.275
0.925
0.925
0.475
0.4125
0.7875
0.3
0.55
0.8125
0.175
0.2375
0.3875
0.475
0.2125
0.75
0.2375
0.125
0.675
0.6625
0.6
0.7125
0.15
0.0375
0.9125
0.1875
0.925
0.0375
0.1
0.8
0.775
0.925
0.6125
0.325
0.75
0.875
0.875
0.7125
0.2
0.2
0.8125
0.175
0.825
0.2375
0.3375
0.125
0.05
0.125
0.775
0.1375
0.525
0.975
0.8125
0.1375
0.7375
0.7
0.1375
0.2875
0.5875
0.9125
0.45
0.6875
0.3125
0.9375
0.275
0.975
0.6125
1.0
0.2375
0.75
0.8875
0.1875
0.475
0.7875
0.0625
0.3875
0.9625
0.5875
0.7625
0.9375
0.8375
0.95
0.8875
0.2875
0.625
0.525
0.125
0.1375
0.9
0.1625
0.85
0.8375
0.85
0.9125
0.0625
0.1875
0.2875
0.5125
0.2125
0.0375
0.3625
0.025
0.4375
0.875
0.925
0.9625
0.7125
0.575
0.95
0.05
0.9125
0.225
0.675
0.125
0.6125
0.95
0.7625
0.5875
0.45
0.6125
0.9125
0.9875
0.125
0.6375
0.1125
0.05
0.4375
0.15
0.0625
0.9125
0.075
0.8875
0.5625
0.05
0.45
0.375
0.8875
0.2
0.5
0.175
0.65
0.95
0.0875
0.95
0.8375
0.175
0.675
0.8625
0.675
0.1375
0.975
0.2
0.275
0.7125
0.5375
0.8375
0.15
0.0625
0.2875
0.175
0.85
0.7125
0.625
0.15
0.3625
0.95
0.2125
0.15
0.7
0.8125
0.85
0.4125
0.5375
0.05
0.0875
0.975
0.1875
0.1625
0.5125
0.8375
0.35
0.8875
0.8875
0.0125
