323145_306011
0.34950339024143473
0.28275880016679766
0.3556322982931547
0.6637072270009786
0.47355138016367015
0.71914685325041
0.4082594195742532
0.27075583243082413
0.4422591279068271
0.7454675680254322
0.7332023959609528
0.7526895026173628
0.3814332786187099
0.6171409972366972
0.5990656443905025
0.262030307682521
0.4235103762933736
0.7844973890374356
0.5266211893917616
0.3149013631312073
0.5655792924229104
0.2883755171264233
0.28802404692072514
0.6328198066633702
0.6363144742782856
0.6655000468559699
0.3896127885879279
0.36160791914546114
0.39630707747865435
0.25060240048061866
0.30527189671647936
0.571149477750901
0.576811611058064
0.47951880074521663
0.6488133487588057
0.4097931772677351
0.567546903415569
0.7892504448588799
0.5950522020716895
0.6359067807209702
0.5858021536667858
0.6440200542106291
0.6491102128350836
0.6057816931758598
0.5545375896725913
0.6974126535013134
0.2961177652198276
0.5941770414439345
0.3656684214845663
0.3851584893540134
0.7539129391528386
0.5076098703298054
0.4087025215020811
0.6694794052460104
0.6704156494850229
0.3555088180409651
0.7265097973630235
0.3015637371310155
0.5432108524056852
0.3155995537628972
0.6647404621797849
0.3210023460479431
0.4524581714970549
0.4824496984657884
0.7266259551825676
0.41660565724743837
0.34609758595327805
0.6192649170382175
0.4911198973788481
0.6950212543941934
0.6962806991203823
0.3168919719952675
0.7161010979221147
0.7214756782109428
0.4591860842741583
0.3363594577556166
0.6664846914852425
0.33147528768172935
0.7322844258281223
0.3465760393194363
0.4367200839345452
0.6769228996761159
0.44298398816041074
0.7788762031939618
0.538272082133788
0.4689828569298443
0.508819994684718
0.6055237311471473
0.6336058877015804
0.6106619776227429
0.5830902539189128
0.2883805778080673
0.36642204329211137
0.4509793170803771
0.6189711134192398
0.35964172225689073
0.4092646990939519
0.312939792551865
0.5913218952216646
0.5430816925445332
0.27457793027542626
0.46592136755353075
0.548528714670649
0.7309040090871541
0.40069392913554
0.5847041380296375
0.5519298676353668
0.6622825525831385
0.785807331852383
0.7414551538665068
0.593514588427524
0.4277397907458957
0.5721401724665641
0.3261627832818591
0.3462872360184028
0.36454772817686126
0.6904349217161129
0.3741115015166048
0.5886201454597868
0.254289762978716
0.27897793634664153
0.5670767022220902
0.6858583984352719
0.5447920071638206
0.6710097439562012
0.6467587421202883
0.3652991520963717
0.2638153012363244
0.7771697567599809
0.5084833258189205
0.767142999628287
0.47011092798388054
0.349619757269359
0.6613305528476642
0.2925408569848018
0.6866759798955453
0.6192931348236386
0.5753508487751964
0.5723819218422125
0.26519044074463627
0.4193160722506836
0.5341170717176731
0.7140171041961679
0.3608998493617721
0.4599332100735736
0.6329982248639227
0.5506633553937512
0.38825215711805106
0.3320409913535169
0.46911315976011436
0.6290298454956379
0.295409119829492
0.7515747842875289
0.3292380149171008
0.29703981193868145
0.5076935750521936
0.6912497683811059
0.589403463017827
0.43949496860662984
0.5942396309766701
0.5654096673673904
0.7303907776983298
0.4848186718198576
0.25432776185316763
0.3091189174252392
0.4738478428130465
0.41079228949703883
0.7842368174322228
0.459611097943547
0.40967609692103124
0.679394596130314
0.6967073583015546
0.48820061702964895
0.3978000999161787
0.4405376293114389
0.7305168223204985
0.5827654432355277
0.38154353912300926
0.5494447123341587
0.3607259858606543
0.6411296316034274
0.5071109037291328
0.6372287795825641
0.5258080040123261
0.30845949947673157
0.5666018487458999
0.41862972936562937
0.39548083341875173
0.3031874543507473
0.3696469830386003
0.6220413034807412
0.7368113984047802
0.27500515199477604
0.3810183881539203
0.4061579130960219
0.759777129440806
0.31555815266127446
0.6863899959374753
0.29095637338396424
0.30458427128364096
0.2678561289940047
0.7123404131237041
0.7348822173078893
0.6586055184749426
0.31303173534166284
0.24214579665067776
0.6735865591094123
0.7759656440537263
0.5812822882793096
0.3358871197010981
0.26935344968976044
0.383812734557989
0.3308214292838071
0.26346855638101097
0.3392533029810924
0.4064058715423471
0.7716565270855829
0.806279167281531
0.2713767885390155
0.420327464276359
0.6232760736128743
0.7053078804176557
0.4889372956274015
0.2657319435174751
0.40326346608293917
0.4017788086357355
0.3732632096780357
0.38711501194940523
0.3630307289904472
0.5282236644306042
0.4773440074577423
0.35278955726625066
0.5781819142237545
0.6532874245783128
0.6184229552098411
0.6317890724978497
0.4246149292111334
0.5592462985259694
0.3476002138868366
0.6839780864279005
0.6336809409574983
0.4853369150261958
0.748217515644741
0.4655427043292222
0.28777398034187185
0.7447196571057746
0.6918483996077536
0.39782324605880975
0.3792151674344762
0.6314143165301669
0.5739154570813236
0.35279406911051636
0.42592517026686144
0.3729951616643754
0.33930627150297665
0.6206868345218532
0.4317434031153522
0.35832605583854454
0.6707874931910003
0.5840607477817934
0.684531963907294
0.7161575211177508
0.7482407341651479
0.31868790772102434
0.7144583399612633
0.7245856496924653
0.42531975645113074
0.537731396847089
0.6140196990171137
0.28684970493109613
0.5825872739946518
0.414280892606925
0.24955607049980383
0.393532363783903
0.2675121944893262
0.4631964775466804
0.6028733835462923
0.3856457873984469
0.5188271841998053
0.7499009284940642
0.45859097266138993
0.3303542004230115
0.3427360743821021
0.6114059626752476
0.7315866056011133
0.3700990760750569
0.3608327363600619
0.5685323084635092
0.5951903206512245
0.2810825988789435
0.30438746785773796
0.31914262046644204
0.5244328009015239
0.7736660325190611
0.6738603761427988
0.7048855898467088
0.40580958151172175
0.5685307830938099
0.6010896899826899
0.5461523895869635
0.30596143944982523
0.29693320042343285
0.6646514319290097
0.6112491286588617
0.534872880094996
0.7915485613682993
0.42829975835477097
0.46561121708208186
0.5884355427847405
0.3039999955011686
0.6133131684909366
0.7191336900414133
0.4158961703150006
0.5087359567913083
0.7912615682483233
0.333032275570763
0.4828757517456416
0.2503408619253764
0.7171587465043641
0.38632682435566273
0.3763795360558933
0.2919768714640858
0.4585570874930225
0.7500522277632715
0.4084088647500303
0.34799007961235395
0.2920114147177453
0.4043718748655275
0.6057359970748679
0.3856755867306759
0.8129444462803412
0.7291277429929988
0.7138634750986508
0.5642968488446161
0.3183659683130071
0.734585982236454
0.2670746235506107
0.2391462421517418
0.5105133474434957
0.5592290930444563
0.316574806871409
0.2626587976463516
0.7469727753867831
0.4600286842520032
0.5031647406986841
0.3048968986672748
0.43077151286262855
0.5751723188219868
0.6751040417532913
0.533677859046963
0.3443727244228989
0.7160053415251498
0.5809850391338218
0.2867530627175301
0.2433185315215629
0.2908487939671854
0.8093783709865128
0.45311150825721047
0.7196026404967137
0.23316505781688476
0.3777626637021886
0.3362809818968721
0.6563377283107241
0.41157295666596294
0.7545366829615481
0.5466326071445002
0.37916808233699323
0.4855640818966616
0.6465123994627653
0.7899927065716208
0.3362725057448217
0.24604393878926206
0.4220554373263018
0.443306363995836
0.612560586644458
0.7497793127704112
0.701939474502179
0.7216392033223505
0.35489360562909544
0.7648727973536117
0.3202784717940995
0.5413653353154988
0.689849996778215
0.6802089371671479
0.436359214170022
0.6692782248038383
0.5846171256936488
0.6501664633110239
0.44711116881303276
0.3194048360642131
0.6384190433616079
0.40128179849497325
0.7105605832131003
0.5325864102648876
0.7116474862517106
0.4738642202455213
0.7488420241776463
0.4652863613135709
0.3875154855813555
0.34981012774452336
0.5640725075526403
0.46628346113572644
0.41115871589275743
0.6549309340479145
0.7668548683406876
0.4213456531083466
0.42053067013262735
0.7640258694213155
0.5881864869352447
0.2981287059247635
0.31388081110992766
0.7160517197524917
0.6024441049440826
0.338226203395123
0.5233491326804455
0.5994364925680211
0.67357736542733
0.4419986567322628
0.6408323679247074
0.6057168742881992
0.5255573071959421
0.33421388974076904
0.5602153053234913
0.366201680235257
0.49570852028298906
0.5609783566777351
0.4023761535935849
0.49878150572762736
0.41664921526857324
0.6222983066653175
0.4312156083503881
0.6446817410913824
0.3342750379050326
0.31127375590744993
0.5651703021157846
0.6732333912326227
0.5339947572795724
0.6874282217954167
0.3621730679097855
0.42858223699252
0.705345792078372
0.3970959267765208
0.6600737635084089
0.3010518942150076
0.3658143770044861
0.6302292616614148
0.6315276892537289
0.7221069998471449
0.3747917689259457
0.5528313140160799
0.46147488062402536
0.7144708461542392
0.6552643915494871
0.49899685119067544
0.31132520825422505
0.38031138377330953
0.46463715217274487
0.33754394639442376
0.6695020518223398
0.40558469450455276
0.4702317657700468
0.3437490234471591
0.2850018165132079
0.4194817279080306
0.6808032294846709
0.29412938266665006
0.4561422166899659
0.7256275358358969
0.6505393531135477
0.351529909020739
0.41746849160418964
0.5263268856163803
0.4615731888698557
0.3276266733662952
0.46072842797396074
0.7416172385347282
0.48776420130940457
0.5655028547085668
0.4638102461379507
0.6324588469747345
0.3542962875054556
0.8101313784387957
0.581762964016441
0.6792080798451354
0.43747607601493355
0.6205139596277174
0.5749934112712258
0.3176688607304901
0.4161998039808711
0.6651719305328557
0.37603266996933765
0.4405690584485239
0.7280211553271759
0.5605243585294788
0.510021383861962
0.6703116676831711
0.614461969977191
0.5935708241827878
0.6927223623861862
0.4271411230237485
0.3864325585823711
0.4372250608766327
0.3872312219123608
0.26594748310667404
0.638703954999871
0.2993560975616451
0.6919849174047685
0.7502993127323939
0.7164692586786264
0.736034540990125
0.3458971973272435
0.4436606811205488
0.3763662056815702
0.4157135783687726
0.4450943287755336
0.3456471689951456
0.42619235489364693
0.26166525717672073
0.6252050824718747
0.6971859922914769
0.589857849147502
0.5908460144934164
0.5802849616310991
0.5529422111369913
0.5789129700398876
0.36035709369839775
0.7060582468316144
0.4609212965784946
0.5946777352706486
0.45240987107227343
0.5270621183725607
0.6720237726638939
0.6699387329186961
0.5351071015492016
0.5391740996044538
0.700757515318281
0.6693159618125287
0.7891186735312996
0.4019318784885687
0.5528170027516215
0.3431434205163658
0.5072854599251784
0.31192549026457284
0.36367178096417213
0.2607991436352811
0.7284551117766678
0.2940224455699047
0.5962519879059608
0.3954431647519516
0.310815261277179
0.5371602228656615
0.3865458312895452
0.6427176412861176
0.3208315485346141
0.6305148659013249
0.48847171732754463
0.5239564651418269
0.6722764322579786
0.3646181395407254
0.6483354279686373
0.6475572373370114
0.3828416867738449
0.4617603207281175
0.5824184748956274
0.41757869752210575
0.42392874140036985
0.6901753613503769
0.38270303130717914
0.559573084696128
0.7254874410895469
0.5077243874146242
0.6789959304981288
0.2961230375203491
0.3977809072827687
0.4625512460374022
0.37990158487312053
0.7072627529820186
0.6717451677422994
0.4642967314618715
0.436916836488754
0.4446129780531588
0.724376629671426
0.3233787656105739
0.3366470244799999
0.7052187417945904
0.5985171307002752
0.6649558026203273
0.44076010850051356
0.5663925914976959
0.24628425055620712
0.3202407921215382
0.7172255876200597
0.4195088250851488
0.37048426813913987
0.3407724803162185
0.6643897286186118
0.3667005960972463
0.7516782524920589
0.7320136614720694
0.23233024796836432
