323145_306011
0.401422197028732
0.19102349668857857
0.5068252218995809
0.7372189416068232
0.4041134007215938
0.8274318919200605
0.3511004864036156
0.18164865894830518
0.4822367494169796
0.7917466133122367
0.7329783874290728
0.6890980595832986
0.3951787772586645
0.5892593638854142
0.538837203130547
0.24976437383320396
0.37736697823528875
0.8690032970432681
0.5187253022052889
0.2902974558919385
0.3874777470367363
0.3241975515884187
0.24424646065026423
0.5915907053534214
0.6079248797973364
0.7116503113943407
0.44584289715763603
0.4174967381014488
0.47807368832700525
0.2574351284373399
0.25966099997844805
0.49524945443764545
0.659355656444887
0.5344550220284412
0.6252052869239957
0.3996662222612025
0.5397588491843804
0.8932590830958808
0.551577851598252
0.5772912735208179
0.46079191366155103
0.7436890443270914
0.5590604967112593
0.6280475493473061
0.4843479889931677
0.829306563362678
0.3252272246648628
0.6591084061707131
0.40314003650165764
0.4221414295321859
0.8778892390964482
0.5403556051607248
0.4322566098823286
0.5795346487754716
0.7186925187140242
0.33053386399953183
0.7568836112226758
0.255508580729556
0.4735272859297074
0.2208490979387706
0.6768383046937336
0.40244926484273047
0.5030368800875771
0.43780567263710785
0.7186466567304136
0.4715707004001457
0.2548245955724948
0.5365657846318502
0.4279542384000589
0.666834532469594
0.6863246006168378
0.3206279373361416
0.8257284553006581
0.7376412025796708
0.5600029556050128
0.3738344419107359
0.6639192381467373
0.3788184343728901
0.7317687234383389
0.3518798979351278
0.3108591989550086
0.644970575391241
0.45204861647763006
0.8368607643891812
0.6060931306272968
0.48821125079279665
0.49990824981691867
0.4813204283860518
0.5816033678285449
0.5472840736159508
0.5220029568016628
0.19654105970691554
0.3919451602380618
0.49937936314876796
0.6531169271904568
0.33701624738964403
0.44470270263055534
0.37042128967278243
0.7331608602464421
0.5640939533340019
0.30526112253268395
0.3599845796740975
0.5136477259226598
0.7868663020354751
0.4171828303459775
0.5195877234650454
0.4747483808147235
0.6157534919684962
0.8141119964732305
0.7021114428902469
0.5503281447899979
0.44584585657965836
0.5715805477938932
0.30623864432903586
0.31708693541826016
0.38923655172411237
0.6072644583290316
0.2977738667237227
0.6053367007335385
0.16937718329265214
0.23200753417549086
0.7259962761266939
0.7616959130726275
0.4306157676602725
0.6288587460809371
0.6459017685899046
0.31574276417105923
0.18991047450755552
0.8318774606211028
0.4457887142527238
0.7817432083740135
0.44798081291773223
0.28670065277982143
0.6401345332268595
0.29948791815830733
0.6790823569766515
0.5994432097461729
0.5705571164363181
0.49784700869674386
0.28301063699311163
0.48231582575982135
0.48028336391604837
0.7656175434718119
0.387626089535311
0.4348536080055868
0.6374590696970727
0.4864767479989176
0.4173420353664719
0.33553157807105166
0.4062155059116028
0.5512334812344771
0.3308363652723998
0.7729357945177829
0.2763174052469719
0.3380060939048666
0.5140711012904733
0.7517261193767165
0.6933448271653156
0.4832499854806357
0.5310416198990949
0.5852525171337086
0.7812396975966195
0.549802071178122
0.20488311299860398
0.32388894011168445
0.42292587515929014
0.3641546443015928
0.8426549748349834
0.4293187361805232
0.4299733167036902
0.7526187662526674
0.6854136996290356
0.580535703239706
0.43127900854244283
0.4105096151821052
0.6592240152471247
0.5283159546237828
0.43938736897040737
0.5904820371161591
0.33064691927562334
0.5827485447988549
0.5285998818985327
0.6163027832774624
0.4766767707266933
0.3308110157631942
0.5119896544435462
0.3123974775899809
0.43841859135998884
0.2639111203676661
0.3719302414193505
0.6335769977111194
0.8027810739250925
0.291530267627846
0.4049243904284817
0.37886258851473364
0.7564534182277993
0.3611768515712015
0.7081884621594924
0.3047836602436336
0.3595441580079462
0.2905235691013002
0.7470611213446243
0.7756409569348531
0.7304452839533557
0.2500335363196928
0.1844737431102978
0.7164984933183186
0.8433498834756572
0.6512368081817441
0.34137963093469503
0.2675560084664464
0.4046945634406385
0.36959950770272515
0.259570745124206
0.29828155455532723
0.3567815187417133
0.8413224056951946
0.858021424758101
0.17702716117731607
0.35695131908732103
0.5978837471560826
0.6449301840721564
0.4986523972366525
0.2910849260572834
0.5528724202415601
0.3934331841987194
0.2961519320953755
0.373763589830485
0.3260960378385189
0.7486712809587087
0.39187331924549945
0.3501335777103138
0.5740234241715332
0.5425969828920402
0.5784408559399711
0.631340882997783
0.4385545819051461
0.43723379268895624
0.3806513380901374
0.6874585220727967
0.5375151618493061
0.4605990006725302
0.7497413029559755
0.45847250031162007
0.29013747844248744
0.8479666516158664
0.7068513820753429
0.3931414895856517
0.387623036842022
0.604115936326684
0.5201145979923071
0.46804836602779953
0.4905801253024827
0.47071011017583325
0.312376010053144
0.7527517389915117
0.41021041277509634
0.36484935170240335
0.6730774615023286
0.6652333039828613
0.6605051885985648
0.8208530934211498
0.802563521537925
0.33752647406036407
0.7742351815342753
0.788266023425687
0.4353012116759354
0.43302181414216995
0.5915979533882012
0.19671487976248053
0.46479431865372783
0.398947333570896
0.17031703578867446
0.3772971670449557
0.27034699371099186
0.404328178621467
0.5522291936035856
0.39084703159880074
0.5381987501355591
0.7610399185253792
0.48114893104831213
0.3162189101441092
0.33843461960909993
0.514252576953981
0.7998153465471578
0.358385057599288
0.3662559068161677
0.47396972073702526
0.538347343298748
0.2960266677091644
0.3189783774078888
0.36190340260137943
0.6086034173330725
0.9041118071139629
0.7323819992786719
0.7240424078047367
0.3774608466500328
0.61613308171999
0.5546736855213193
0.5197838101379675
0.31297903597704574
0.30871103747596446
0.7084602618129819
0.5687432935755578
0.5742907187350463
0.8887131173350215
0.4092289361088565
0.46517163602651235
0.6059216975711889
0.3603310359722346
0.5276596039164039
0.7660479554844878
0.41103378915055194
0.49777282274705964
0.855570394480943
0.2949240834230881
0.5040918871781324
0.25709452045448294
0.7343533756405275
0.4618498545780723
0.30949034255463936
0.30248052638427464
0.5646279277322511
0.80618588754972
0.3330674444480284
0.370676127824458
0.2601304792190461
0.398330009405308
0.6234496559450676
0.4162432158975721
0.8702766346263695
0.7075312839649419
0.7685718746399309
0.5650375503900494
0.34805909900458754
0.8250680329854925
0.20908574769007104
0.20576038846405953
0.5162851964181574
0.574698179345349
0.3352929748454408
0.22060013684654337
0.8394954816670874
0.4011655103459619
0.4912536612117551
0.2586223786349282
0.4267770916979231
0.492009256082509
0.7130970447312772
0.5134375421435902
0.3940925630772492
0.7589150414551787
0.4908784532338266
0.3167255360186033
0.17773742312530466
0.26654812791881577
0.9199468978120019
0.5140046466568473
0.7211042476553865
0.19517221808365112
0.38257183425449676
0.31473044960837954
0.5792234412044786
0.40775763708746887
0.7959803800430734
0.4272828328301017
0.47594874566192574
0.40792278105574203
0.6264630624670434
0.8869971393231567
0.24114774610003487
0.2484573927902654
0.6504922658610742
0.47889242643444374
0.5575044812490079
0.7622886177351561
0.7780368251214114
0.7268847903288417
0.306452298180958
0.7972660018921074
0.27970295954230057
0.5956487994289854
0.6688073076795424
0.7634599580661614
0.40182960303493265
0.6358135785598743
0.439213095838262
0.5887580958281977
0.4129363352628506
0.38927585467998993
0.6350015584874605
0.4265151280607935
0.7244328788256806
0.5451723829330536
0.8414776611724314
0.6015204911494718
0.7975527494459939
0.41661568923361253
0.3939360879059025
0.4164205188209503
0.516049033851057
0.4961087048179597
0.42646658308152113
0.6367767369983203
0.8230984513422592
0.4617032740160228
0.3628489873927733
0.8066177519774932
0.534247965834598
0.3213082856685797
0.34760098164526493
0.7262820839475531
0.6503918926974545
0.38086263340448456
0.49981347467830234
0.5883980787198945
0.637676264101518
0.3752583534947534
0.6689037546806236
0.550066173764316
0.46922703801186766
0.34718426299485566
0.4990789111927432
0.3071501305159534
0.47250159404333447
0.7041167506752427
0.4088687754331276
0.5075289255807831
0.41606564275814595
0.5611852863032102
0.46183565627207834
0.632241537039304
0.2950372788177961
0.3207539698556395
0.5066139400981838
0.5560775390330349
0.4651419934984176
0.7827834929579738
0.4509055187281636
0.33756177812187305
0.7683593133548345
0.5039914090099293
0.5808694271108024
0.2230025423677016
0.31202494864956165
0.6346780985059953
0.6102009304826093
0.7580572475708472
0.26748082067448503
0.4819342185223989
0.6418872399653026
0.6955852349343613
0.5735404985635532
0.4769695898050058
0.3387768402846355
0.369281528977681
0.47184164834502096
0.3777894352134179
0.6485074914888055
0.43736931088224756
0.4157276017633157
0.22879750450051192
0.2613102105766857
0.4785531577371471
0.731507628158612
0.2657075524971367
0.47526629669779813
0.7746810489868873
0.6263765771797617
0.3534729929267747
0.42589954726829987
0.4649335140386672
0.38140768609001674
0.3261819909966195
0.5095506639411987
0.7535684231366452
0.45964041422605145
0.4448525443547558
0.4359625449676869
0.7129844981177355
0.3893032824895388
0.8780741693008943
0.525470282831572
0.7622721727692425
0.4525086005141845
0.6495753927015541
0.5050480561258975
0.27538992963766296
0.4763553055254736
0.6160074665432355
0.2951947162928475
0.5248987770485448
0.7151015485264162
0.7857176226275077
0.4781117576523925
0.6777615839980947
0.6532273112717055
0.6445063488958337
0.7827623472588643
0.4507097199387666
0.43783060685935515
0.45095239617746247
0.38394533445202383
0.2763399778264883
0.6747990213015645
0.31634363658357456
0.6720872068616427
0.7271531570117931
0.7748269790065454
0.7627075442494514
0.2845653785437619
0.46830925273434143
0.401608674091646
0.4220666556341589
0.36506416183821117
0.3261276717594167
0.4352553310552536
0.21668488131358551
0.5848962551650524
0.6662476421129114
0.5780598047463369
0.567002547810929
0.4985920170116873
0.4907468612460318
0.5903296874509831
0.28708273262071354
0.7254123099245829
0.4694728574965749
0.5756408683213194
0.4017468085688453
0.6247650294567588
0.717260333565398
0.634381000504729
0.47259575628190176
0.5497463705455188
0.5288060791977202
0.6851422911147036
0.8895001010893872
0.43226845138128867
0.5661007896595028
0.3321375159375491
0.4452185599856432
0.36396861578639567
0.35836440470557
0.17843629244115755
0.8068312963941559
0.28256668993201506
0.509801557790335
0.5016201127610896
0.3425434591331319
0.4517722598731559
0.5028713697722985
0.5747258832437404
0.30378482289124725
0.6748710986602963
0.39574358887831906
0.5413509095086934
0.6558895589152112
0.29507268922168284
0.6995189853944274
0.590369643140043
0.4726566072325139
0.5294710309102171
0.689894314933678
0.4567269988230845
0.4266300092175259
0.7219069769178679
0.3643026360464442
0.5112304059336901
0.8014357648101568
0.5064912673694184
0.5959516103091951
0.2647093529474115
0.4463800151762335
0.46858724396395784
0.37293239914662973
0.7049045585968405
0.6029625529944526
0.4716890853998329
0.4588699308210587
0.4604168574373689
0.8510714222813401
0.3439095048030252
0.37225362399898027
0.6039243317434935
0.5940782387853921
0.7128624430388032
0.44654919475457927
0.46906600952244476
0.16433770988459184
0.3697570867446476
0.7703484200759189
0.43657669556597006
0.3094017228655663
0.3889511959734207
0.6688789268928037
0.39989059505534524
0.7445037872651207
0.7245311503389235
0.1276580434713451
