306013_306019
0.0816
0.0556
0.6476
0.952
0.2924
0.9812
0.158
0.1832
0.3236
0.9524
0.9448
0.926
0.174
0.7368
0.8332
0.034
0.4104
0.994
0.286
0.0488
0.5256
0.084
0.0816
0.7356
0.7448
0.9572
0.4448
0.2832
0.5724
0.0372
0.1112
0.716
0.8292
0.3052
0.8368
0.256
0.7688
0.8952
0.7288
0.9116
0.6328
0.8408
0.6788
0.8104
0.3376
0.9704
0.1468
0.8004
0.2508
0.44
0.9612
0.3084
0.4
0.75
0.8916
0.1368
0.9432
0.256
0.7388
0.0516
0.918
0.144
0.5968
0.536
0.738
0.4508
0.372
0.8056
0.4536
0.6444
0.9168
0.2396
0.9552
0.7908
0.7876
0.2364
0.8344
0.538
0.9052
0.2196
0.4808
0.8716
0.506
0.9928
0.6192
0.6412
0.7452
0.624
0.8008
0.8616
0.5792
0.1476
0.3688
0.114
0.7504
0.1416
0.4676
0.3124
0.686
0.4764
0.0924
0.5784
0.3516
0.816
0.1372
0.7984
0.8192
0.5632
0.9728
0.8656
0.7592
0.5784
0.4096
0.1736
0.0704
0.3156
0.8736
0.1712
0.572
0.0592
0.2416
0.7672
0.9328
0.546
0.5908
0.8688
0.2048
0.1344
0.9672
0.5268
0.9408
0.4148
0.2704
0.9096
0.044
0.8816
0.6828
0.8832
0.6452
0.1048
0.2684
0.7632
0.9436
0.336
0.242
0.9064
0.4736
0.0792
0.0824
0.4256
0.6688
0.102
0.88
0.18
0.202
0.4216
0.9644
0.8264
0.35
0.6376
0.8648
0.9272
0.3572
0.1676
0.1068
0.1284
0.516
0.9948
0.0832
0.39
0.9516
0.69
0.3304
0.4668
0.5116
0.8596
0.7792
0.114
0.7488
0.196
0.7284
0.4408
0.8304
0.4956
0.1592
0.7128
0.5232
0.1948
0.2388
0.136
0.816
0.9664
0.12
0.3988
0.1716
0.9356
0.1588
0.8944
0.4116
0.0512
0.2068
0.8844
0.9232
0.6568
0.2784
0.0256
0.7924
0.8156
0.6992
0.272
0.1688
0.1248
0.1816
0.102
0.0644
0.1312
0.96
0.9852
0.0832
0.1328
0.8792
0.8884
0.3956
0.176
0.2984
0.3576
0.0568
0.1124
0.3056
0.828
0.3128
0.0696
0.74
0.5132
0.6372
0.8236
0.2796
0.6592
0.4988
0.9308
0.5928
0.3576
0.9688
0.3352
0.0868
0.8512
0.9296
0.2276
0.198
0.77
0.6644
0.3488
0.2692
0.3388
0.0904
0.7992
0.4252
0.1248
0.7772
0.9228
0.9004
0.9844
0.9756
0.142
0.9316
0.8344
0.2396
0.2112
0.9132
0.0372
0.7512
0.6504
0.0164
0.29
0.1256
0.2916
0.8064
0.4732
0.6388
0.9276
0.4992
0.246
0.5124
0.75
0.944
0.3052
0.1708
0.7152
0.818
0.1888
0.1672
0.2748
0.81
0.7468
0.9152
0.9288
0.1156
0.3952
0.8968
0.3988
0.1088
0.2496
0.8496
0.7824
0.6324
0.9716
0.3756
0.6504
0.8464
0.0528
0.6492
0.9264
0.1924
0.4796
0.978
0.2008
0.3428
0.0444
0.9348
0.552
0.05
0.0808
0.5932
0.906
0.1156
0.0868
0.1116
0.386
0.7824
0.1248
0.988
0.9504
0.9428
0.8704
0.0592
0.8616
0.0468
0.0448
0.5608
0.8688
0.2424
0.1204
0.9872
0.1216
0.5068
0.202
0.0728
0.5648
0.7592
0.6352
0.196
0.9864
0.2952
0.0696
0.0796
0.0596
0.9844
0.3228
0.854
0.0504
0.0804
0.1312
0.8248
0.3608
0.8108
0.6248
0.1848
0.3268
0.8892
0.9788
0.1868
0.1296
0.4372
0.412
0.4996
0.94
0.8952
0.8868
0.1544
0.9852
0.0672
0.5748
0.9128
0.8888
0.6904
0.79
0.2136
0.6332
0.164
0.2984
0.8796
0.4064
0.8748
0.744
0.9028
0.6956
0.9512
0.4328
0.076
0.2412
0.6856
0.4456
0.2432
0.7836
0.9844
0.1832
0.2032
0.9772
0.7884
0.2776
0.1372
0.926
0.8344
0.1816
0.2588
0.7132
0.804
0.2776
0.9132
0.8316
0.5416
0.2176
0.724
0.3752
0.4912
0.8188
0.1704
0.4272
0.5416
0.3808
0.1676
0.7728
0.3904
0.1624
0.8708
0.6144
0.5104
0.8488
0.0944
0.054
0.9504
0.2772
0.8692
0.04
0.0772
0.7936
0.8228
0.9484
0.6408
0.4188
0.7272
0.8704
0.8768
0.5928
0.2568
0.1164
0.6568
0.1636
0.844
0.4132
0.2464
0.1316
0.1
0.0972
0.9096
0.156
0.5048
0.95
0.8472
0.0732
0.5544
0.6308
0.216
0.2888
0.72
0.8744
0.3972
0.5728
0.262
0.9452
0.2884
0.9668
0.642
0.9808
0.2456
0.6628
0.81
0.264
0.4784
0.6272
0.1024
0.4488
0.9328
0.668
0.7004
0.9172
0.874
0.8712
0.9044
0.2524
0.4184
0.5444
0.072
0.0704
0.8452
0.4204
0.8296
0.8588
0.9036
0.8788
0.0772
0.292
0.5904
0.36
0.2144
0.0876
0.374
0.0976
0.6104
0.9
0.7924
0.8244
0.6656
0.6612
0.7528
0.1132
0.8896
0.3324
0.6536
0.1004
0.646
0.8972
0.7644
0.616
0.5404
0.5112
0.9244
0.994
0.1116
0.676
0.3108
0.2168
0.2628
0.2412
0.0508
0.8732
0.0808
0.742
0.4544
0.0608
0.5084
0.1984
0.7956
0.2368
0.5392
0.4088
0.476
0.8924
0.0896
0.7832
0.6584
0.0876
0.6632
0.72
0.6072
0.27
0.9068
0.1624
0.4796
0.5516
0.65
0.744
0.2368
0.1348
0.3812
0.1204
0.8516
0.7492
0.7108
0.068
0.2488
0.7264
0.236
0.1816
0.7128
0.7612
0.8656
0.5064
0.5972
0.046
0.1368
0.9568
0.134
0.202
0.4396
0.9032
0.3916
0.9352
0.9184
0.026
