306013_306019
0.2348261431310722
0.10278123781858127
0.5275591507792539
0.8263045836866704
0.3707328209192643
0.8553865685451634
0.2655350016929945
0.1611550726443745
0.47485229392733447
0.9480917958933868
0.7686035173706575
0.8992597167717852
0.26958746917446763
0.7175864702634303
0.8393844956132315
0.1030046572592731
0.5199588401275225
0.9451017638341181
0.309194607239031
0.12361912201052948
0.6563378599136301
0.15831238014539098
0.08265035382232883
0.7178016625251608
0.6886308992703613
0.8716245451053768
0.4991068371550418
0.2918346427423829
0.5729978955738173
0.06506171580664975
0.19463178244073798
0.663236322941528
0.7281301720674895
0.32221354177735567
0.7136455267686921
0.3139744924162535
0.802791192336198
0.9288559856474771
0.655213806869145
0.7983887293122733
0.6722162850107101
0.825003374530213
0.555140102945184
0.7751001366425475
0.3687053104208959
0.8997094224741135
0.1902376482189238
0.8269508313763607
0.22338600511264983
0.43644321019459226
0.7615623438979157
0.5528733643343267
0.5060911475245304
0.5624008758056218
0.6334850295670911
0.17840191649315854
0.8212422034053445
0.16445925526362778
0.5416736587964002
0.12006754508185855
0.8952208373942039
0.16659697594528527
0.48818090648015217
0.5897512025569509
0.8224170991013269
0.5150170190290547
0.3480451027604305
0.6609869400373628
0.5211811474341304
0.688873339342287
0.7930366046836956
0.2737802156105148
0.9462711303610996
0.7329018564877322
0.628101440683787
0.1726070954140908
0.7539499638886985
0.47476715331528163
0.8869378390191804
0.17804178074836396
0.3210513645407915
0.7726681256018579
0.42420734266792953
0.9224876345337294
0.5822952900790829
0.6375203810303548
0.7514433360246107
0.7428793152613717
0.7615203298150433
0.6145655061887647
0.6655090612607627
0.11877285026079745
0.4596417178177713
0.29721376342970507
0.7288322342131062
0.29171157116506075
0.4852015911766567
0.23866726690420254
0.707330230520626
0.3962452316656144
0.11077595708910173
0.6094721994526457
0.5312268886007826
0.8304910833694299
0.4415868017244805
0.7779827726987117
0.7656034802242676
0.5290936342700621
0.8789134600268729
0.8051262098796117
0.6203088643598571
0.5901468365288428
0.5578439606822316
0.1832939316068271
0.16067286671075665
0.245095284585808
0.8969468847508609
0.18527629665354975
0.5080881920484993
0.09777464106562886
0.1406736679531909
0.7199278317574589
0.8089278362263632
0.5507142859333498
0.596596266229677
0.836794475077959
0.2444485719158384
0.1544392134241881
0.9258331369234307
0.5241702596198228
0.9101012538258211
0.4770871554272543
0.2991639243228503
0.6842701548186376
0.09127200607631113
0.6897421850184355
0.6473752001924894
0.7008163196554335
0.6566281428947883
0.18900868429087797
0.35692036036998376
0.6909062833620947
0.6959578965581114
0.286726172518886
0.2952327092339604
0.7307074272272092
0.466447430488358
0.1469608046147863
0.1520901341437299
0.5906612631330582
0.6053792921935903
0.09060077313996062
0.8695866715356185
0.18634696792959693
0.14157766487376233
0.31205442148769974
0.8846875510536478
0.8432457212090487
0.34636643175953374
0.6506684911426743
0.8241192538969468
0.8518914306404146
0.5369722233614643
0.11695512372322149
0.13632698778487998
0.19053874118526823
0.45543279748982823
0.8957897086661775
0.3336078025148303
0.4617520315979646
0.8441458536881099
0.6487696112820732
0.4576221973889829
0.46758553077558
0.3610210886809678
0.7951231342838797
0.6714603112241575
0.31859708152579186
0.8434389793065465
0.2136648348727721
0.6709465577126622
0.5442443144757624
0.7560365706334963
0.28901319503134076
0.13810945594331467
0.7172930772077555
0.4908750010688545
0.32956571594901446
0.25561597098168287
0.22164306856018032
0.6125288800073889
0.9470802785969107
0.1853027514648189
0.2937120011560191
0.293422023982293
0.8642672387152962
0.16369594313306118
0.8022474170377342
0.29569427875520415
0.13493537357795396
0.09883192712744063
0.8636590486879961
0.8248734974154643
0.630544875687508
0.26212242459310425
0.05219511600367271
0.7415177016549255
0.8708697677161746
0.8144523500841776
0.19508135898021303
0.09870061734547271
0.2444085837821725
0.263297186556721
0.1362177428353178
0.15617804558081763
0.20526843451930116
0.9120271878763269
0.9557214185090074
0.10490193117428066
0.27713637905650945
0.7228653046558607
0.829564847607668
0.6205258973368147
0.13332250447045113
0.38589267362145563
0.26327756724142226
0.1548431649395801
0.23404675910257464
0.2976321800830708
0.8054400901719627
0.324389699051532
0.15814549256708718
0.6992047174124207
0.5104871682429053
0.5412841055811434
0.6361283512617644
0.34813166936532014
0.5802179627432545
0.4377801832488259
0.895050989320092
0.42528800184943766
0.31424283234687905
0.9066447097701695
0.3333161606084416
0.15451171302005715
0.9105745021861302
0.8361830275656041
0.21505388751900947
0.25010435632753153
0.776936776752853
0.5931991946544307
0.4445270813199131
0.25670153677547214
0.33056939723136897
0.19754360452457087
0.7708250912370392
0.6296697037118788
0.19282472785616406
0.6701068617816188
0.8941233471037816
0.888075614112298
0.9458045520168155
0.9603827636771715
0.27822598847629915
0.9162334063380874
0.8134609977149503
0.23607183753119598
0.3410671357548794
0.7110004415264334
0.08750012600387622
0.756855620310415
0.38435774275137286
0.06125836892836094
0.24425624807194068
0.18233793803602613
0.38250210544185925
0.5917122154719965
0.2707354649197352
0.6633785652977733
0.7845087186241129
0.5626570596505892
0.23718695452530816
0.2102932953547889
0.7232521915621116
0.924308827119945
0.3695427178336823
0.18140143470365072
0.6613574802762963
0.5217024513253199
0.10562405928798045
0.1711499398113817
0.34373382061610586
0.7344654158849708
0.8700005739310802
0.8449587521944147
0.711755838026008
0.28948671138435
0.6018107613183723
0.7825977286947963
0.46482702432081574
0.17010297350174738
0.24245154358942103
0.6919632311499794
0.6526809203128945
0.587359341212324
0.9478338237464948
0.4462465667554706
0.557977542795242
0.6601721875927697
0.15927983785919966
0.6400773804809132
0.8945602076966095
0.34315679389190495
0.4791358879423665
0.957451377959509
0.14176565020587276
0.453623556402029
0.07698895755480412
0.7270201165819911
0.3358540343936792
0.1485168407104944
0.11119342066084859
0.4814643881607207
0.9123052357841706
0.26263373480660784
0.23453914219065508
0.2124577236411654
0.4435149253293448
0.782912405802486
0.16812648157538657
0.9597243844844567
0.9096849693821274
0.7060088113022889
0.7961891423889567
0.1321151046391236
0.8670437621650771
0.12528098049395553
0.12148469874917875
0.49476144965034563
0.5684404307183729
0.17999114662539564
0.16258496790272658
0.9421962538809731
0.30098995809255014
0.49393574596561535
0.15021944325526151
0.29053321019530715
0.5984873040134502
0.7266164687574589
0.686163476763654
0.27762414031593713
0.9244424628788258
0.4672104346807218
0.2465924111198291
0.10959821015137361
0.1403912976119242
0.95781650947205
0.4145985362347324
0.8026747241597045
0.09792146266378891
0.2389221240789782
0.17205616167282567
0.7175753934455894
0.36304348507447426
0.7764729442648853
0.6801336648917096
0.29261920696439925
0.31381322519858273
0.7172859549719549
0.9292170315634474
0.2580090651795728
0.1664866751285089
0.45654009299050413
0.4709335950383954
0.4343939750901352
0.9197811101287743
0.8857695618560345
0.811220825841225
0.18432610403628355
0.9573066823088586
0.2685689400836716
0.5855030981788174
0.6998736470349984
0.8157880008378089
0.5250913427958748
0.6917644473965658
0.36572736454488675
0.7072569523839327
0.2577985448990396
0.227430225399265
0.8012364295486362
0.3361240829274329
0.7337633220115595
0.6610377631863169
0.8540333519382051
0.4816523768225478
0.6271059431633913
0.4689682826267971
0.17012620368770148
0.34469738597286187
0.5872020171694572
0.3786574004681341
0.34182035958798823
0.7868444935746385
0.9516550572122138
0.23152721892099742
0.24680746960623529
0.9507680498815855
0.7020156011232026
0.31895579039934624
0.15833311521785107
0.9135511887251976
0.744307953923481
0.21208105472644748
0.3743066437949915
0.6192023101906088
0.6568945962951206
0.426735295586787
0.8685457492888672
0.7419181130237129
0.6228546826585172
0.20416039910219386
0.6604214398445835
0.26973560660917045
0.4325791966821016
0.7258414457017542
0.23185897929016627
0.25512046120059906
0.4343273286167156
0.3745447371032566
0.3163397479213238
0.7864479343810471
0.31616093614651625
0.24341569985750625
0.8172401221453203
0.4849782370899812
0.4510700325608849
0.875627173436024
0.18245803537478697
0.12223085900493767
0.8571174433489939
0.36382437592336325
0.8333541017906172
0.1278647903577916
0.1954478314866482
0.778420534646842
0.757802110792665
0.8912018890429984
0.43816767726438444
0.5189553494888661
0.6773201620854897
0.8518220270955141
0.8425908675994145
0.6045270506376292
0.22014710969524395
0.20039685585054456
0.5383283037823848
0.22641698783891492
0.7469459511646204
0.4191756738528669
0.25313588919226143
0.1563708954915034
0.1399934772057046
0.3287545994012066
0.8968503728892914
0.128871504647776
0.39162939663258844
0.9010039875050381
0.8096130955005436
0.19076762489770968
0.5725435842761085
0.5129701782286181
0.28491248329754587
0.21025529180266977
0.6086969561728061
0.8752646406880563
0.4515800979462832
0.6414286606483498
0.32946831160613793
0.6997189613054604
0.3891922244206557
0.9188306449882826
0.610525886204876
0.8734276635053462
0.3240503109149656
0.532142875802843
0.7027388996038193
0.2424727535216122
0.3241693573552358
0.5228816892332361
0.18364850193971638
0.7233823141131992
0.8066304471790381
0.6334526281742812
0.8039374199519307
0.7974017292744751
0.792350547161235
0.7198672095102734
0.8829744044908188
0.40220260037812616
0.47813822741935647
0.49080879694311413
0.1921285617826217
0.10218995465888948
0.7778840082916652
0.3140649953011046
0.7997815839863471
0.8398410538059495
0.8741996276253913
0.8687864932404609
0.16670303501485986
0.3501454344700114
0.37076539709699485
0.19580007442610403
0.23300338650261918
0.17400324990060378
0.31673529445850124
0.11349627973757032
0.5991964668098346
0.8021524994032155
0.7022196824779331
0.7293568783741706
0.43298658144284136
0.6449525062722128
0.6790576562947935
0.26543755988355927
0.8900584567370711
0.44546809121229686
0.5231779263959617
0.3051771888966245
0.6014852480561022
0.8928855251360394
0.6279190168741232
0.6827618457284096
0.43573430047488165
0.42987404817842634
0.8425482220806315
0.9767089155485587
0.35563840649445966
0.571775522133853
0.34247836173780066
0.3428027818820489
0.3724231160211208
0.23466721614230793
0.16449808901626184
0.8759711570930174
0.1384250947683881
0.6252683461709149
0.4540820012685645
0.11889827805346796
0.4989631941776407
0.32324897171377137
0.7169876467955572
0.25746453450281814
0.6377478069976121
0.32424885329899944
0.5216026991935854
0.8725627861155943
0.0919447424325399
0.7037540068054409
0.46128481601446764
0.29720354826025724
0.6755088595917216
0.6990063199376604
0.5384661229921449
0.3460396870544582
0.7343413420632181
0.26958230718813975
0.5622449242421322
0.6969094311129933
0.7326327127681518
0.7144687969550573
0.22879282544152735
0.35758610468134294
0.38042102758953167
0.29736796610784233
0.8310653783366369
0.7185413058384231
0.6535091341223755
0.27134410638118256
0.4603892743161199
0.8435887425831197
0.21175542270285755
0.19844111234636916
0.5947994793027073
0.7233933304769875
0.7498358325062306
0.5164543821282034
0.4317758804558999
0.05495351671367602
0.22328645653922086
0.9482085154008755
0.3348946481448441
0.243661173155608
0.3989607545754014
0.781137437255381
0.27411521213999296
0.864659345008015
0.8577157140885108
0.07506803309547351
