"313319_313400"
0.452167503862705211
0.333263117378219786
0.506222421597448013
0.672363150195273485
0.424601763885985639
0.703340211364952062
0.445159600702492220
0.376855393905124847
0.540604594179101339
0.702472725733081615
0.678064417289424459
0.660097367897183762
0.396062289541754931
0.652609559806595740
0.577072698767943537
0.317060989046050068
0.443553455874901581
0.710003355881645315
0.486540276519546733
0.320593514926262813
0.407803737211988593
0.406353041539226190
0.308642756033519150
0.557855194310126090
0.621870981033760817
0.660985569236837378
0.477486604910796641
0.477251762807348878
0.536266237668159618
0.298152769985520094
0.333443854918313520
0.516797363209972604
0.580611229909411164
0.519181679923476191
0.484960524472270449
0.359089899579009664
0.555301348446604726
0.713840686746246900
0.489598526322680194
0.581802358857750779
0.511733940107106267
0.683046789317967251
0.577543928407671880
0.621511587146895139
0.446511283196466879
0.631238186381247512
0.371649657794051236
0.614249045883786926
0.358660644449609933
0.468347145197007486
0.704828335883841417
0.487339297724978693
0.404635518512133974
0.461808833934682361
0.676327537134607359
0.342371518105475281
0.640765635218963792
0.377192579298030295
0.508555872630682249
0.309429470895048797
0.662296680815268046
0.420766382032397468
0.514194301545931154
0.518699791353744000
0.657766601604405254
0.503225019396929207
0.377102309914309541
0.464827468219906115
0.457105198614153829
0.521724265272961563
0.641306940352297516
0.380991051922313639
0.681768047725785475
0.626945926370156337
0.686632761549798798
0.363982185097841193
0.677005953762775725
0.416285082188854350
0.610307287811059807
0.389899584756689177
0.362447948847981982
0.542259378777285916
0.520878471809641419
0.711470424483714003
0.605694105644621006
0.473433675494870920
0.511243299350004343
0.625097023944968910
0.573653845591397649
0.518056967148398995
0.444195605571790220
0.365330339773849710
0.483444162333574956
0.371077083239298333
0.622977380150064763
0.507762582619564529
0.499482369060054943
0.532464438203190005
0.665344997250597481
0.485662159724199349
0.265096204569054417
0.448294147740891991
0.588614433344924359
0.627721644095741715
0.373995555635544707
0.583050181610089813
0.533515823445906978
0.446028197853059472
0.648764616098183700
0.637556853571133675
0.549284047130104924
0.623077652503932433
0.616842303094336852
0.366216674464325154
0.348368158185745014
0.471622515755543870
0.574314350055246114
0.403626310955320922
0.567033568077565997
0.269210776422570019
0.290298721506381086
0.639309772458332204
0.621446639713352789
0.378389797688570173
0.550512908218555586
0.556067567255736805
0.404275494751202669
0.326267040388807827
0.700249990878559214
0.441102922632721328
0.709233798854737030
0.413921726445996563
0.342702403290576052
0.627688379717755374
0.318339723372571437
0.617122404144254677
0.554464481427179301
0.594892561580620205
0.536973561767675189
0.303347404242010565
0.440282885354726705
0.519367391348827256
0.660506233215058969
0.407009607064466483
0.440083507278191288
0.616170710630422280
0.548579611890077645
0.380428220238554993
0.314898376523775114
0.405486635577910814
0.623508168231002413
0.374690105786181615
0.688893601913602605
0.397414670378083479
0.374315797495974878
0.578806480768244258
0.666779362043379065
0.663162707079803626
0.494656129960746982
0.485950778209296275
0.662400582263577342
0.698552551441238290
0.440281557558576231
0.326247131760381337
0.372347902815786835
0.469059002207677433
0.443698837925736278
0.700264587824468099
0.441933438717267368
0.528279036181695583
0.653048233821260760
0.560300332747605045
0.542017819316369165
0.484140878616216908
0.476317130460624127
0.557054685659769677
0.553298546520792245
0.369166241127479533
0.684442488199484833
0.312218109881930883
0.428155755592823706
0.424094587838596437
0.558920483494143250
0.544307933026910384
0.336589593885009197
0.523043876297798249
0.396398289736766551
0.407515008285237013
0.386753156037456136
0.395272312827137984
0.627950535789720821
0.688526545275838231
0.327340744809504203
0.387963292872460230
0.354225731746403649
0.729344408195667926
0.432273655687411940
0.624623799171604821
0.330699383485287879
0.385816159343814913
0.339501440176556313
0.679754446354503217
0.687481866165155053
0.634353257284859917
0.330383368955917800
0.303263803552901501
0.648323009468141254
0.688752093254926923
0.667329545143505398
0.394300445185734150
0.325637802455304826
0.392769627550355938
0.331873496861113448
0.303121148703651200
0.301195818948027993
0.405810951353726579
0.671487564166381889
0.709754703484577809
0.277234281400662586
0.350121756648464788
0.586977327923998149
0.642213152977795798
0.461050606274318653
0.320720733011973458
0.556284860565678718
0.383286006560620840
0.318135036826247330
0.411514227950000366
0.366287411670158214
0.608532778273507824
0.356390466631902270
0.439268154929011057
0.632234969975623007
0.578703388269399821
0.624061101286969344
0.665196598034643594
0.498913707129853445
0.472676778297544897
0.382194838614546895
0.650987247900850829
0.455280868489579493
0.445235437194910710
0.630449836138597397
0.400614104038449936
0.315926424316890775
0.719874351659980927
0.607021808298024435
0.318300634251195536
0.475685935437307417
0.506317835825746299
0.569519994595302781
0.558859578651342392
0.404562609317996591
0.496058677397659131
0.365199310723536175
0.663136652157821360
0.449121169402019960
0.320549998807343917
0.595260704164772836
0.647032227424911399
0.633329222062617547
0.702606699895671039
0.690614167817094726
0.440190354003583750
0.671177750085395375
0.656417171639128383
0.402449111483066280
0.433899365498491452
0.647809472679786280
0.289118826576354737
0.600828731299184127
0.530301060476143671
0.317516647895700832
0.428758661086877879
0.350151716052958140
0.360195605843615985
0.646522038348476658
0.464737111509694323
0.588665975427681620
0.731360747971686487
0.417957305182340755
0.368371544302388443
0.415097655261400578
0.595970366987613520
0.667468168591815347
0.407748325149304092
0.328149804246411880
0.500548012377575180
0.605326676270757313
0.348818026077564125
0.343843132101596172
0.351311430560288074
0.638263656178454486
0.717076846457100459
0.661038578748267325
0.653927919912647870
0.372758173663067294
0.444034783417358248
0.643174228105416801
0.529862096468832755
0.345666800919093631
0.354762243667241517
0.636771763891563536
0.647046581715353342
0.494791890271804757
0.714339044699280890
0.429355958169037655
0.496830331609538933
0.519684639297622430
0.307936330771848732
0.566292484889102221
0.562340125644057776
0.451145459245712532
0.474689448324404573
0.713970967161739356
0.354957231193270828
0.482717798512399876
0.312525273091952938
0.714748666042017478
0.417791107464437428
0.318987135726422288
0.323357178725295347
0.427688955728551701
0.688402624097452231
0.388165607925914480
0.366705645440699057
0.313979129273451452
0.442157465515469361
0.610741821314727873
0.450414069484420310
0.681680065564025273
0.657036235348205988
0.709629945909580395
0.648052165359474963
0.327902834805869459
0.652742589790427208
0.293934824745517242
0.323659922948650425
0.553357817831841348
0.564355948796327112
0.412513623850880418
0.331616659305475847
0.698839668155580185
0.392342238051140879
0.469534858361175367
0.348749483102977986
0.458515203098157076
0.459012759833508421
0.636381915784867802
0.529581231374104844
0.404430900147483730
0.681278010854761806
0.345988143763358846
0.357547301459125222
0.276666612990815686
0.327777965082683476
0.711699857404138325
0.460689960513835484
0.682032513811789198
0.278477938026760019
0.333132933365633099
0.416104274333555069
0.606749909767846041
0.516408368209328561
0.630016170471224490
0.479387668719447879
0.394759183974370542
0.383941600408996886
0.657589384518776687
0.713523810603841735
0.323769881434696261
0.322580721035501616
0.452875866384744974
0.393434177561780118
0.532391581647317702
0.676619267724461904
0.625625447541478197
0.641164170332947370
0.303607068828713578
0.687422132553357601
0.326776091711852845
0.553184121821825636
0.613074010099678435
0.634037563406377624
0.572183014368938703
0.632427487345423867
0.389251077808261625
0.625539901862325887
0.397882300552240165
0.464548546987463007
0.627804120806579213
0.495284499079296947
0.621938035230715447
0.558740417060582306
0.671549449724160641
0.643709368991524866
0.717340723336190589
0.447313853501456804
0.337739218774856076
0.418838589182225884
0.623069404693928242
0.477698041742846191
0.386390749207817907
0.621437720866467203
0.715923693392873983
0.441605676527672963
0.412625112303496855
0.706750079279192200
0.403426170093551584
0.415911132689940843
0.367193609599756388
0.602258694248948623
0.638437048685800423
0.441039604106699901
0.440805877277249902
0.571617209813971128
0.535145550318988805
0.419299077542091225
0.627252433095065287
0.609819045496899359
0.453284222750544863
0.423541544326537123
0.551971648948330396
0.353684625401441743
0.504055084607188508
0.610903548491210202
0.395355044566510161
0.404755162959731296
0.541477332762521080
0.431155088806970288
0.396026446045732561
0.634284888303319971
0.326502382555051207
0.449888098787529001
0.561806120317711710
0.544283123384577072
0.548949267231001459
0.639958796972406763
0.369521943415710874
0.331340133422482641
0.682402159561265820
0.466130268911122081
0.610513298419096295
0.305925266638018278
0.355482797179622612
0.615163960755253036
0.628328765704633252
0.704291088797846743
0.360875783834166741
0.356720600138910382
0.639162991224806132
0.726458358599639253
0.576794749623723346
0.535234193852653917
0.367818773758685713
0.390108654281883904
0.579929155745890101
0.370653603906270224
0.648064206343943017
0.464523341777680010
0.583963274387730102
0.393807891796821241
0.363668240573363333
0.410709383836220965
0.664217424821486713
0.348842003347683227
0.455650055066875725
0.648772891279893682
0.591598833985465533
0.402982671694685435
0.599008396007781885
0.553112197285267948
0.390476602608650247
0.316494052452568675
0.546237607433386785
0.610141715297606746
0.482024202214784203
0.524225399116968638
0.419201846702978165
0.651204854755235818
0.493161054556497336
0.655197574126019977
0.586226790798087039
0.677853512785861256
0.438428585224841572
0.612445914014940973
0.605071376825342844
0.326340958369872536
0.444743544754229447
0.538049154471843982
0.409152707187467046
0.545778410621105992
0.701697267636442468
0.602701725575613523
0.500954029427504222
0.688096846240769833
0.623887205878508877
0.634230889981438506
0.553568398741211110
0.516250496972826656
0.467549284780565788
0.507219442780199037
0.426589758999098068
0.309320284788020150
0.648575900346598289
0.409514871164317840
0.641411287551134413
0.607230199789723812
0.667573702926426926
0.672220353870075615
0.386878569021604057
0.453936768249400824
0.410454863445451068
0.410555084700558848
0.371750974627929442
0.323171717970913375
0.565462811278854005
0.281895808687283367
0.512840100528877740
0.630993915934807914
0.643486302366351071
0.647836212690393709
0.607497118942474601
0.557060321871166608
0.667178061884704077
0.330764478924536198
0.637485927381560735
0.455553051494607897
0.500729005167764085
0.364891787209031870
0.483729936311770026
0.634115566195748270
0.601913392126013136
0.508909416006741222
0.477971637220284296
0.555972967149959585
0.621349860978079760
0.703272968335221349
0.377064452577220488
0.463975010534372789
0.434168369457750725
0.395874670847836840
0.372063893995080719
0.354648326847336659
0.321114743016995885
0.690754067069640598
0.337628078859599945
0.521220942645659213
0.545940887620784410
0.334911835038787242
0.423019005315964425
0.426297741206243364
0.520489048624326878
0.349288201704269108
0.641792109214758710
0.346989958092376094
0.544981452228928909
0.624642262848846719
0.315771905138758635
0.615373589010987043
0.624877681299915611
0.474223664625777974
0.539118627102755710
0.671486539154951823
0.573425060798289588
0.476093762703685919
0.619805514347372632
0.401129603138878355
0.564566395093897166
0.595997063158736906
0.489069521930856732
0.619724428153201945
0.348668068576667600
0.407624012048451112
0.555469315274884301
0.413975968666705774
0.684753568928290313
0.472894445661900809
0.476836643116940295
0.332558153573636439
0.419477266285824824
0.710582256010087066
0.399949488798695685
0.323737620871855203
0.603709855880531832
0.634661572559710674
0.612164591347039266
0.489587162495965234
0.439233873335863889
0.303829561454831198
0.400145355642038791
0.679313630991809636
0.396177532666840304
0.334873364633678727
0.515406701310654913
0.641410931750822089
0.390977641754863214
0.649438694012426043
0.656873269814149174
0.262449372919725643
