"313319_313400"
0.297315066964285724
0.096166815476190479
0.416264694940476188
0.957571800595238054
0.336144047619047648
0.928101711309523791
0.292393898809523767
0.177706733630952379
0.500844047619047661
0.942404203869047663
0.830007366071428554
0.811849255952380888
0.180345461309523780
0.858272135416666693
0.710678162202380781
0.104842522321428572
0.393312425595238158
0.970836681547619151
0.467426302083333300
0.093972061011904778
0.304120982142857044
0.161650260416666636
0.049949702380952393
0.665260453869047641
0.847665699404762107
0.889862499999999890
0.545699888392857102
0.267522619047619092
0.512809672619047641
0.090961569940476203
0.056774590773809523
0.639308184523809664
0.773541406250000119
0.388976227678571429
0.601112574404761957
0.219485714285714312
0.642269977678571413
0.932875446428571564
0.575675930059523888
0.833323883928571374
0.474291778273809583
0.895462276785714217
0.683585230654761844
0.869688913690476295
0.347470238095238193
0.878046168154761997
0.166042038690476151
0.730107105654762112
0.176923065476190494
0.405608333333333293
0.966667596726190514
0.414336086309523788
0.260085937500000031
0.574256622023809671
0.838958891369047666
0.182526264880952332
0.846956249999999966
0.378139248511904780
0.621153831845238091
0.132586718750000027
0.948588467261904711
0.268931101190476196
0.726908221726190629
0.552531547619047658
0.728997135416666664
0.503452194940476105
0.344415699404761910
0.784237723214285642
0.535842150297619169
0.481855245535714238
0.891939732142857045
0.155101153273809494
0.895047470238095166
0.818977046130952457
0.751736941964285643
0.155359747023809502
0.735858742559523882
0.363173660714285695
0.722884933035714328
0.195118861607142841
0.235157812500000007
0.650115513392857336
0.472330915178571453
0.943955840773809562
0.715871056547619178
0.676129501488095253
0.625668377976190349
0.856643340773809547
0.734486644345238138
0.693430691964285528
0.548859040178571456
0.224533258928571400
0.384384933035714360
0.150338318452380937
0.794786049107142900
0.387749739583333419
0.437226748511904795
0.488672061011904746
0.814314025297619093
0.375125669642857151
0.036117819940476192
0.467675483630952349
0.455860230654761889
0.776629985119047683
0.178318563988095202
0.765405915178571483
0.659670758928571521
0.456504687499999950
0.889473549107142936
0.869676116071428584
0.714503534226190617
0.685083630952380895
0.405135602678571405
0.190836718749999995
0.156361272321428546
0.371917559523809560
0.660914694940476277
0.187294754464285729
0.783724925595237987
0.035512276785714295
0.084432440476190473
0.793079687500000019
0.814883407738095311
0.382223995535714234
0.590490104166666696
0.733612983630952176
0.243876674107142893
0.069925930059523800
0.933670238095238192
0.419194791666666733
0.924351674107142807
0.419247916666666720
0.187039360119047621
0.752303571428571516
0.122182626488095247
0.809740178571428548
0.482079129464285661
0.763050669642856949
0.618000148809523808
0.142582031249999991
0.318086123511904850
0.626629687500000254
0.925088020833333302
0.394804389880952455
0.235186160714285747
0.793163876488095276
0.609536681547618975
0.109810416666666688
0.101182291666666688
0.198134486607142862
0.754472767857142901
0.191013876488095230
0.931484188988095263
0.212320200892857136
0.174601599702380955
0.595039583333333399
0.962148214285714398
0.836388244047619134
0.620136644345238075
0.319003497023809479
0.855987872023809437
0.926698437500000027
0.363465215773809525
0.193046614583333359
0.222296688988095209
0.388851078869047628
0.493954278273809499
0.950814843750000027
0.346449999999999980
0.460560267857142880
0.832163206845238035
0.626185193452380995
0.467898995535714346
0.556850446428571511
0.457580357142857164
0.570178013392857119
0.812231808035714153
0.136467150297619050
0.831156584821428623
0.038980431547619043
0.615188950892857189
0.198180877976190439
0.694204873511904852
0.483524293154761919
0.147644717261904784
0.440281101190476198
0.320326116071428579
0.244317559523809569
0.155250483630952396
0.318242819940476152
0.868062648809523774
0.945917633928571644
0.121807626488095247
0.356072953869047693
0.285802901785714325
0.973034188988095350
0.205968601190476164
0.809711160714285838
0.343836644345238085
0.085680096726190480
0.240991778273809520
0.865125781250000059
0.855998363095237913
0.635492261904761824
0.269676339285714273
0.056071577380952378
0.830562165178571399
0.865032440476190656
0.792488020833333251
0.443088802083333289
0.138668340773809518
0.197876785714285713
0.109331584821428573
0.118771354166666662
0.076517708333333337
0.194781436011904729
0.891105431547619231
0.979322842261904580
0.041188206845238100
0.117129613095238130
0.857307589285714267
0.841642522321428777
0.363740290178571457
0.109606324404761923
0.397443154761904782
0.334096614583333396
0.080198660714285719
0.201504055059523818
0.230540922619047600
0.718655208333333517
0.217978980654761928
0.258470238095238114
0.881107514880952514
0.651056212797618938
0.759825483630952370
0.860831994047619231
0.374073474702380948
0.377318898809523795
0.399590848214285754
0.902204538690476232
0.475472395833333339
0.352061867559523844
0.809013839285714242
0.385243452380952422
0.068199516369047627
0.912560119047619134
0.876397135416666750
0.091046056547619061
0.316480543154761818
0.674010565476190426
0.593766108630952472
0.603219456845238033
0.173613578869047602
0.443410305059523724
0.239964211309523778
0.751647470238095194
0.422278794642857114
0.061068936011904773
0.833510193452380976
0.843687425595238127
0.812123586309523859
0.927385825892857119
0.928013132440476451
0.261617745535714263
0.856327306547619127
0.842128683035714309
0.263526004464285701
0.214458333333333362
0.829600744047619187
0.116741629464285707
0.710622581845238077
0.645195349702381127
0.122612202380952370
0.330081584821428520
0.103459523809523835
0.110571726190476186
0.836409002976190474
0.409721279761904755
0.851100000000000079
0.949635193452380899
0.319517410714285743
0.154671056547619035
0.347889732142857233
0.842158110119047731
0.910343750000000007
0.233965029761904780
0.156803757440476171
0.553553273809523905
0.732434077380952342
0.177970089285714284
0.110488020833333339
0.150641331845238091
0.809519456845238072
0.871408296130952387
0.929516592261904862
0.862762425595238303
0.213227046130952336
0.401478087797619176
0.904597098214285800
0.562581845238095291
0.099872358630952382
0.309471354166666601
0.875766778273809554
0.803752678571428625
0.620900781250000144
0.970548809523809508
0.367084077380952500
0.637167187500000010
0.764088876488095314
0.113327566964285711
0.641394568452380853
0.690449330357142732
0.423852864583333322
0.529399962797619028
0.939030394345237940
0.124091778273809530
0.251859672619047570
0.043293638392857152
0.959464769345238055
0.351456026785714304
0.043614583333333339
0.060529836309523806
0.421872061011904831
0.940807961309523932
0.114796019345238115
0.157338839285714238
0.235196056547619048
0.501892633928571419
0.633613541666666724
0.272599776785714287
0.916269605654761898
0.906003348214285631
0.964661011904761945
0.733380133928571598
0.082895238095238077
0.784417819940476213
0.101917150297619039
0.101113132440476178
0.540714918154761914
0.808172693452381186
0.221592745535714314
0.104030133928571453
0.911946130952380973
0.120455394345238095
0.574467224702380985
0.148792522321428561
0.329422730654761853
0.329570610119047536
0.874110974702380972
0.661197842261904700
0.136348288690476188
0.882007291666666804
0.251860974702381002
0.128795275297619055
0.035122470238095234
0.153471614583333388
0.964723735119047743
0.486097656249999954
0.804672135416666601
0.048277157738095246
0.116078422619047633
0.270405133928571406
0.858397842261904742
0.400499181547618988
0.629952641369047606
0.524963430059523728
0.311181994047619037
0.202382886904761916
0.839342522321428475
0.972675037202380910
0.115107291666666667
0.165864657738095223
0.288291741071428576
0.241594196428571467
0.700620126488095352
0.895636421130952209
0.767505654761904577
0.780188281250000060
0.071290290178571442
0.888871465773809710
0.089842857142857155
0.651807068452381011
0.806378757440476268
0.875201934523809566
0.705654464285714322
0.753863318452380859
0.240371540178571458
0.656621874999999910
0.150510974702380951
0.436879687500000058
0.811584821428571468
0.401349925595238077
0.840272209821428695
0.643183184523809626
0.854608333333333303
0.769181175595238242
0.978302641369047654
0.305811607142857211
0.088867485119047629
0.382560267857142922
0.808011979166666561
0.511975892857142956
0.237377380952381006
0.747605617559523816
0.949326376488095147
0.258708035714285689
0.225570349702380935
0.931128497023809509
0.508621688988095233
0.288065662202380945
0.212536160714285716
0.720650409226190503
0.827974627976190480
0.297000334821428680
0.295414769345238137
0.682972656250000143
0.648685751488095264
0.283701190476190468
0.791461718749999932
0.766766741071428615
0.471903459821428617
0.290818340773809469
0.691198846726190586
0.397548400297619065
0.578284672619047813
0.826641443452381108
0.201215513392857148
0.244472619047619050
0.591589136904761781
0.307907142857142879
0.333813653273809574
0.774455505952380996
0.195873511904761904
0.366568861607142915
0.645522581845238030
0.647146056547619031
0.634778124999999860
0.824243303571428831
0.210541964285714256
0.134970052083333319
0.926341406250000055
0.280886755952380884
0.789970461309523753
0.075529799107142845
0.206428124999999990
0.719650446428571455
0.848905282738095179
0.917707328869047489
0.397277752976190446
0.389537797619047665
0.604370796130952459
0.980058444940476337
0.750055468749999954
0.683238839285714383
0.136142931547619056
0.227759412202380940
0.558982440476190501
0.234778087797619051
0.769597284226190559
0.325993266369047630
0.396173809523809484
0.184340885416666683
0.273317373511904771
0.212440959821428549
0.847987053571428562
0.114287090773809552
0.535653906249999867
0.857008928571428630
0.720920572916666558
0.275271168154761880
0.781873474702380888
0.654339360119047586
0.403926599702380928
0.142787834821428539
0.659440104166666652
0.803602641369047577
0.420573660714285702
0.570655840773809486
0.246519754464285756
0.933534114583333352
0.443028534226190540
0.896162313988095316
0.661664508928571204
0.946825558035714221
0.364331063988095283
0.822596205357142951
0.846195200892857158
0.207383854166666631
0.498300037202380863
0.601798772321428532
0.162702938988095236
0.647915438988095338
0.924139025297619043
0.626100334821428461
0.614353050595237926
0.917553794642856912
0.699006584821428412
0.943436607142857264
0.721882514880952564
0.338866889880952316
0.577405022321428540
0.571440811011904692
0.126534970238095235
0.186124069940476145
0.879875483630952471
0.371207663690476197
0.788640848214285706
0.775307998511904795
0.925551153273809657
0.878026078869047710
0.202275818452380962
0.330326302083333356
0.316540513392857104
0.611259709821428632
0.194052901785714299
0.115830096726190476
0.580706510416666655
0.047002827380952371
0.602148028273809532
0.809479613095238304
0.911671949404761817
0.850425744047619170
0.678342113095238175
0.567649702380952248
0.859039360119047579
0.103825446428571430
0.871743787202380771
0.275762090773809587
0.521760081845237922
0.154145870535714297
0.479655505952380989
0.844510751488095290
0.574105877976190504
0.621662834821428589
0.622839062500000096
0.682832886904761738
0.805158891369047724
0.942952715773809458
0.129818415178571428
0.457131473214285711
0.355002008928571477
0.174702120535714295
0.329591629464285718
0.160932440476190486
0.089555543154761899
0.773328943452381012
0.126270758928571425
0.596340699404761865
0.509534337797619030
0.152942633928571436
0.353123846726190571
0.208856845238095196
0.790260900297619195
0.119937127976190480
0.675671986607143005
0.249396168154761927
0.622288392857142880
0.737116034226190431
0.162029910714285741
0.761224739583333476
0.871732105654762002
0.301022916666666640
0.607793005952380949
0.868700186011904796
0.648730766369047473
0.455553050595238096
0.774430543154761897
0.218634263392857131
0.460510677083333375
0.578541815476190546
0.652286309523809504
0.844978162202380756
0.177146242559523798
0.256440662202380931
0.547507254464285720
0.317440178571428588
0.838684374999999926
0.636687611607142934
0.590369084821428691
0.124888206845238089
0.237308407738095251
0.912793563988095524
0.231599293154761909
0.095524962797619059
0.627119494047619130
0.803172619047619052
0.672152604166666667
0.479601674107142828
0.619661755952380933
0.086617113095238091
0.202063541666666652
0.810498251488095178
0.166836979166666677
0.128670200892857106
0.552246391369047740
0.810996093750000036
0.429757552083333383
0.878516741071428520
0.895392745535714463
0.012720833333333332
