"313319_313400"
0.459594351015931490
0.250029733833721679
0.542093849579414200
0.780112465365670471
0.460002385186730811
0.814014036034887756
0.425089016304296796
0.290848645028552899
0.575746464925041224
0.814164566414579793
0.757242560275660281
0.694533975115379065
0.349051702879238424
0.726733546653058005
0.623010786277399586
0.245720751917435143
0.463323215525036136
0.879146488354000777
0.436063901983622215
0.207180619035597591
0.376149321696919281
0.333564352285633858
0.161094651762094032
0.587634195814946247
0.670224709826992560
0.785062606087138404
0.464110403946236760
0.462002493988486029
0.528829467598564418
0.178366991827350163
0.207405372557682183
0.520383428212206289
0.642358973969118230
0.536412420653848976
0.475076564141973967
0.318420602821679222
0.578299247275104955
0.849162914165841443
0.483501091595575583
0.585446134414295161
0.392268603165312590
0.758414114093980962
0.602197015658686552
0.676348206733639490
0.473019775995216274
0.717223820046935190
0.285673157513835430
0.662207138657431749
0.303440829244919774
0.445711475122677669
0.848793549100156253
0.562135228120916097
0.362251686362698722
0.486732705779269303
0.740555658744638357
0.281933216408153386
0.665605832662600094
0.257934831392582775
0.523891024950028372
0.184144058361505075
0.774363096210363810
0.403434887827273381
0.530160292279694856
0.531429545531676872
0.706706417904940820
0.550911345434496047
0.250068994186120108
0.448507674307771165
0.476859887652696157
0.528880739435919622
0.737655787037018396
0.359666672784436814
0.822282606653039871
0.679139631027722124
0.766985877833249785
0.293230172096223873
0.723366733565529385
0.365218595980739413
0.675765984501375261
0.351878369955076375
0.281365957509817799
0.646804264766432935
0.550383686283401619
0.854476345014128280
0.651386621990784898
0.532798342916023682
0.462296398674325371
0.654634964743696202
0.577156146631731093
0.544654105358724161
0.493117372202831472
0.305140107108724690
0.518135139285531010
0.385977788155388302
0.706820866395820313
0.469722406433117023
0.465712074225318684
0.495541827415701241
0.724757033282631968
0.494736233766013223
0.098029454390146695
0.372964157630079063
0.608441005257170375
0.756683928386868598
0.363030185991566501
0.618349632255914106
0.554658715250156531
0.505723311187212476
0.759315159699362363
0.632869708272990272
0.518456649262352687
0.628966045433649867
0.670927582483092366
0.292082776315228332
0.253347067179597984
0.408557496933797837
0.624323524595483459
0.339880480221092851
0.603216701954468082
0.116915931461060982
0.179910959373627666
0.754320859163039259
0.672777676312298456
0.321905110521353621
0.566290746209504703
0.615656216651744637
0.435980786646230245
0.164660105059031364
0.836017865910953173
0.372476653294655013
0.783490380818471555
0.462822612948701306
0.211038454179948209
0.630935327842168325
0.160376236263454264
0.640436076859909442
0.527440916423652872
0.659475567570705468
0.572754687260833339
0.179111277818334580
0.443385865032929982
0.528274635445218799
0.776690974722260230
0.388842674950200695
0.454267256127213415
0.647304878865341382
0.564639031560187687
0.306772549552362217
0.239073483633733069
0.315153789002044049
0.710541758066367324
0.287248393693512405
0.859587715638184591
0.333832994666590943
0.297016009482082399
0.573436428848690283
0.759500436987976646
0.720677687301668035
0.467376093878273391
0.394870766367665216
0.709463745804578272
0.842550947344907208
0.472178732826147918
0.189361603723276040
0.291797329651571791
0.468243839031395603
0.422600858401369184
0.862755629543219382
0.398081436695720936
0.542342229642808649
0.713988046865451254
0.652493598353284687
0.598065632617690635
0.519082944105597854
0.467448835890385939
0.607003962108168538
0.575935150857702860
0.311482782150782178
0.755820434933344720
0.203064896556563373
0.414835413192732094
0.463252655837140759
0.589090893478107502
0.504691241684538050
0.251487783281106880
0.535000904890902684
0.358908223930278825
0.412017242206966339
0.284067348860820579
0.329116700360802816
0.703657442055740101
0.756154749058604581
0.266983344509898968
0.369018337020867504
0.347361397420772378
0.894955510078339844
0.330248023684111991
0.685108761493072982
0.226662676018919651
0.299190600209105595
0.216846884792105538
0.741672708926321089
0.754260806232801229
0.720175663830822765
0.258403412993456372
0.152032722116240387
0.761360053877020104
0.785599136166658663
0.724700329577094737
0.367834701899476479
0.225381977374058046
0.431140079602014725
0.284032707880292168
0.179484465128500470
0.183634717531997033
0.370803803556290057
0.773421828868890548
0.880394837073376735
0.114081440950541596
0.328064630749840602
0.588435255842758687
0.718276176645469722
0.485140034948620180
0.192204565614699258
0.603064925603313817
0.277486988468372053
0.219534934974980278
0.381919358931359088
0.304408710009313355
0.673084475789903047
0.325570072115473563
0.455945915570267812
0.700044284277462125
0.597257902371129412
0.649210974247028560
0.791448177284200027
0.513858891142257690
0.451484152474023293
0.305406523565351473
0.732201392187791900
0.478453482337560299
0.448191393563224239
0.708502420288365298
0.406104557729677185
0.227060471011073656
0.866192874222644349
0.660688655724744556
0.182224937930287434
0.440649770148207887
0.539719528055682463
0.598518801751734109
0.608164313151078217
0.348343126920996726
0.522782111201498423
0.324795343970758210
0.728805349534299762
0.486873950923162158
0.218231941227798210
0.634243208557114468
0.697462718163371909
0.670872382977715676
0.861875589544366161
0.770021416443419815
0.423681429832323542
0.706862414135644324
0.717451026380116375
0.334683968947345589
0.393786167902646811
0.725382478466147562
0.168917773427948226
0.621506425757590741
0.506267179270070367
0.178817196355343933
0.421413638021133241
0.274115820453336712
0.358890426129950313
0.682810573646482122
0.356026941138538333
0.659785650859657902
0.902831879156949069
0.366592885338779428
0.316752611963027841
0.331661039581817529
0.640154934374903339
0.809797545532525809
0.377823676972555089
0.230020137452377232
0.495460232405625534
0.619940896079051451
0.277104455820950668
0.260892661617896759
0.291908039303356404
0.687331495473951781
0.868421035565884236
0.720628975923741755
0.720684201426586513
0.351818719205743868
0.519015042222289114
0.694635591280260645
0.525541338957595028
0.244382553885478443
0.282288200066173556
0.705633702968066046
0.671936168906839271
0.486037704362054790
0.824091117991047839
0.305786179044998052
0.481339318979531861
0.558993197751291526
0.238917320215734641
0.566422119577973948
0.642949379670667676
0.423589943252568379
0.451559820087204189
0.851913476546775628
0.248511772676659110
0.470229000285259768
0.173543699824674269
0.848153855899137055
0.385451072922246396
0.185022372550894626
0.199800325187891203
0.473100148006978027
0.770382355766043636
0.382902052885093158
0.269292030572203911
0.193456911733346087
0.425627366710823907
0.647621375053629822
0.468919071572144908
0.823597150107915232
0.735639309616131665
0.861825984835831838
0.650577187082590935
0.222683405779772581
0.743132098390250517
0.147012972690342164
0.233073108421578606
0.589919731286703164
0.618507099976300823
0.352028647983585685
0.204967446203654230
0.811658105418507470
0.380870320274301011
0.502114631135596290
0.277931995828442580
0.435096299348901649
0.419067031252887634
0.740587768840018423
0.599336416997882093
0.388198775264042284
0.773744038795777911
0.288737218378935900
0.233396823691202154
0.108891287372242254
0.242678526238976872
0.845607775452702271
0.458500461550343019
0.741822009166842378
0.144750622706710796
0.278050444795357565
0.301947526234191854
0.684950649126983002
0.498585093228504861
0.679392400953639397
0.514123804565592257
0.348717394215776022
0.308626711727470693
0.725118653020611625
0.865560167821442628
0.204902036605786791
0.237429148937994522
0.439555923366596435
0.399955889851232038
0.618017113941952134
0.746562118610701431
0.673571118844190964
0.717160202109591971
0.216957488454800340
0.788505011177606852
0.231027544415905006
0.659782937079368748
0.705907885742565466
0.722592290164477680
0.562295244630285351
0.745755279258099812
0.308648494082277791
0.637501624643502129
0.399674172347434964
0.445179020032001493
0.631224475659306394
0.540743698456675026
0.659209214416166311
0.542422671441491477
0.798901337212985174
0.697924788867640311
0.857705653389332245
0.448276798871745152
0.276125544322082306
0.468315464529808767
0.690428430738502574
0.496653649469136482
0.369866474736928297
0.649946538861837175
0.809240260301367531
0.365150316025579347
0.403225758843181625
0.817818800815999780
0.420419328477093068
0.361106969970364455
0.293357876289215946
0.571002005856809713
0.753352927018153706
0.413060091753534919
0.486351411694368074
0.558991792366413498
0.560700337605255728
0.427976025303848873
0.671417722621558077
0.668664139222160281
0.436945295333682038
0.376708254773650719
0.582137737851992965
0.261572200700361079
0.536197454246743366
0.669514198004829031
0.353284877255555296
0.402362783800066570
0.558146885979056928
0.423299684577841007
0.446621958242522932
0.705380855780584182
0.228896253454410836
0.442607138805806211
0.612900793173952740
0.592144626711693656
0.511293496503307798
0.712780320161958802
0.303886338850419657
0.242830807859214653
0.806712027633432194
0.409626259864004860
0.692352904235074562
0.198220576258109737
0.268293332126195883
0.728008482952338554
0.644574998202822935
0.865851976779311250
0.234132482037815393
0.288330702196473943
0.715144010285034160
0.894434726501427413
0.579942512659724185
0.595327248214626015
0.301391131329172834
0.296898807221180061
0.611272779453341797
0.358367917998276164
0.657467216891941209
0.393279339616381785
0.558459455435352026
0.334438624496701364
0.316213736044496208
0.396232375785694868
0.753029745144749629
0.244155177013808400
0.513207234222626041
0.805164809572433304
0.595722608199832915
0.361067054209767091
0.642389627229834836
0.540083805266154071
0.419244716173496290
0.195786035040299400
0.583322789119984364
0.654130016611947362
0.463969002692330268
0.521429624672434922
0.448675622129840690
0.752106135705319701
0.475962968942006959
0.762493192931648078
0.542048949037095107
0.810766752138303071
0.419905080113638696
0.676742771946848398
0.639475809606634749
0.182875973755410648
0.452501432755966382
0.512962618434085638
0.340871914097801210
0.609735535916079541
0.847436617485629151
0.699382011806259918
0.544561727999144596
0.829108316223981401
0.634878825242754630
0.720308796686171426
0.605360194149925035
0.508625872811718005
0.451795478694470787
0.513169490304892895
0.437463779117906237
0.146731885217126101
0.651388262799407314
0.341666560954886400
0.657241144123846488
0.681251768943725633
0.742291720700053559
0.756870861678069717
0.337210065828484729
0.463270793549859727
0.394868070047598219
0.432662057740705042
0.375870970350218325
0.234141559488249468
0.546209901937572018
0.117875077213950658
0.524361764166872080
0.705204030400865212
0.750055062283734642
0.668988329609609300
0.593563629787861147
0.514819810968214164
0.728587117043658528
0.241128073501014062
0.712945569659856448
0.422050632582374241
0.551172493789086948
0.313918717209633769
0.517810187087982432
0.683699304860473589
0.621536855248884801
0.522323703356955105
0.539590540362062665
0.582783784714224873
0.678372205709500520
0.881169341006158402
0.321933679860529898
0.489501604061950313
0.414383889547236817
0.356130714072990961
0.292537195090839142
0.247530295588131360
0.177914567481913838
0.741527986210063439
0.236627376559498503
0.583204243380609388
0.557372510752645711
0.265191009515442500
0.405246131820388045
0.385333990323113162
0.564811266259710898
0.258388430787447665
0.713596702292060403
0.263294642082832375
0.558772409995834329
0.681441648941720102
0.212982253380363473
0.657742923738534935
0.711040476738361460
0.453894869075965934
0.534787499774246444
0.804907746154918669
0.540124645886275956
0.499326677852602652
0.652573220088204842
0.423579154371961975
0.541183018527619630
0.617737036396102890
0.570059626774208406
0.716359348970784571
0.267193540746642533
0.480738786301337873
0.568651192227109137
0.415715312834466166
0.750812630930033920
0.446433733050075277
0.357552797353098251
0.333844394496253138
0.475065923929908096
0.828845773777455275
0.364604583303901386
0.235950909872975678
0.582074845738539071
0.708774732845267819
0.593349406185467054
0.483382223658202992
0.426782773647031599
0.159719127374517295
0.363095038184680474
0.787721263795552629
0.306451239006222453
0.262595079977083645
0.517153526742905933
0.686287487031180587
0.353536251082666619
0.780370136230826850
0.739572167647331802
0.092575884361079455
