"313319_313400"
0.485459856696085046
0.469043911088240506
0.495316849177989627
0.523945280675835345
0.491819074662870392
0.532072724214844972
0.487307283073390551
0.470263377040525066
0.497674360802654037
0.530113387661231172
0.524892701502326142
0.526034710222717528
0.486786219828080235
0.515077082364771788
0.516110362684983670
0.475078664269342310
0.485401652595586874
0.536040474228456687
0.498365277169587562
0.474553223072618602
0.498545868782542478
0.478393919527004496
0.470791886452338548
0.512708889928432221
0.518658931134810430
0.526159524059931605
0.493668294326317036
0.486454084052404701
0.494888053950073792
0.465606666728103413
0.473212073524507282
0.510864475370160886
0.516502501207965703
0.495785046171818899
0.515416078263954969
0.486622223685669264
0.506030687999352802
0.536066771158859257
0.510617979875174766
0.519543449961749726
0.506415349511624813
0.526153079906675258
0.513309504306305953
0.519226208155475821
0.496727391326240164
0.528104552740673028
0.474531820909550983
0.520239449318537828
0.481111472894144521
0.485748527827711052
0.532363315985873942
0.499228818706682953
0.497430305165964537
0.511504521322527661
0.525100785838200301
0.475705619184103756
0.524735372321903371
0.471805003704814929
0.505400048714681915
0.471658355496766657
0.522560684094436123
0.482171429235320526
0.493290814200634642
0.499517994496137263
0.527138902633707440
0.492915227911451814
0.472976583113878413
0.509388748552429882
0.497733266381917339
0.522758435595051862
0.522454503710079177
0.475997102083165036
0.531583136377517307
0.523055203786766065
0.513790299339359602
0.477350661018809352
0.519585631920630897
0.481591732372246839
0.525835356693843403
0.479376558442594025
0.493875022259911534
0.519988145663015211
0.490993542125019833
0.534533345597950404
0.516899771631477378
0.499758829774850033
0.505656559293286456
0.510551243379280595
0.512521117030151463
0.514879276044596934
0.502453820068734847
0.469864090293316772
0.492742754979489439
0.492560456157629056
0.521426709737365823
0.484577584109243176
0.494118038247333524
0.484538464640808408
0.517471268543143514
0.503339448310340942
0.469928564871218812
0.500473153152715122
0.511831792119079032
0.524469285989266343
0.490030163655772733
0.509604489453292064
0.507166689026931738
0.514177842582228650
0.532524676339853897
0.519462009007074510
0.515309463638291332
0.495450689014493739
0.511746457239898422
0.478768972313805330
0.473424100091829114
0.480342841602875048
0.518602059571189544
0.475519985205818063
0.512171965115401417
0.466153700933765625
0.470991837805423474
0.518655459257848284
0.526561673068148495
0.497318706559445101
0.511022525961296603
0.517169547102686367
0.484505374169290570
0.466496287474843951
0.533977167441081479
0.494095876689491731
0.529291186074468567
0.495146964128993894
0.481238271798674511
0.520835818816773766
0.470064216080501418
0.519796937413801619
0.511315112516295245
0.518300107867089910
0.509903445092228291
0.472626742754392704
0.487585609904834794
0.508125989025875247
0.527337822278289070
0.479908024062553729
0.490099505640005428
0.519175880736203244
0.499215235915265121
0.480902301914640840
0.476045780004600627
0.494049728752996020
0.512523207920754786
0.473714692318076280
0.528204454091085074
0.474019329911842757
0.471902719115623925
0.504660748963025374
0.526794501366679713
0.524015264216888710
0.493066959632465718
0.512068062074276020
0.518853708507898803
0.532241821843938423
0.500653889042189881
0.470683847758467333
0.472440395091117293
0.486195587711341304
0.494037093242216785
0.534904469978136787
0.484165775749177352
0.489478347239818756
0.524851596151303612
0.513358976620614027
0.499186543694581875
0.490966192365274556
0.494741001215349474
0.520277922705193019
0.510102839550944265
0.484236419117809458
0.515222178720778246
0.475713973690071235
0.510820527204529196
0.495484504998933983
0.517580220817119407
0.492614639880571026
0.475875571721937174
0.501946205313144600
0.494126452526921167
0.486594071238109604
0.472519807847938511
0.476751811623416122
0.512910807084378639
0.530332593642747985
0.474160520050838974
0.484625593534178556
0.480036194980445530
0.533044353064693777
0.478901737445681874
0.521330731582592577
0.476319635115137807
0.477254002251832121
0.471680097853524327
0.524446064559008995
0.525439740055135829
0.516331664653459366
0.474590298149479672
0.464326598735625096
0.520818933590027178
0.532771734808816788
0.519660276099650709
0.481057344109782070
0.471061898038439786
0.484173390062507758
0.479993308901574489
0.473172980003287391
0.473231053089830711
0.481592770948923554
0.533137804903729084
0.536798182596339934
0.467156876991375480
0.478438139453538247
0.510733616577184524
0.521354348112060939
0.499685708187659061
0.475101020112198957
0.503679096140621008
0.489105309529072052
0.471839827044608640
0.478673597738122347
0.484258747740958340
0.520054125724803362
0.487912221495571230
0.483013552303506566
0.516660406922540005
0.505102642417236236
0.510257945575064875
0.526643706551395807
0.486009506785904266
0.504804447541215340
0.489707587214515239
0.524265245727239537
0.500838537236393155
0.490111882793026699
0.530781973567751586
0.488788983002041710
0.475415015664489404
0.535279863935507416
0.518934779356144738
0.479501402204512983
0.483160427056848973
0.511120247288380791
0.509106559356769850
0.498626229944211408
0.486490598069711455
0.490294153691998080
0.474977340826610583
0.521774427872046975
0.496230352239815820
0.476355924273929698
0.515472126689921151
0.521654084771870585
0.518697768621626198
0.532786761249005369
0.530606652848819693
0.480794616876960679
0.528211786970937625
0.529727630872654731
0.487193021326779829
0.491018071209168183
0.518191913725237541
0.468690828523289138
0.507371111276961217
0.498275932189146176
0.467005392762962435
0.486950867950119104
0.469696709099851339
0.490097273914681386
0.516286200856054478
0.480364927323699009
0.503289503871898303
0.532020353036207538
0.501158298974400784
0.478203824528629751
0.480890587692621718
0.515782579270242292
0.530893765273780738
0.484210010511754163
0.482258571706770056
0.511193264755444909
0.512300154131746677
0.473800246007193337
0.475070995814119434
0.482953721139494696
0.515334146240176261
0.533795009419610555
0.523078828441424393
0.526375576306395976
0.484226572952663747
0.503120894296325782
0.515045039233366198
0.501374912862256217
0.475656805648546788
0.477087460989779222
0.525660925365210252
0.514580471593606537
0.511770507056895196
0.536804158201819148
0.490998090460398495
0.502292891577685641
0.514923391744794956
0.475344656417940714
0.509106476874299885
0.527111577143691279
0.486200205780923045
0.500500400331950646
0.536113395047733698
0.476123101583187547
0.490951025137934094
0.474025330178381388
0.529097175374888318
0.491041270923497752
0.473276345283762445
0.469610573816698629
0.501441873311477049
0.530839854667411903
0.481749561774796442
0.480446607151301941
0.470530021867057058
0.492795857587283948
0.516854241264838588
0.479685039015117942
0.536102527769658166
0.525910048348634418
0.531002731622297608
0.516808242231841963
0.476567586818860411
0.529967722259014118
0.471009203329854631
0.469854381033648572
0.502129676041603190
0.513819897207195564
0.478051905026850854
0.471149655522405952
0.534144065197760032
0.483355568841191241
0.502466404842253356
0.470916961677878998
0.484502030272714657
0.501233638532349368
0.526494322719972652
0.507550996083574124
0.486670105702164568
0.531766050830264514
0.490731499635190138
0.474380126014100734
0.465723832206738908
0.472545811092624835
0.537389712005970077
0.491478884156836993
0.526083278956300471
0.464147456264178360
0.483810352828363377
0.481932514493582986
0.514067608260461717
0.490642412900564151
0.526351905521032948
0.507008338622360943
0.487177257947728148
0.487396876765062048
0.522329998155548481
0.536426240030246415
0.472631711292892442
0.469301752947488771
0.506062229978002875
0.488938311670807868
0.514181284801117910
0.528165290278517330
0.520934618151887241
0.523591464482141333
0.476101695852411078
0.533700096033671412
0.477018526444838387
0.510924379129213291
0.524340258389345504
0.527749432764184068
0.497554342956900431
0.522715732058967708
0.487835943297466657
0.516345353925756645
0.487957916909199263
0.483465298750359040
0.518103735911350394
0.486461977562189396
0.521490565563324737
0.506168392959736813
0.529695333682432601
0.513284252642414285
0.531851785978593061
0.489526587563429649
0.474973981456978944
0.490749083993807400
0.511336223809926049
0.500781527503135759
0.490978773504959720
0.518927767638276971
0.532881318979387064
0.483599353169193558
0.480467609949330465
0.533912694507832963
0.504011498612566777
0.488449082187439265
0.475530646759008913
0.524941247920542531
0.523317209886353774
0.482527993042978665
0.495867464493942978
0.509759552516632408
0.512581596851858667
0.491664443533916584
0.521710274166275356
0.515827393130310896
0.507721194847509549
0.488891810610953215
0.513687574007828607
0.478682988932574660
0.498011323823777441
0.516599055669342055
0.483086062115844483
0.492822330392674479
0.490273615282360964
0.509044314918091101
0.488975232863828158
0.519029228522905450
0.476626335983267313
0.476310745950743186
0.509563265004736698
0.507238058059573116
0.503129110938044133
0.523537710646837962
0.483715057732396259
0.471598734380765161
0.530960624775347445
0.486508048871759413
0.517011650524491384
0.468676705512365011
0.475159150438556332
0.519734583625847013
0.518356845978655612
0.533335379215024608
0.477308960494223555
0.496240693861261906
0.514181390818020279
0.531504460101556053
0.519410072399785983
0.508985244139324111
0.479352566448779327
0.477045854230180588
0.499389579652839588
0.481580717657200730
0.520642200938257971
0.486383958628121837
0.487884965101301082
0.474942182424644643
0.473309986826919771
0.492065277167534953
0.526056994743301254
0.473073746051792976
0.500645171861913818
0.530047856967168163
0.514344682736247338
0.476677932896483358
0.498726731596771555
0.500791244099460853
0.484410925243716817
0.479203609369739103
0.504844615083386516
0.530289770270253813
0.497036192970661650
0.507674445971439736
0.486590590069451878
0.522816451687666439
0.485273844928979126
0.536064352644726960
0.505783800965124875
0.528488360145661251
0.488174757622112376
0.515191543910844207
0.513003695312497898
0.474500630369288467
0.490645684785474989
0.513893051850518368
0.481385172907179248
0.504411298269607511
0.529071377337026139
0.516969879366931728
0.502890640253191190
0.525800080674499681
0.520140508385006695
0.519159504765899338
0.525862942861817895
0.496875100675040815
0.499245297645206865
0.498888737566163587
0.485171082503827678
0.473762309306897111
0.514912940394611773
0.477014578696918989
0.518606378895938636
0.525789521690183559
0.526545030370060285
0.528823553934176016
0.474673822701400294
0.488260313524274459
0.494884431189028917
0.490727998264487375
0.485421717255443752
0.477445755246453052
0.491869894016369491
0.468098129630913629
0.504662824306937763
0.524432388128217908
0.514472749606969870
0.518680652585401303
0.509461496826725035
0.502184412000143632
0.513211658935105564
0.477911467581195126
0.530141793131242212
0.493310422768248602
0.511052242547654800
0.480462616499680639
0.506225501704051561
0.522047633914399567
0.517383144605410572
0.503202300107024936
0.502000065823618002
0.513114921232379118
0.521929808547402785
0.537839133060909136
0.483856430805328641
0.506784102042254436
0.475912358076082564
0.493899886102904806
0.482771138567977931
0.483764599215987912
0.469357268392364635
0.531249171680318821
0.475745269455218778
0.514091392029414118
0.498340104502031811
0.474873749428797676
0.499959834951150872
0.490365993787951537
0.515954660796387299
0.475345542567590096
0.516763245107283553
0.493805736213016544
0.501603581353267769
0.522273706196364818
0.473763430931664897
0.520503079992381101
0.514073105779874751
0.489329870603658512
0.505043722911169501
0.517526745288536039
0.497881374483134742
0.491422411643581691
0.521816064361346088
0.485775081734719061
0.501206801297389815
0.523528036990692947
0.509585280874526703
0.517279903904731664
0.476161944665983994
0.487057375825002470
0.490905955884571366
0.481681143942125300
0.525509589532775379
0.509469701632530247
0.500477846284357875
0.487106892131802638
0.496218070477714435
0.531293230957519902
0.482072713182631507
0.478845825031282368
0.513035160684180203
0.514213231711926011
0.524869766769982204
0.497331831234568367
0.498393183126039196
0.465768892074620078
0.477670301644537887
0.529886781449435795
0.492020277080424617
0.476138818962723642
0.494885937421849331
0.521121660599869974
0.490023546215556383
0.528595382143165815
0.525530731253435079
0.466721846896098691
