"313319_313400"
0.329748438593778670
0.140320892897882743
0.470497516780758906
0.854829194713262241
0.301075091817063323
0.911662010695537650
0.231352058697528618
0.130445454947899414
0.605936761914222854
0.923906199041950149
0.845339339998513850
0.851439679590015652
0.392658812936943380
0.460217472718845333
0.659782681188978426
0.126491621546493682
0.361904448550569358
0.929874224225485158
0.299652052675752123
0.164580853614778588
0.237731185318296817
0.186357834280211354
0.066832674080433752
0.649911245601531351
0.446585031667097121
0.881720551753876092
0.197592237948201882
0.339197355091731434
0.618688227741349017
0.170871608512385226
0.293497260499674117
0.376085677840460098
0.527393505991825995
0.406811163020596278
0.820643835153581525
0.342498829564024165
0.733959460813737530
0.911862676668690364
0.791849533442202769
0.811460916540150623
0.555556980963336278
0.867588936813411427
0.562777240168274684
0.859114715438175081
0.453249211159011289
0.892275316023708354
0.315991660837737165
0.365472061731460351
0.131118960573860216
0.675879392881453933
0.893193721190816081
0.368193461353843898
0.720677081582823065
0.386262347326004507
0.806811412745639944
0.179404961896393877
0.797649816141828061
0.557650232661769274
0.536224933595327191
0.278973414787319851
0.914099648811731225
0.146218303581526127
0.775391843576581308
0.549636610820012583
0.642457593046966147
0.569460968167179504
0.452103780386564513
0.699164894619872523
0.444067773918520592
0.537916486762442747
0.783532738108010718
0.218962036940517218
0.919196861736479853
0.780209457436680687
0.551572783362592745
0.268594356574426041
0.819146037988957687
0.277835044536666409
0.749775491918784676
0.203912797289415054
0.412759535406923228
0.626709283720153665
0.645685738772663442
0.933912748163488349
0.763455599776133753
0.703220184860837705
0.689453396179692923
0.744827331885576260
0.813079295067067109
0.775365233561023937
0.172077174318152171
0.111165021142585044
0.134883083673814463
0.278617984334346536
0.757895247644649661
0.203523704241564796
0.515238923051362985
0.484362236464440987
0.827961344055272552
0.338425381647594337
0.081223517450102645
0.427746669536275381
0.438432783321025199
0.686648949161198452
0.544294620573666177
0.735041662700184451
0.676013008939048032
0.264863317199043991
0.860193599735098124
0.893081303367001866
0.634023166076234324
0.476388560828103935
0.345508820675509476
0.167367876671604576
0.194696916278503968
0.377204005020840172
0.676046347603368569
0.197528946345934736
0.773887407774305314
0.321398948142798291
0.473708857051877430
0.619959197081128677
0.675138934396036228
0.567772144875987261
0.548644328265326164
0.611995292948461223
0.195278085513402810
0.276307539528967860
0.900267028622499410
0.583164554584325479
0.905410159669745807
0.384114128909183672
0.207321633139212064
0.846702663992227600
0.063082726766464786
0.814951063732230363
0.322807039794861195
0.751695457755261476
0.636829715900594784
0.122236620244462996
0.087435231396429336
0.684380458484252885
0.938980289854002059
0.284910875809757713
0.287726512302993731
0.772360751611614660
0.453511073926688435
0.113611654423917269
0.114874193302768934
0.213036064503472400
0.742436424138147588
0.208672366765820350
0.863861738064053308
0.353649141505080089
0.280131793816820962
0.560338399078588845
0.946530411941308270
0.882431163931820972
0.453385873361655034
0.471074322236424592
0.854865088812908125
0.922750584222572612
0.630908786404827615
0.316315460960651218
0.092356745287258207
0.293531754724185301
0.302666877238199628
0.925418316729023194
0.145504044441890495
0.455837787320599208
0.791452595489831601
0.579337334593724163
0.638568230177485319
0.485637068506739211
0.620434199338037562
0.818761061664036172
0.749169375736645327
0.459836831021151915
0.843373244300537728
0.085398809114613533
0.634445400096873557
0.261130681842895729
0.570735221089870626
0.549603890685247065
0.073543260390667484
0.387190800880783004
0.463035045049588090
0.248246673647853744
0.220049486818573337
0.400925465098491141
0.815641126727661314
0.905163280266107484
0.203800788258369503
0.225441411389055740
0.335966133537584810
0.940573415365778986
0.218177927033686436
0.917764871213405109
0.636959726714367624
0.145213110570288545
0.465834987878739781
0.882342134433065084
0.895273518229987353
0.559249924463907200
0.461274344493375343
0.325246974133520161
0.918236764441755615
0.794934846608717716
0.750380643221361332
0.436572187656567967
0.612829721504915326
0.318939790309165860
0.242010257861498157
0.110265437989947077
0.073845275734560512
0.461006149553475575
0.884428504737136856
0.960604513023829765
0.197622927246096231
0.136834450457148482
0.808048481493087611
0.837537717639307400
0.228753767124199314
0.190896936888416580
0.527693687998493366
0.602303140541608495
0.218213699649005249
0.268584601397094280
0.358371366690527327
0.832832684271294088
0.309389981016334026
0.316481625954493806
0.572098880243614549
0.715062596444351550
0.566370308081746376
0.754356402003269144
0.427771111349573019
0.523764707559804088
0.445773824983130007
0.884201933697029263
0.266670796903595853
0.208222957510769552
0.849043994104102251
0.641478064959814298
0.116692194152661660
0.881031393166759713
0.795992556409910179
0.137917068135191723
0.585934146513152010
0.742490072407335000
0.692804425306070559
0.669757265614450259
0.301334075097046350
0.562752976769978597
0.120197346545201769
0.715326713639410805
0.459639602662972213
0.271582925236981521
0.686790459815994181
0.891035304887325297
0.842248467787426680
0.866772399034749452
0.921862215001447716
0.267611703167584092
0.802125720750499815
0.491931621009274456
0.317130235561105922
0.349666159219455097
0.805301901631633954
0.174800780288986740
0.665347639387964707
0.611413578792778356
0.278038958815091053
0.410588677054896156
0.233676846259855964
0.183464010983942660
0.527839281132757021
0.422596561703855345
0.708457827697903109
0.918773655625201746
0.317383236506025901
0.207997557834308289
0.388312623142195612
0.736997920429032005
0.676594619407598907
0.275821167899304220
0.154993981925216295
0.691026415845263475
0.642490417250368706
0.176284102669353654
0.192100868634994953
0.130895720156862599
0.310315762571879539
0.939079629929541193
0.892370721703296121
0.822727641937234466
0.266455691907477255
0.574359577172992242
0.603256123944516109
0.622166151296629999
0.132754325807638157
0.625778134374158634
0.906974777480620276
0.721158918605934396
0.516123438545669666
0.943627344929777956
0.352499733178271213
0.730845711244052065
0.826492749199272958
0.122922570445795243
0.564736382405348625
0.658785914670515282
0.186646629590516533
0.439024357148760536
0.899959191176759044
0.206858686364903066
0.270889775038008374
0.091964648047141037
0.919723779854988432
0.304345520490323374
0.124988766215207062
0.232953197220873209
0.369754751912525714
0.699065506312175455
0.226988780363096609
0.252238486269827089
0.291380425114464492
0.508677359789499239
0.376848673604411211
0.403543921113312554
0.858494393779268949
0.904370223801565953
0.938868930047011552
0.669606066936852429
0.127189157270423764
0.424314357411274490
0.127746196667373968
0.144689210954943276
0.750453723666464012
0.531492310464093509
0.251713868543860242
0.171390455372465222
0.846978747100298968
0.261933288550386889
0.409379769515404779
0.304089825656169044
0.211504142404688705
0.419893698879011290
0.873299656426091864
0.465706647380635330
0.135845869667024222
0.795076335255098909
0.313006547613265462
0.220108398579158565
0.209425470563427446
0.108773200255961669
0.877302172412310899
0.501764446752930193
0.679629472439993165
0.115195479612822199
0.564844891170104946
0.262557672174701273
0.863249195047403384
0.308230745896257041
0.698373590416811019
0.471274187722455051
0.268097104275104081
0.355214315645488499
0.864443778722369438
0.958002671360942415
0.199147541743097400
0.332719903643985682
0.400259136005389371
0.386319027914351243
0.689798045335745957
0.857623257608145395
0.750379489593770543
0.783257673040659075
0.097811092807884081
0.922383568064014669
0.203549843687105741
0.684595583248756467
0.725644187152857501
0.910618526892926439
0.692551739496818142
0.717076731544611268
0.296221492848463053
0.658871116304611926
0.182820720780854928
0.578349054321752987
0.763476532244168782
0.391416663235779227
0.729903989256754260
0.535804090289696999
0.510140410807065403
0.781876282833742553
0.945250946231394718
0.428144432536498198
0.202393044813121870
0.275248267832000737
0.805583464577650066
0.503910814675216923
0.278382283415941234
0.767265539022922161
0.952681492107649297
0.101938934766576131
0.404678712513252492
0.879908558600489110
0.703810457599936545
0.347755550399536040
0.155276307365277061
0.848867630429886555
0.738493295379792913
0.114650406585574488
0.345487095070851125
0.811925614516753047
0.712811602072924821
0.237418003903201391
0.820221783381460678
0.780056359334028060
0.387930866465259538
0.231813000827398891
0.599663105711252031
0.455589931692915284
0.438300010287454800
0.756191884249941104
0.130743527135949916
0.163886504763880031
0.653524787758454684
0.263536348268027687
0.229658257985565856
0.685519453084364239
0.453166007194102827
0.549105718272559162
0.779442450433517453
0.403185663474385780
0.523615120449631544
0.898811406310859318
0.245031428660288125
0.206532139433159040
0.811331169903564908
0.146953988325251667
0.785926718599733065
0.175320945957016805
0.314538452698149673
0.407309423077890309
0.821017320737958300
0.938245140196364069
0.635589620475452755
0.672363460626327014
0.714805569466820390
0.941243995406007894
0.824076211571855732
0.262126400500883872
0.348309430641919882
0.255649022907887158
0.635437084519124062
0.173894846753624294
0.781095910760193357
0.559992342135948618
0.352394311369874258
0.252145653279800541
0.165231910275231819
0.429996148857831162
0.697079623009840055
0.196096692821410401
0.410210702656214676
0.492053789954841170
0.597631536747276981
0.273065821069430559
0.333511006571312774
0.780500761490172001
0.258391090664440604
0.178715193398384403
0.774267313022144021
0.819109111641237675
0.409455707434448979
0.587546790897680915
0.262907275588664502
0.849330022783931660
0.419929168078191251
0.891665279530087229
0.553961688251480178
0.923506440272100271
0.268189144731965035
0.667632654961497374
0.667575596944643190
0.197072047550158586
0.495637028150647141
0.633411383852071519
0.193299484214382672
0.807822029378412965
0.830815352231996984
0.844669629903848751
0.620358465717733898
0.879095939629702450
0.621197911053745222
0.876867261405557152
0.845125040417176732
0.400284348786060618
0.556824771967980192
0.640385298266105796
0.216115467875227923
0.251001374333911842
0.842071312062151800
0.236822773455460572
0.766775785009439548
0.568980099534269090
0.513376234530931730
0.547274872599775919
0.148846606289117833
0.295890452809281057
0.172531141433158647
0.554637420169751705
0.272976201557995790
0.073285987250700915
0.400568915287537297
0.219745916480114878
0.536969314381545160
0.719578189096915954
0.760444068126524875
0.292479089511242907
0.487292797564545965
0.675586685131401188
0.801077916644354904
0.094022136965341188
0.783970764578791557
0.312250194169574558
0.430725787369444946
0.276198385163006099
0.474692298509670096
0.666711181448801260
0.742730953517341641
0.584910432581261297
0.328265195603942628
0.478419669095078159
0.805369826065277628
0.954167526454077763
0.116586090537643128
0.408730592662297776
0.299238374569923082
0.324139071201212436
0.270473877042522515
0.130096531774313268
0.147113085488193074
0.646762259466477696
0.173398365271039939
0.593559880251043781
0.569412961834197318
0.118258999622634711
0.349625577104580976
0.147807654705872288
0.731770740677781473
0.249276238036388265
0.694863506256189312
0.453678833721695651
0.333311075587775563
0.769796279137086925
0.299588182304655004
0.427087402944941630
0.661150134760088437
0.527788700366670693
0.496271433951815943
0.861731748122069541
0.630752043593998390
0.503605966915073866
0.726706170429915144
0.200155197308839738
0.725772318748713396
0.409619062527382394
0.616766370266120911
0.794852740753312581
0.166809497679960783
0.136822023662023728
0.346676005581413593
0.272450224373256777
0.830066279523271389
0.677610818623227473
0.518789115649201937
0.207077930429874213
0.404960098832913951
0.913240349580664579
0.205752842233249855
0.174520918636667327
0.811306900483267257
0.383713853542327454
0.583383678623144775
0.433956790256735336
0.647175617474558873
0.308023165715907099
0.325358581854441387
0.780024613124123856
0.485673917522888410
0.155192404960406094
0.384071043282023461
0.898225649058752351
0.354180918058813854
0.883677045253276838
0.710199207591469373
0.191950081325871852
