"313319_313400"
0.247817152216963377
0.052556870906485947
0.302010260694603405
0.968271546462509236
0.288523599809575093
0.943103471895198164
0.201822447641831521
0.153589049173932624
0.485306492795135214
0.946368424188423485
0.856983350945687006
0.899667476524866006
0.179240388861826111
0.875955794809205490
0.673532176500726720
0.082627245397117632
0.387601065483817564
0.975273975985335717
0.416882409873814030
0.079537972717950045
0.250678200281996000
0.150827889644847224
0.022496262934842817
0.707150753548312583
0.883258286349187793
0.944040266090467872
0.505567225430131661
0.232883255245969506
0.460591684290153680
0.062499250874657269
0.041086529710251424
0.684002354017601677
0.869875346736983746
0.260755116520559382
0.658203823995662907
0.150185706510250455
0.696653367842239968
0.933219835280633792
0.594465218738026380
0.924432930492943394
0.530036138158929693
0.934896503396536183
0.694125869961057074
0.910469486967531383
0.262618369902259619
0.915772260046668007
0.156517940503536485
0.820803606510986938
0.124009587964577200
0.377699433812909047
0.968123926994567174
0.339414175351503644
0.208898235537469668
0.683665546705747751
0.914157240685519623
0.151240473044673529
0.882524789716516600
0.452101914875101707
0.699823230674371799
0.114989160211473485
0.966751340203390486
0.186947512453149195
0.743143316820530919
0.633700708695439707
0.767798539127745761
0.592441010568947934
0.280724816305841063
0.816859527502590610
0.497355458754988766
0.446760452614506920
0.906209747628798357
0.135175360120429577
0.944419654165457589
0.844252424852365180
0.794780654888738614
0.117450532178432918
0.844561119755685152
0.323778914871698464
0.795509738462983229
0.149902006968275492
0.284744947053853559
0.698715473071200077
0.492526355779405067
0.973693120712867288
0.726211968690775311
0.796833647638508058
0.719441713833771868
0.934618127163612589
0.788504979415766361
0.764876183099393980
0.481159866937601322
0.150051459066226744
0.389013863643193403
0.171312279139921170
0.819024747456192248
0.368575016520481358
0.472470448976383295
0.282149134860243234
0.791646467356605155
0.299826970344358734
0.027778240614550365
0.521308595284794452
0.532634970430564958
0.841751792509819685
0.110073191920322014
0.857128688329349742
0.746948026666995668
0.359853178157038933
0.921774260198312101
0.872860546035178819
0.773917854523695214
0.656761599171493460
0.350633932087138223
0.148887544145237000
0.100507806261066021
0.339636653217822326
0.703040475031559420
0.114081846587668345
0.811844570563078571
0.029615217624366766
0.073463950963456606
0.843870778763942786
0.821758337392388793
0.370826268769440692
0.603034840970966712
0.843266582086931282
0.187162034155908152
0.059160792027809009
0.956228127812276840
0.434036005951025206
0.945045295624941328
0.381757247249351894
0.180491679311159947
0.810476582488787067
0.016426219717246553
0.885575461102468986
0.477016996436198326
0.805118333574198042
0.698860409539201588
0.105389351200650849
0.271213216159683690
0.656378671921513668
0.956289536586343414
0.404396098490602485
0.237669643881541881
0.856787946873115658
0.605709478095448506
0.076210959388542512
0.058467705507456010
0.145178159223187719
0.755034527460258786
0.121181090232532457
0.947124872705641052
0.156535659224952051
0.112578450046024139
0.603197212168765429
0.968791984632878744
0.856235202844661369
0.699250683573486520
0.295706894737737591
0.906684197639014644
0.963788255904629021
0.271633176326075976
0.274778290384548207
0.139105307801363293
0.301395214328789351
0.523335907674934875
0.978630931540716453
0.106307176025128139
0.519977845066803335
0.889453728181206382
0.647600690447931227
0.462040490009580473
0.568417438323930657
0.473777601471232046
0.612738493754613311
0.855595483841174786
0.084897755805918226
0.878326031308735655
0.029056208682968029
0.660274433002298933
0.167695365664054769
0.743361768172654092
0.396629767959143509
0.113691340419730086
0.460740155440326205
0.285934219647711541
0.211753332620983004
0.135868069385873952
0.226833387894809529
0.907136602122776581
0.944579116834684318
0.089308153004226926
0.337120695538199511
0.256405534669877699
0.986618779186383410
0.147742225788337511
0.871231350592668319
0.402866643609957553
0.100996928102369099
0.252882081226684152
0.912268529278976947
0.904435637597874154
0.692218219640982624
0.265199541153879725
0.064064983730408337
0.824892584131510120
0.896661762709720866
0.846070606040925988
0.438726200886778051
0.108062132543134445
0.122228229975600386
0.058723270941702696
0.033938376693496891
0.062869165616513317
0.166072802536464476
0.926304036866850700
0.983275517679969235
0.024462609020939104
0.113966827940889220
0.906425646395743523
0.893140651698683286
0.281756111873784298
0.086437952791424813
0.333855358277053371
0.356339171157503631
0.042379092524594528
0.082609105578070982
0.284029665425151956
0.812990765454856268
0.161678386915479949
0.224183099251072493
0.906481919921692580
0.668934882322219093
0.826623144079327243
0.880635708095447778
0.357560548496387465
0.375259648477049956
0.604708581227388908
0.932841775443875920
0.436464534088762290
0.288393265559870104
0.831739291670318126
0.290517613512227879
0.044382218395365075
0.934932534210178634
0.917123334894041298
0.063521984060253708
0.251011631489704234
0.748669395460519915
0.598425001138512491
0.591984830793516603
0.142858644241395910
0.356115989756870865
0.136971306145537292
0.841261452086607853
0.375857391812229991
0.054032220657978663
0.876146467336100354
0.929531532597765442
0.895348765924356749
0.934263389868579486
0.948868038203835251
0.241482297738886992
0.890604746042439332
0.868134364042157158
0.175431403243574147
0.245946071490762669
0.952096081971873009
0.086306357462542949
0.838992512368540111
0.702011875920437567
0.137489392655017889
0.300932383019622496
0.093334837982764166
0.093753794673428814
0.882817206269315480
0.481235535866696040
0.888727788852142542
0.963690291166804380
0.344119478763109943
0.131440086171275144
0.370911043331116907
0.886298362435765097
0.919878644255479050
0.201638086009987699
0.164903718703025920
0.647049945626833822
0.817785250029234745
0.132918420545878324
0.085094529647705891
0.122432124995501018
0.830897339531616819
0.925539560114701065
0.935927211618170052
0.887526355087172036
0.209628549671023456
0.324496064498437986
0.929327192783210965
0.562599080530728712
0.074456687295047869
0.283401355048017500
0.903125067950920846
0.864350240827040039
0.711236809686847216
0.979324088201058984
0.424875070541977318
0.717448693127695103
0.831803073939503257
0.061834905107906936
0.684371673590860041
0.800900285519869248
0.259379357212587758
0.556881902249491190
0.951169329919962947
0.114328871053886338
0.205658124339329312
0.028808378964217701
0.978907562495517580
0.368104017658724192
0.027237582116261524
0.042310736300130602
0.430482854108135471
0.955915531670853746
0.080610599640867836
0.079794887574958132
0.146079218521676296
0.387235140280048795
0.682006944765546796
0.217832629266420053
0.929655821391365378
0.922738142998236310
0.979815349246989986
0.812230163753175360
0.058136773172971147
0.807309344114674032
0.080404150618637996
0.088164128738024025
0.540930442525211497
0.842633921405536723
0.152536187187466338
0.073708909837287118
0.934638878582536026
0.081835231269980033
0.621053731048050173
0.182948906738951644
0.176462696921074969
0.308920440924084105
0.876278046728439008
0.664254922996571628
0.109590868361828353
0.918476223894308719
0.220570666767753859
0.089561646529912595
0.018842461208778187
0.067907274249471711
0.973783771445825619
0.515769681840081873
0.855947440327514686
0.027856912554438572
0.074797097406120353
0.249223790612168011
0.865437092255439411
0.409964559275259599
0.703799189344759268
0.466121196668928262
0.141004797691304529
0.160010495985925122
0.892124446664980919
0.979557902338298758
0.114685789374575603
0.152519127752402173
0.250726913903053794
0.208902100289294346
0.754540946915207456
0.940604359122690137
0.797713763628678851
0.870166257137729438
0.044486434015112347
0.904293190875960495
0.060068063049534229
0.730773654391498884
0.876038930367686097
0.918800112714110662
0.785870694076655885
0.763998159136718424
0.188688440038361910
0.718222700789528434
0.122597911837089207
0.464275559232540602
0.837374453773465754
0.361446783839877217
0.878879333158487430
0.696057027255943095
0.933440593428889742
0.758225303849401011
0.986383941530958319
0.261326784983350435
0.070145491355625006
0.280450275491376966
0.809431439347139570
0.481509104034277435
0.173072994257863183
0.755033872996512589
0.971683204889959184
0.174960209890068774
0.160347654040207122
0.960722004003326191
0.566844774831202547
0.204283902408790102
0.152969436864786312
0.791789331435337029
0.874067524702103804
0.184890892078248270
0.229645658108272255
0.720896024167045235
0.761795240707338284
0.231669182338382962
0.901523961561102261
0.844222696917033444
0.507549047597781189
0.269768091127631837
0.719844524079419346
0.478180268981555523
0.575653616433060789
0.848605543431378728
0.070336602874034634
0.199027212839632234
0.600210231600299626
0.235757085738173167
0.258461110256903603
0.789384925186540354
0.207573920160391445
0.301005018156854875
0.781316200346008571
0.731749281505432281
0.695681532145256964
0.844324285197287416
0.116547297775359548
0.097375547636561977
0.943266523264373435
0.194898915027520547
0.876870108474604115
0.065226592027165173
0.120006377947549564
0.756418135919729950
0.881063712344967054
0.923349747735378257
0.477271776254822366
0.360039956592086596
0.672038294469112008
0.990490122592563194
0.792525656649100574
0.657665018669411294
0.105128659425021323
0.195079468742526657
0.594547930362428256
0.171599938579813788
0.826973782426613124
0.279933723637415144
0.292452137662756850
0.155873377035668004
0.243751070884402676
0.180880381648246519
0.851389960499937093
0.095549163937679676
0.609348112880671255
0.903869183257048681
0.766080577491036641
0.188345185511497565
0.812633369919635862
0.675351015581669767
0.357791275442224388
0.138926373534279168
0.729505238269691159
0.847407512124933815
0.325955806577003016
0.611175950580763683
0.199270961641663052
0.945955857553349655
0.433137619095404991
0.932153436791022250
0.751879615856378747
0.963503826971626176
0.259341239681986968
0.781682311840866895
0.902569689630050354
0.165735379975179647
0.479650794181364026
0.633609050909631044
0.096157648570359383
0.657113679400762485
0.915834221396999992
0.703754365273973170
0.667855064521370556
0.966293353380386910
0.738961346235499694
0.953248347376256078
0.813039107838433583
0.305931476945978609
0.599493298534364616
0.680234065028960000
0.126361645279274543
0.145193242521173521
0.923512252404765532
0.358725275253268916
0.751659232074206818
0.800971939991499293
0.940900325391023529
0.895739801779989575
0.122626955044788100
0.251269842272122734
0.269428907247148297
0.651581249293308740
0.163915742643900797
0.091811763046981840
0.589401763642741994
0.030699798779568965
0.651092046716061690
0.822564273444872374
0.947302513486173225
0.879798264050872914
0.741938181417317266
0.598182034494505244
0.880102346929779067
0.054870882189850131
0.895550298875301354
0.260520211011089020
0.657343078059570818
0.125863361253852224
0.414746201343831555
0.909526904653432000
0.658335388588416670
0.695128202773646842
0.571644493099543349
0.667342995952202922
0.879755794914337863
0.958028857019135760
0.100974041947677479
0.485181040354521809
0.256991509015752240
0.156793556018311908
0.354005514753974460
0.138799088062814047
0.045029715873094130
0.841687344554261085
0.063983173016304934
0.733147853281546191
0.599544620176579279
0.105775213971543519
0.329229294217399548
0.150629157126408703
0.830308547265691255
0.108937681381401363
0.703036546521803585
0.164406152140959910
0.684720472996980911
0.832037851910773174
0.087715166844730727
0.817010846968468152
0.871164320347136756
0.244388711234961670
0.621720437028710937
0.882782411686151125
0.625629423149843711
0.424322448450490497
0.828820702751512428
0.229583557191623544
0.532588005680807886
0.600530501586077126
0.777013186856550853
0.909249272710053069
0.108971795153006382
0.237347731150862773
0.520662675568287936
0.256435471159184969
0.841120923718567726
0.718067206113719658
0.718828775175133328
0.091790693375897819
0.157428855847298349
0.916331345949258580
0.215528778930148712
0.076508311802814699
0.720048434844355212
0.851860289978692120
0.718352312118784475
0.450477785685530319
0.656404766378824944
0.043419184342556677
0.135011026995091515
0.890180441348719320
0.122179668470988489
0.085190148292541040
0.617092039220112465
0.841073712287213171
0.462692566037721964
0.889919935570398946
0.928664079007140431
0.011626867081391766
