"313319_313400"
0.358288433422768504
0.107284616715107112
0.373472427241264726
0.954609544608264970
0.279696121461091629
0.933097012171069107
0.307490697129014834
0.207158747201241861
0.455928238603339919
0.937514987114807297
0.857532711892180055
0.844105690045972801
0.188182621471403522
0.872767375861441375
0.725194630922257222
0.087962836619355514
0.418852971333403323
0.959280707185501180
0.416481769313649108
0.075189988696369864
0.221859545502671063
0.161624086459484007
0.036616215677377620
0.714572917919821915
0.866609413722050359
0.925227229419126940
0.559502546277814705
0.231488062882077905
0.515199240204181397
0.080595549181511308
0.086586786034299978
0.675174524047938651
0.837938885599913696
0.306118561745206186
0.649145488865968678
0.173362303022644215
0.721697827992100804
0.939007616475848184
0.614989620114380409
0.881430016198128330
0.605537358522889702
0.888865859336432251
0.700002791440618832
0.887081022511882145
0.296701685792478353
0.901638199252000616
0.259592463414844987
0.804207294478221368
0.143947849907903019
0.379290530406192095
0.957657424496948795
0.327857711511945593
0.204272997077957846
0.638990451291374217
0.912584253412119795
0.186516801167159268
0.862533536411007828
0.355537790221952477
0.663372915134091246
0.097035482179279431
0.914106079444021780
0.264055452526704204
0.720702415761962145
0.666166609265570364
0.800107136244984529
0.492096177055237172
0.350795988502560496
0.766376313994773350
0.506550311994329316
0.429933989865235677
0.901801530289495834
0.175840004472300748
0.889360181570222563
0.780523297323478804
0.758700729929777551
0.128133291967797519
0.839903048646012396
0.272350336466582743
0.798859938609983278
0.157024271577817676
0.313559923356271697
0.680197591900611798
0.505651704600965646
0.961860246267763896
0.755468323476874204
0.786773633294777452
0.719439451788646767
0.880805923552892001
0.761349873637369612
0.771683927560077976
0.502277273029284377
0.153980866232023089
0.423333094545459254
0.159142106064997124
0.822440893969084375
0.346143331342530169
0.497151818120944111
0.328399169681019176
0.793674052817160525
0.364777147294121362
0.035163575605893185
0.549936059132561494
0.529991902580853713
0.862727108033806700
0.128959297842651283
0.805942982481004155
0.675658488917626032
0.389075010809306621
0.923923841702112281
0.855676382900004140
0.772048346808320574
0.719452084348568666
0.442029953385897567
0.152018281120008592
0.104172338530170078
0.403753513217550597
0.711047022126269579
0.141923557288665680
0.802293027706301842
0.038711334121663679
0.086744842350932161
0.840608447810692883
0.808609959839549086
0.417686764240306763
0.607023954747844208
0.785091405722052715
0.175203546243466790
0.095075476926766156
0.929082163521738447
0.507847489424392062
0.940908457863934178
0.448658081278878018
0.154460481071820449
0.806978761216816443
0.078852758035029530
0.856779841216708582
0.432017923695679373
0.717767904646478772
0.626111719089722185
0.103816312112353565
0.289418778024914169
0.665114495809060013
0.947050099889466535
0.474934594046787506
0.255173960404459332
0.843957132641441676
0.621414982497740964
0.103667373975764032
0.066823480046855580
0.136445804244422986
0.771727097781720772
0.149410100691678926
0.924123600026635628
0.168675706220864585
0.149963158538545249
0.618403480991302712
0.956973347075940506
0.837079728026150383
0.666288937974710005
0.310849262712828589
0.868727229780637433
0.948006375690366609
0.278216159270717300
0.229028441754409368
0.148925583324611616
0.310265366902376938
0.565448523387863444
0.963845574106377723
0.193315389313552327
0.548157531280390353
0.867462689025522815
0.684843311656567755
0.474899376504438753
0.575599608204864333
0.419190906301069088
0.602222742625255991
0.839625088140790954
0.097599416176127787
0.900611075259843852
0.046628356313129976
0.614918712611204454
0.198977302235423065
0.744080701806522971
0.397361281254126120
0.130978411864031918
0.465178882742923183
0.312964554270787565
0.207308230079068262
0.145992844174448327
0.235991380459965816
0.884227497165543497
0.945882424887455775
0.112889725345139885
0.324817639820149162
0.248502681124791985
0.976967465816733771
0.180856507614208989
0.853268457178622763
0.313330653037462326
0.100180863578035045
0.281100937085908109
0.920639534538256310
0.882535682438247759
0.731060164699356196
0.298867959622072021
0.078452267844891233
0.822273315550033357
0.896588546830743183
0.838474272873759752
0.364776459047211454
0.139701848177315208
0.181591484052255836
0.081462410758092532
0.063526642827428217
0.067282645651222356
0.175500760460346711
0.921746981577196922
0.969277518785677916
0.035500832898099820
0.209675101444220774
0.873984490879567644
0.846590415337507229
0.298013705044287536
0.087071845991720770
0.343409675454223628
0.381136286641918731
0.056073658949299915
0.111566594883118847
0.262550135127386230
0.843407498462707905
0.169004406956423797
0.192738894685487189
0.899844022052104120
0.632677583341883176
0.799755967769122500
0.875654487665410541
0.350589776222378857
0.445168593830220227
0.463302151099724946
0.904810883665311372
0.468348954299322218
0.272657326647515408
0.738611885418121061
0.328613617633532085
0.069577141648747454
0.912816011592280430
0.844995287013424412
0.083391684408027550
0.215517580808814502
0.713989014480472917
0.608382717372523918
0.614454123379927442
0.164702683170472486
0.446524539808936471
0.152798085873673162
0.823895164906402355
0.381682393033148826
0.065539689425212627
0.860164480567908063
0.887609525592536253
0.856206200849961907
0.933020811238247982
0.933744205888439982
0.228914151051359482
0.888198186396482070
0.875076471592416305
0.196326957794188572
0.243472402397638676
0.923166239142176770
0.093594642366469791
0.801286119082536996
0.705814527025579119
0.188824315099339862
0.375033504587406641
0.123263653835819928
0.149451214105716046
0.854102973808806731
0.412872579996325206
0.827033590442560307
0.951937073964895797
0.336033300521250133
0.142115722885741008
0.380466304078093565
0.800199117070872212
0.907297132264835438
0.194835390543447867
0.141782065454967660
0.608406729023048931
0.723063292808674318
0.140470353246074126
0.099936992126320429
0.160110037545567963
0.824521085060859305
0.919601676573588156
0.906744098208890792
0.875593662606458989
0.184899347027390304
0.345098265682372785
0.882193237376996175
0.580777311360554882
0.083925011822348364
0.263550147118053579
0.881087921977412813
0.805348906313781865
0.688826620355784236
0.971020480524027785
0.442820446948917590
0.671137436936831699
0.761748870660619248
0.091464578412466011
0.677074779609318389
0.802410793134820111
0.267585986487432148
0.564378627592717508
0.946013608760811864
0.130113763781358055
0.218223737951492663
0.033805494730753456
0.968544515928316585
0.320763826495678972
0.094455389737892470
0.055405392857532605
0.454066790080170479
0.933718317003181308
0.116228784991557255
0.106390204331103827
0.141578282461006788
0.394085652602218339
0.764244311878142124
0.301528512161362228
0.927540112726628063
0.907306858021796336
0.966450999648934550
0.814974744295883347
0.066655958522843797
0.806242192587617423
0.089296203505431632
0.089673334615226974
0.551281034108185963
0.812388070871696066
0.181950680943952003
0.105248846683681591
0.921967319891623283
0.098981302087499445
0.527031651385905908
0.254742047606047461
0.303541400733152889
0.382625660173871285
0.869669491542758855
0.721985776771510324
0.128375961727100363
0.898504331739053974
0.250888734850155337
0.112058001025685805
0.034878752837184557
0.084421954722741541
0.960131819746635640
0.559399376611457111
0.852847242310956211
0.045592454468575280
0.077894587938182797
0.247652350036204144
0.885138531927472938
0.459531276694053137
0.770828334611153854
0.504061737860596049
0.190438585634476049
0.219168008650851703
0.856355708055091647
0.969920928573576369
0.137628545806544905
0.156985254251794798
0.268074231144257047
0.243287534610202000
0.727293184386993419
0.930996731387442100
0.815945569270595028
0.847434695859047182
0.063580937675148039
0.882966483730779683
0.095093527305262562
0.720872154685132105
0.853511489646070931
0.906372439493276949
0.757797083403790483
0.789657049017944868
0.197189736752628630
0.764002347213289523
0.126836638601743296
0.372683905553343298
0.813880014531280116
0.333424048286386387
0.867757877240413977
0.621223492484132223
0.909627196042624098
0.777699061716114248
0.975890254520407119
0.319778826453623599
0.094042310103645901
0.301922240805334252
0.792973632960195074
0.469525158800191023
0.170987667202391891
0.792992679550856394
0.955745775657141028
0.192084713145206448
0.184887720637467029
0.939914254400460281
0.520683039737765863
0.207711889193782029
0.170619909037082546
0.826418490914831549
0.877771649554050737
0.214499181244503234
0.280246417877502485
0.734914498006767558
0.753751086551204041
0.290947025143464433
0.863382980327109029
0.811035030090715647
0.470019051706640767
0.255878970623610980
0.748334187133829265
0.303485879532825242
0.596884730832063504
0.832425729954624494
0.147632112121246772
0.198333258227849418
0.521843551687211860
0.266339261908888514
0.315399397838972140
0.793919168103282669
0.184255150832990849
0.328278297895457150
0.769724746774676172
0.718533761355817702
0.676081247839454003
0.848705986939778945
0.181132791398848497
0.114663856610681153
0.918996853545315573
0.235226436311298026
0.821915327662413819
0.061588512092188574
0.156226045713160205
0.779400872048022775
0.885790518506628599
0.918204050296539620
0.292623171680876260
0.337831262218677764
0.752990197187971222
0.983430470274082036
0.777025529813809124
0.664427297361818492
0.171256295772303557
0.195430507497452999
0.586325915520409469
0.208285928700331718
0.828788227023192325
0.325208013630756965
0.352732281469154030
0.171153050400687179
0.241888339861096702
0.177036208923689736
0.850633754722183943
0.118605756616079958
0.514644111294985773
0.881391234484766639
0.769177792800561977
0.189496146994423909
0.805980488895705949
0.726472311530573789
0.309719488576089830
0.141272590406981841
0.714886316419344081
0.830498631303446144
0.398555083257194409
0.570822643543467900
0.210622770874032805
0.932802893520005338
0.377161190695851134
0.913692190031632601
0.716875198204738662
0.953707974033404349
0.314756999600298792
0.711990118560773433
0.863563448793759458
0.152608927435325864
0.460767733616394337
0.661102993998792909
0.127479256418828291
0.649426642337445847
0.916720167638673700
0.637634504442524119
0.695111860499521894
0.942842976265085508
0.744202713126395077
0.936660011185691088
0.788492291910144361
0.339730489618809695
0.636530685346301084
0.646780945548564690
0.137293771649522806
0.145839757235959988
0.907485472309795149
0.340698475023644975
0.778515443438881127
0.770230223071514564
0.924638374328154766
0.897597227884302074
0.127297612891683953
0.217373114105341242
0.288217370852341226
0.499282483703591462
0.161401690871405434
0.104988246598953894
0.563552229429403195
0.064621515453200523
0.648157792604449612
0.839321940767572161
0.906611609122147111
0.883249801052882866
0.770397309153587062
0.598570801030411825
0.858999489797553251
0.067459423077626243
0.869092567546249084
0.292754545020953605
0.661654620695366069
0.155734033742370326
0.445401435768185305
0.861175912826284917
0.700536353788470678
0.660899344862162064
0.583675409336936735
0.672311775377057552
0.852638624741054452
0.939328469933456867
0.116303461148477991
0.522030466776312596
0.295486994308177708
0.227285452975108937
0.375222327212225815
0.145416691083019300
0.137390378991730205
0.856020692569438024
0.089191169413704224
0.649685181300438619
0.573582589498125239
0.100864965552591279
0.318388377252106114
0.212311686304075070
0.764044134349218917
0.176860968994797085
0.736600205107416750
0.230336438281582068
0.664012825459605494
0.805572767626383635
0.115799417481392858
0.813044287460418569
0.835637221825395016
0.258207598416350992
0.659045009544823146
0.911379625213124989
0.609811172420289482
0.412096172503799429
0.821075245893283845
0.207177044261148524
0.503314143831742444
0.592381783681627860
0.648051836060229203
0.886022028972265230
0.116648558797976476
0.254943195903441555
0.579325777312432511
0.230059987536773425
0.846180989638876668
0.664627203999340943
0.680037311483962181
0.112009406294409530
0.191699715402572912
0.905765612036329659
0.265515118562414165
0.110189477681060410
0.689326943025597494
0.861370200533010610
0.686471730371685851
0.427453453251697479
0.573118889085169947
0.083721879605839100
0.163746987861267734
0.872876528664220719
0.127590357181359776
0.122334968717323217
0.614819999861325184
0.791156972150566573
0.496212950366300976
0.877389514038902418
0.911277833358034473
0.028152274391433592
