"313319_313400"
0.321151212110304396
0.106929520639759995
0.421303688591717129
0.943918087132269767
0.273469060165733857
0.912382245961360527
0.216189936235673230
0.150558802716980217
0.474408530448869603
0.942184040599349570
0.852963214320692442
0.845646994862549573
0.224448401525981861
0.878168786760417541
0.763400582611757250
0.103741422007958023
0.409467225138073376
0.969412852105464240
0.397859326450991702
0.074609609583100894
0.325194492276437153
0.168003112065536309
0.052724866644057580
0.634350042009233950
0.816067357485852574
0.937025373344849033
0.470345588255049851
0.248763544938958636
0.532694702369012507
0.074963035422483226
0.099090880138514678
0.629116062058888925
0.776988322133923437
0.473651074667167660
0.495960293882574954
0.199955891797724578
0.701083726751808523
0.927053144151840480
0.600871202025682893
0.778298647585627390
0.429697402983930277
0.894493539522928982
0.632938058335020148
0.882037498094611516
0.354944785455475920
0.888264891137619195
0.206431919179057233
0.785640088057397601
0.176015504051027144
0.506068879200603394
0.957078505832860471
0.486013873955867093
0.225273430255819224
0.564955446405508099
0.915915041618018955
0.148583350913973566
0.834887666938634254
0.378105007162269080
0.548258888039189096
0.095992380743780012
0.935185635439395702
0.270991229903706221
0.733389936746438376
0.490897689912736412
0.778748052636513810
0.581063457378483639
0.281297450229536838
0.737999289746402387
0.485237454648878130
0.428220529771961400
0.877228856984792804
0.144034187470268110
0.880914752819738966
0.834720363204577986
0.843422060350985547
0.141363551406596288
0.851464539341681981
0.309901618532653633
0.770335373407955659
0.216372609154453055
0.233266018165111583
0.672597018080339115
0.504786840067302123
0.954440347781591814
0.661417728393861371
0.723697222816877983
0.599679976351386035
0.864377824159622055
0.775704756602862089
0.678187805937024435
0.490500460713172215
0.216908327835453746
0.343092552912585280
0.178274680639497890
0.848638586378426152
0.374176083168401452
0.481622262793308387
0.541500985182596373
0.786096260318587814
0.351730719556151594
0.045223827616769963
0.480807505222037468
0.482536386861982747
0.784019651257943151
0.150331503501235586
0.744886598388211807
0.618498337917470775
0.411949769991477255
0.883123279181463050
0.833910303903586891
0.726806200231680632
0.788120003629572574
0.463602885034165801
0.208794205528929716
0.203932009057125663
0.468046491174802459
0.678035772488170041
0.193775632418164867
0.771342119699919393
0.023292701530866461
0.059790897638454986
0.786338326962825573
0.789364339647057101
0.292282846097588422
0.679037932686595735
0.774217032526037352
0.239717606018239521
0.075990622018689571
0.907000938848535165
0.419929343923245602
0.956972176731234248
0.417198085252971973
0.165557470246279481
0.794798500900996352
0.073027463452918981
0.838954300203800241
0.487981703846535830
0.757179363948200179
0.684277339480527491
0.103137478134971414
0.318255228150810088
0.637846008107993856
0.918603072776356222
0.416373420052916665
0.199417113905622223
0.818808883769502116
0.528440184969515170
0.157227219487029335
0.065279242299976531
0.207319333303977088
0.783498621837093956
0.187005887606024990
0.934787956462355463
0.243641483804396874
0.153357831793658361
0.549186485992455009
0.952101056775322196
0.836230290106024232
0.627326531847967495
0.309019645114251895
0.867471842401136506
0.934063832750233303
0.359909058383195701
0.163084070230844869
0.144091028694318030
0.442345141175347900
0.442604350796961699
0.952486398302157644
0.290302915075321244
0.549481042534850639
0.847924194086257521
0.706890801012419190
0.500693263040283387
0.528953709067474076
0.499112366510024053
0.552967173102056453
0.813322606746642141
0.124067342932380892
0.928732745864074616
0.064917423787662895
0.583328372649435933
0.203194173176747900
0.710564385096581375
0.455353593217550645
0.142348637972483649
0.475247135122834508
0.308672488173253434
0.242822771766714213
0.159458217510988071
0.291192475301532305
0.842642251775042372
0.934184063590232983
0.117502936815913658
0.271055983159987524
0.229878193230660721
0.975137753452622214
0.248489792506496165
0.832908297000326647
0.303054645626775199
0.114060373631072604
0.173694444523017771
0.874108698385926419
0.879809685674022290
0.705529563702684825
0.233936072762030323
0.050631915968148776
0.796623440076127731
0.895922469722151726
0.809896463378379172
0.407392204964366622
0.118520002911333494
0.208313143926813965
0.057942678782785396
0.052536949817708872
0.079463672258471452
0.195223894247040203
0.880010016904744008
0.956222429048224076
0.026318698606967846
0.169603309827593640
0.839879155811194322
0.821501339782078732
0.464080696995106623
0.117536891291391568
0.503678231680492750
0.272153678869961502
0.043179788712096510
0.232533820384431295
0.216764748472690588
0.737023976174873474
0.217071436123587064
0.332803944606530344
0.875598068345494585
0.653229827697329291
0.801452865975157636
0.860948811942201964
0.480335580883490043
0.365957490363297333
0.362478317075094203
0.904804168923597163
0.501771820486168751
0.298968205987798552
0.762664641844486346
0.346336579932814470
0.067459445278748031
0.913920062777917042
0.822793075929511786
0.075091771034030239
0.379794592657650532
0.563248594552287263
0.638408166233496166
0.611349262473078303
0.146330734061053708
0.470912536558232175
0.175716644215414108
0.855065670286613622
0.355972061816961061
0.048486728560426157
0.810386415018708117
0.882446191980771566
0.836602276866501571
0.932504110930909680
0.937046154007612597
0.269345801307572963
0.835178920023375682
0.867871494147222644
0.220444634664739875
0.216998031387165585
0.867217497391616576
0.097500226451927158
0.784195699561876625
0.636723872274851166
0.087772903659999471
0.391188861383556352
0.120340563421353089
0.098762883698475870
0.881159312287673413
0.372093042339664726
0.871707840334081219
0.963547854709235096
0.275748205737331387
0.134471992011556463
0.283289034311192012
0.854882872057618592
0.912505829941936963
0.278446274561835017
0.147475542477623428
0.495174534571584057
0.750687029387222982
0.138587535857328831
0.120910104425990997
0.174218511576957447
0.800661722075718618
0.906558037616141621
0.896447182936488951
0.868687994500429550
0.171835826399630798
0.375176751020854238
0.864594441537982816
0.577076126522426347
0.124343749881989277
0.304114379971623272
0.864629306936565256
0.802872072690418270
0.638252365561881918
0.952754625889820517
0.364001710220745955
0.626333587934221336
0.718299039045685817
0.080797822015591061
0.612261482573234539
0.705282298216009629
0.329942050673517839
0.372269443816533041
0.937708525617018007
0.106510208309745780
0.244733182726908693
0.040359985426877326
0.976520071834408920
0.330467336528124878
0.055583721799225980
0.069080463414944504
0.378696314631166209
0.935092324814970843
0.147649289215988189
0.160485704740123608
0.161038629090144991
0.493175292324944725
0.758635830343477702
0.343243378419285650
0.914497333605324036
0.814129361696757647
0.968777793906561380
0.791904669196905608
0.076730076805881300
0.828251802703612983
0.094534020665811028
0.100297364492637153
0.534598529155348334
0.749600381643898639
0.190287722748180482
0.114333536714829792
0.933461625330174738
0.126315850832733417
0.641791170196010952
0.137202986629658075
0.330107486970491193
0.349165781218419180
0.847485773951984434
0.610122282388097625
0.124473592732350050
0.907378710643649278
0.230759353239820914
0.109060769058472479
0.025070744576148461
0.108965649168415127
0.954645949639280067
0.401296111910500186
0.845363786340757817
0.028658646737329173
0.102536188577689050
0.287178887106808167
0.842455076088022281
0.430070465835381999
0.673245855583598951
0.541265647438005204
0.239514153669079605
0.205351492865451624
0.863534936856273805
0.958493645767263813
0.100011139339794511
0.122728663937288013
0.276108099612362823
0.216846566738841479
0.671258994630293371
0.907605676032355202
0.815989829642337350
0.847667058048636957
0.082624836005978960
0.881814839344276624
0.067605176063593370
0.695362044785136080
0.809908716173661669
0.860528465951942989
0.742203424763028030
0.820464936679536794
0.197975524529747704
0.734992926856464668
0.153724676835713642
0.450639306445241750
0.830554142611692581
0.446199242066065316
0.854141179123306338
0.578655532592302402
0.904778410362697016
0.772281612104880333
0.982188073702434328
0.352875672543237928
0.073788008806080385
0.386569832945995395
0.778499133998346915
0.529543387026149448
0.184894932692885372
0.766278827376969729
0.960971751254331985
0.251224411602580189
0.227552586601427687
0.928126849815837818
0.430790766338711495
0.264017383469340339
0.192526252152006527
0.694839247446565889
0.813767054803314682
0.292345474572669961
0.322548853542873826
0.708580199723970128
0.704073937893128554
0.242890891817032495
0.792444782563694661
0.769190483730549213
0.442162595199345310
0.273087016523977433
0.668459482397139038
0.336328244105028984
0.493849410166651459
0.806270251447086972
0.195143862994135164
0.236087411278531056
0.676027405152858973
0.255912940020496527
0.309415737086204790
0.767514141916148085
0.184852161175491359
0.386740120670397314
0.744309534759502678
0.603167035879807689
0.687471391347979077
0.820670359764914203
0.129137272303110034
0.143331220261429026
0.920227934350541066
0.255805101575556526
0.802309476421389611
0.053532031148066275
0.148087685987158407
0.783989902795882987
0.862318785777744234
0.925986910401778052
0.339283394778599812
0.333813608186458388
0.727721153904885010
0.979181840413646865
0.707176719742598325
0.652016009127698748
0.122376269698407605
0.254487415888511814
0.656588991220013463
0.209490280831883535
0.815017413271848401
0.231791598724532449
0.512373837634702678
0.195912118202247659
0.293071609039696090
0.217497845245830213
0.881294097821674338
0.110925554563897910
0.493689227173600254
0.884177974454832816
0.760426900336146572
0.260963119433676616
0.792267659600412566
0.645942816384762697
0.330613963353814655
0.114148900565611208
0.726146950385771706
0.819553186395920008
0.382642537103749403
0.526248706196535410
0.214999793779809018
0.924141019345176340
0.439351495366638645
0.880453914764589674
0.702178445912407967
0.949377187239757281
0.377615128687723067
0.800158438272096761
0.829226477690064190
0.203865704988748675
0.536313413817589124
0.581499731867894054
0.200467776638458495
0.690747827660878944
0.918388856092577810
0.657074529154387021
0.695799210860539308
0.900714496523190133
0.696122552570709319
0.957901737130544606
0.783369459465579676
0.367216428507169512
0.537854783973565120
0.633234343323482718
0.150870312970173920
0.143986433642384032
0.881368527115837797
0.379732946769503865
0.783977214529594568
0.785900687077271454
0.916507334062401369
0.859083152045731602
0.178722559379304785
0.228658503918748812
0.279787025742942730
0.502079599019500833
0.145484985581908727
0.078312861790498053
0.560236760247923238
0.032025229240467544
0.662464807325732319
0.794012087795838317
0.899964956273135441
0.880135638768623663
0.635861514856210785
0.622089662419485712
0.899987780078839839
0.099368479765723119
0.835644066769725580
0.332095248071322624
0.501635875846621615
0.124319517425087331
0.528762950026754663
0.858826794025657425
0.639591986026170622
0.590256068715891646
0.474319179585099837
0.689227902111953283
0.849501444650987203
0.945662609469121729
0.175484532988458314
0.457372113522060975
0.309732827016813983
0.213135673444150464
0.294978268203560434
0.131182394239922756
0.070843895011125702
0.820603620784885246
0.083539030244729709
0.623959632770162198
0.541939572344420029
0.142490101914310385
0.375388989660903893
0.199438620516910775
0.767562720066190640
0.178429140276576609
0.778944282379709585
0.172703978574982348
0.637194876132225363
0.822391996183808538
0.156529583754790313
0.800891535727944026
0.825452247799910999
0.347311466333840135
0.569843752509691881
0.903449688775063708
0.652476850093893224
0.385496560295392698
0.787389753258229463
0.189266483178503891
0.546601439965289093
0.643701593244533021
0.589088613145700823
0.857123220302418831
0.115442804729586651
0.256081919109327927
0.514376556720748446
0.253172140166988136
0.828677489744912177
0.625361452266993578
0.655479817519361574
0.081769585954716881
0.214042035266901964
0.925768184247767301
0.221769152757804816
0.080883013675604035
0.660776202602813334
0.830947327065084562
0.716961718839650097
0.435932655890055754
0.468283813417094519
0.081679679565689112
0.190670059017074872
0.847479551929085750
0.186626665557205723
0.107343351440076229
0.609627630308989921
0.765305056704699838
0.372945485093718665
0.879582716739128911
0.894798957980565413
0.019996087439903776
