313450_313472
0.11800726503133774
0.0388200618326664
0.7083667516708374
0.9507468342781067
0.33405429124832153
0.9825880527496338
0.16835203766822815
0.08268485218286514
0.24662677943706512
0.9424943923950195
0.9201380014419556
0.9533893465995789
0.1652701497077942
0.8753169775009155
0.8442007303237915
0.03521646186709404
0.30101853609085083
0.9914191961288452
0.36070579290390015
0.037326082587242126
0.17580202221870422
0.07349555194377899
0.01954394020140171
0.8563109040260315
0.8573041558265686
0.9782597422599792
0.6496670246124268
0.3714659810066223
0.4078711271286011
0.044288549572229385
0.029398689046502113
0.8392622470855713
0.9124158620834351
0.6103720664978027
0.921546220779419
0.1153959259390831
0.8346073627471924
0.9567117691040039
0.7158744931221008
0.8850674033164978
0.8125259280204773
0.9330441951751709
0.706777811050415
0.9409096837043762
0.17607273161411285
0.9877302646636963
0.17031043767929077
0.8312983512878418
0.1462264209985733
0.4245623052120209
0.9635241031646729
0.22320152819156647
0.1825055181980133
0.7613968253135681
0.929286539554596
0.05904417484998703
0.9686258435249329
0.5382775068283081
0.798987090587616
0.06284690648317337
0.9605734348297119
0.08556278795003891
0.7668930292129517
0.7420887351036072
0.9019492864608765
0.37944114208221436
0.17859603464603424
0.8515506386756897
0.4558335542678833
0.4566497206687927
0.9431952238082886
0.11037101596593857
0.975531816482544
0.7668229341506958
0.8619301915168762
0.08157254010438919
0.8243088722229004
0.32893356680870056
0.9382637739181519
0.1646764725446701
0.26722902059555054
0.8635430335998535
0.5179481506347656
0.9943894743919373
0.5751297473907471
0.8594842553138733
0.8422724008560181
0.7939470410346985
0.8652013540267944
0.9029939770698547
0.4452275037765503
0.031349413096904755
0.2576215863227844
0.10436322540044785
0.7386690378189087
0.0663396343588829
0.45451071858406067
0.3167543113231659
0.8774818181991577
0.31338074803352356
0.01303109060972929
0.5654036998748779
0.36729761958122253
0.876366138458252
0.1043965071439743
0.846732497215271
0.8388199806213379
0.4631057679653168
0.9823424816131592
0.9586299061775208
0.8543655276298523
0.5693749189376831
0.43390730023384094
0.11883006244897842
0.0629468709230423
0.20785589516162872
0.817945122718811
0.05616002157330513
0.7066654562950134
0.04371470585465431
0.11156608909368515
0.8506922721862793
0.9282219409942627
0.3717584013938904
0.5151485204696655
0.9205754995346069
0.12524943053722382
0.06620345264673233
0.9792831540107727
0.49441641569137573
0.9302462935447693
0.4753393530845642
0.1467665582895279
0.9565247297286987
0.01846952550113201
0.957362949848175
0.43261927366256714
0.8532114028930664
0.5688979625701904
0.03064151667058468
0.1615719199180603
0.8195706009864807
0.974773645401001
0.22448784112930298
0.1414312869310379
0.9008379578590393
0.6140512824058533
0.03800925612449646
0.03359473869204521
0.15971332788467407
0.6711728572845459
0.051157835870981216
0.9481207728385925
0.08062142133712769
0.2797321677207947
0.6713905334472656
0.979978084564209
0.9506806135177612
0.647007942199707
0.4760010540485382
0.9177199006080627
0.9736610054969788
0.18984587490558624
0.17014700174331665
0.03455990552902222
0.07702264189720154
0.39219701290130615
0.9897684454917908
0.04912077635526657
0.5115029811859131
0.9626466631889343
0.6463586688041687
0.18978899717330933
0.5262102484703064
0.3575506806373596
0.733817458152771
0.8776296377182007
0.06117906793951988
0.7621198892593384
0.036105524748563766
0.8222236633300781
0.1281396895647049
0.847514808177948
0.21017855405807495
0.08542109280824661
0.5052743554115295
0.3332185745239258
0.11072302609682083
0.09181565046310425
0.14249998331069946
0.8199350237846375
0.9569442868232727
0.08203298598527908
0.26033663749694824
0.1873619556427002
0.9789867401123047
0.07841827720403671
0.936181902885437
0.310873419046402
0.052021805197000504
0.2086135596036911
0.9277547001838684
0.9566068053245544
0.8720135688781738
0.33546164631843567
0.06911515444517136
0.9139200448989868
0.9596447944641113
0.7848677039146423
0.22673356533050537
0.18500900268554688
0.0996227040886879
0.06171416863799095
0.03579726070165634
0.026767471805214882
0.1612866222858429
0.9811904430389404
0.98819500207901
0.027775755152106285
0.07922574132680893
0.8937806487083435
0.915288507938385
0.2954549491405487
0.1500152349472046
0.3343089818954468
0.33396852016448975
0.028539391234517097
0.07004708051681519
0.2885192036628723
0.9018654823303223
0.26398029923439026
0.08245555311441422
0.9006514549255371
0.6106260418891907
0.7633669376373291
0.8093419671058655
0.17813685536384583
0.48700594902038574
0.5075767040252686
0.9655186533927917
0.3350662589073181
0.13342002034187317
0.9142808318138123
0.24125118553638458
0.044526394456624985
0.9866104125976562
0.9174544811248779
0.04866810888051987
0.1981700211763382
0.7627903819084167
0.6414889693260193
0.3794746994972229
0.15674260258674622
0.2768167555332184
0.02835557609796524
0.9341734051704407
0.4554438591003418
0.06856633722782135
0.8708382248878479
0.9713535904884338
0.9267709255218506
0.9811234474182129
0.9743087291717529
0.10233353823423386
0.9533190131187439
0.8750134110450745
0.15122392773628235
0.13768316805362701
0.9332804083824158
0.08359285444021225
0.8129396438598633
0.7888063788414001
0.06080081686377525
0.28900909423828125
0.08929835259914398
0.1165764108300209
0.8784734010696411
0.4811287820339203
0.6756653785705566
0.964898943901062
0.561915397644043
0.10427925735712051
0.6945701241493225
0.8809410333633423
0.9401321411132812
0.15576134622097015
0.1352543830871582
0.6531729102134705
0.7570537328720093
0.16340209543704987
0.08670574426651001
0.09174142777919769
0.9169284105300903
0.9539250135421753
0.988088846206665
0.9369146823883057
0.1795983761548996
0.41191786527633667
0.9174585342407227
0.32551032304763794
0.07014591991901398
0.2842006981372833
0.9645530581474304
0.8265498876571655
0.7948349714279175
0.9830791354179382
0.43512922525405884
0.8056944608688354
0.9051761627197266
0.023231135681271553
0.5731354355812073
0.9249743819236755
0.14470334351062775
0.5329793691635132
0.9754804372787476
0.09935037046670914
0.11889898777008057
0.03230026736855507
0.9613080024719238
0.38228029012680054
0.021476224064826965
0.09795878082513809
0.3732317090034485
0.9248712658882141
0.10463335365056992
0.06434302031993866
0.050653647631406784
0.3837745487689972
0.8442007303237915
0.1915670931339264
0.9916216135025024
0.9611060619354248
0.9725469946861267
0.8412141799926758
0.04538717120885849
0.8935622572898865
0.06304934620857239
0.018942562863230705
0.474161833524704
0.9084962010383606
0.16642804443836212
0.04185205698013306
0.9874467253684998
0.06752912700176239
0.6424751877784729
0.14326158165931702
0.0720674991607666
0.4450208246707916
0.9238249063491821
0.635529637336731
0.10254936665296555
0.9751268625259399
0.18716001510620117
0.037125490605831146
0.038890767842531204
0.04317596182227135
0.9871774315834045
0.5447509288787842
0.9100520610809326
0.028187133371829987
0.05351373553276062
0.08740430325269699
0.8946336507797241
0.5051239728927612
0.8772990703582764
0.4393754005432129
0.17323502898216248
0.18943245708942413
0.9461403489112854
0.9876246452331543
0.08890822529792786
0.08183660358190536
0.21014198660850525
0.27430418133735657
0.6837438344955444
0.951752781867981
0.8696324825286865
0.9569437503814697
0.09353308379650116
0.9805581569671631
0.05329235643148422
0.6778253316879272
0.8931670188903809
0.9300903081893921
0.7846773266792297
0.6530270576477051
0.09879299998283386
0.8223861455917358
0.08291343599557877
0.20497950911521912
0.8972300291061401
0.1766286939382553
0.8670637011528015
0.7711703777313232
0.9185786247253418
0.6314360499382019
0.9639502167701721
0.17532780766487122
0.08098989725112915
0.2280760109424591
0.7819876670837402
0.5853481292724609
0.15576830506324768
0.8628226518630981
0.9841472506523132
0.09399890154600143
0.1086285263299942
0.9846667647361755
0.8595163226127625
0.13716448843479156
0.06734281033277512
0.9485333561897278
0.8927866220474243
0.09855523705482483
0.20845738053321838
0.8779292106628418
0.8873279690742493
0.1550235152244568
0.9179803133010864
0.8124821782112122
0.546791672706604
0.20980244874954224
0.7772583961486816
0.3585464358329773
0.6554090976715088
0.8594317436218262
0.07613055408000946
0.16660138964653015
0.3227531611919403
0.159908264875412
0.28868231177330017
0.7717572450637817
0.31064167618751526
0.17582426965236664
0.8027171492576599
0.6470729112625122
0.6280149817466736
0.7866316437721252
0.07806593179702759
0.034006863832473755
0.9662861824035645
0.16400335729122162
0.9299015998840332
0.058677151799201965
0.0652356818318367
0.8363291621208191
0.9092005491256714
0.9796515107154846
0.344934344291687
0.25292882323265076
0.7823278903961182
0.9854193329811096
0.883385181427002
0.6171063184738159
0.18964937329292297
0.10828600078821182
0.5130271315574646
0.09693755954504013
0.9487874507904053
0.2115790992975235
0.15378382802009583
0.09083898365497589
0.10645231604576111
0.05866655334830284
0.9409067630767822
0.13382454216480255
0.4044857621192932
0.9174395799636841
0.8859506845474243
0.07145701348781586
0.7174646854400635
0.718338131904602
0.15620337426662445
0.09227902442216873
0.7165259122848511
0.9389374852180481
0.39673757553100586
0.6838279962539673
0.12635524570941925
0.951682448387146
0.17322100698947906
0.9716467261314392
0.5113124847412109
0.9795376658439636
0.2182902991771698
0.8509830832481384
0.802257239818573
0.1457221806049347
0.3171514570713043
0.7911165952682495
0.05602186173200607
0.46017923951148987
0.9400150775909424
0.7378942966461182
0.7164980173110962
0.9383651614189148
0.8934130668640137
0.9184931516647339
0.9521896243095398
0.29998958110809326
0.659108579158783
0.621288001537323
0.10438811033964157
0.10251419991254807
0.9237661957740784
0.17195579409599304
0.8256563544273376
0.8225594162940979
0.9163562059402466
0.877894937992096
0.029692286625504494
0.13766483962535858
0.2868563234806061
0.43525874614715576
0.19595952332019806
0.05644849315285683
0.3855290114879608
0.027676701545715332
0.44362103939056396
0.9045168161392212
0.8709509968757629
0.8763142824172974
0.812272310256958
0.6608713269233704
0.7913079857826233
0.06455609947443008
0.9365291595458984
0.23474475741386414
0.586524486541748
0.09833631664514542
0.524617075920105
0.9295635223388672
0.8861889839172363
0.6658626198768616
0.5441454648971558
0.41699761152267456
0.950849175453186
0.9972060918807983
0.06971386075019836
0.7354698181152344
0.0832177922129631
0.11027199029922485
0.25235962867736816
0.1726551055908203
0.02927286922931671
0.9444137215614319
0.05202086269855499
0.7710868120193481
0.6135772466659546
0.023557458072900772
0.259745717048645
0.09447126090526581
0.8644262552261353
0.19413572549819946
0.4882732331752777
0.21663640439510345
0.6407305002212524
0.9503015875816345
0.09461875259876251
0.8702176809310913
0.8383657336235046
0.090818390250206
0.6559168100357056
0.825602114200592
0.5995435118675232
0.1651955097913742
0.8919377326965332
0.2410270869731903
0.26356106996536255
0.6141119599342346
0.7473602294921875
0.8638258576393127
0.07285124808549881
0.09987342357635498
0.2725966274738312
0.1146252229809761
0.9079253077507019
0.7574385404586792
0.7983036637306213
0.07064194232225418
0.27284175157546997
0.9373465776443481
0.19249093532562256
0.04346056282520294
0.8713634014129639
0.7860910892486572
0.9011907577514648
0.36609554290771484
0.7031453847885132
0.06294543296098709
0.07003530859947205
0.979365348815918
0.09350865334272385
0.12998507916927338
0.49848997592926025
0.9341235160827637
0.2927384376525879
0.9702329635620117
0.8984885215759277
0.02623699977993965
