313450_313472
0.09488515057086
0.0224636074780167
0.4478979460543449
0.9876921229586936
0.3319659469179655
0.9824687800192122
0.1991652763713985
0.07324687800192123
0.4687569874889758
0.9099423631123921
0.8965631648137867
0.9591738712776178
0.16358659048945537
0.8871277617675312
0.867542232678632
0.022574447646493752
0.43654522403852214
0.9870317002881844
0.30331412103746397
0.030739673390970224
0.3463016330451489
0.04875120076849184
0.005763688760806916
0.757587947245297
0.8955331412103748
0.9975984630163304
0.6589817483189241
0.2476337065417198
0.37955368358826574
0.018972142170989432
0.032420749279538905
0.8532660902977903
0.859949224646631
0.17821792551407742
0.8891248293644776
0.1781940441882805
0.7385206532180595
0.978386167146974
0.7428564320428136
0.9504551811257463
0.7725089511833028
0.9312359910342618
0.6243772577082111
0.8488971403236533
0.2745004806710181
0.9971181556195965
0.14928162719792845
0.8680835734870316
0.11889283560083105
0.3171901989713685
0.9765063433701016
0.23448237641321218
0.21913886956617754
0.7140886817809705
0.968539865513929
0.06412103746397693
0.9668944715209257
0.21565802113352547
0.7785510878697637
0.06556195965417867
0.9804592586314065
0.09151531398699819
0.6845752710306025
0.5140352955982076
0.8321325648414986
0.4649700723077565
0.13592699327569643
0.8730427282072966
0.5142267308674863
0.6717098943323726
0.9294859598020736
0.10507647971624916
0.9930355427473583
0.7695096290197154
0.7793467819404419
0.06508165225744476
0.847793113908691
0.4831892411143132
0.9357536649542663
0.11531053674235839
0.3577629231580392
0.822732262933992
0.40580436146669746
0.9947166186359269
0.6827049831372598
0.8496637848222862
0.7879442843419789
0.8673476373385369
0.8494640850276756
0.9628314502233812
0.45341018251681064
0.041546589817483194
0.3883285302593661
0.17193640568619376
0.8103291369634461
0.13216241904332515
0.4299773872967836
0.2906676305032327
0.7315643480703602
0.4223623189041057
0.10518731988472622
0.6817277343213943
0.3721421709894332
0.8479304056055477
0.15197588525621916
0.8158021133525456
0.8705487894489164
0.549878129795277
0.9723823246878003
0.9262728146013447
0.9092219020172913
0.6769932756964457
0.3193497631587664
0.10758885686839575
0.07949087415946206
0.16967782457696004
0.9128096527231974
0.06508165225744476
0.8035542747358309
0.016090297790585975
0.0612391930835735
0.7596871258689304
0.9467215608581017
0.45815174343158566
0.40778097982708933
0.9476979552627968
0.12933952147979358
0.044428434197886654
0.973342939481268
0.5263139838067794
0.9170774558875575
0.5044792647848481
0.30158501440922186
0.9531700288184438
0.008645533141210375
0.9110433274698402
0.5365033621517772
0.9131852777385917
0.6475315903697189
0.10446685878962537
0.1606628242074928
0.8646373771305182
0.9971181556195965
0.20268972142170985
0.10654047314498237
0.9430786952400785
0.5621633670245836
0.02343900096061479
0.07276657060518732
0.18346336660457702
0.5883765609990395
0.07588856868395773
0.9513931280551573
0.10350624399615756
0.06412103746397695
0.4711833545819557
0.9971181556195965
0.9041786743515848
0.4011876691991966
0.4512487992315082
0.8596745833417302
0.9865513928914504
0.2054340985127033
0.11522783276949422
0.019212295869356386
0.11935638808837658
0.5188946188718674
0.9908741594620557
0.06522574447646494
0.4235703864438204
0.9709770843931641
0.6861191162343899
0.38261723866911196
0.4770615299054555
0.3323190566804534
0.7513448607108548
0.9157060518731989
0.12247838616714696
0.8249479666986872
0.015727884027595843
0.8090803987440134
0.13712776176753122
0.9573166826769132
0.36815561959654175
0.1325648414985591
0.5280818458991619
0.2925346507479072
0.12716301163037305
0.10446685878962536
0.16234390009606148
0.8174831892411142
0.9567723342939481
0.048253427648240324
0.3349395561211123
0.17987512007684917
0.9474063400576369
0.06952878413613284
0.9565321805955812
0.4596541786743516
0.021964826719869945
0.057003755130556284
0.9272259871037573
0.964879591904336
0.7761834067309571
0.2999434283295955
0.014169068203650334
0.8542267050912584
0.9632564841498558
0.7247838616714697
0.29622958693563883
0.054842371845253694
0.041066282420749285
0.07794920083055677
0.050864553314121035
0.016958335553815606
0.05341111518931821
0.9702209414024977
0.978626320845341
0.022574447646493755
0.06954851104707012
0.918030412383628
0.9169068203650335
0.15280095050305884
0.04731027857829011
0.2732915962767896
0.3361825662750887
0.025846541786743515
0.060687470818110024
0.3378132914155969
0.9255523535062438
0.27609981733935607
0.08851493660261504
0.8854880310211722
0.5304857865038684
0.7068929899621542
0.867487663852185
0.24643574485073041
0.6348977631398381
0.5701248799231509
0.9788064361191162
0.3347742555235351
0.27641690682036507
0.952449567723343
0.3754314485408593
0.024783861671469738
0.9721421709894332
0.9264529298751202
0.12776176753122
0.16447890865200898
0.8141625084370742
0.6249585189066457
0.5199783405835277
0.18299711815561961
0.302340380960698
0.051654877303292296
0.882564841498559
0.421383068622565
0.07857829010566764
0.9428151664123864
0.9833693563880884
0.9538304514889532
0.9766902144806304
0.9774106755757314
0.14251231320343932
0.9262728146013447
0.8867160697131876
0.13568683957732947
0.1718539865513929
0.9894332372718541
0.0835247454776977
0.8257756936879872
0.8088352009821748
0.040393852065321804
0.23341865770342582
0.12833345113447858
0.10446685878962533
0.902943598188555
0.40791821051187044
0.5578770413064361
0.9884726224783862
0.5322169431679519
0.08045148895292986
0.5799368738850006
0.9533343445068
0.9435638808837659
0.18035542747358307
0.13760806916426513
0.8969826037170189
0.8724149922704114
0.04634966378482228
0.06351995685379579
0.18917091553979162
0.8297310278578289
0.9526897214217098
0.9801430810455534
0.9195142033758748
0.10501505540869735
0.4798423109016371
0.9851104707012489
0.3972488956638811
0.05021626883332918
0.15417867435158503
0.9452449567723343
0.8980595877892907
0.7354011830729562
0.9899135446685879
0.5375731377172301
0.7853225873171269
0.8968991290471969
0.03890489913544668
0.575692678608427
0.9344380403458211
0.17243035542747362
0.5750285623674066
0.9834293948126801
0.1218780019212296
0.17983909702209414
0.012256378933157333
0.9740634005763689
0.5958213256484151
0.008645533141210374
0.04610951008645533
0.3847948401262523
0.9445244956772336
0.056342131270085166
0.06697541903544933
0.09641079381713387
0.4425071155949271
0.9161863592699329
0.1397430143287492
0.9980787704130643
0.9633070428231962
0.9903938520653218
0.897180117353028
0.016090297790585975
0.9055166735282008
0.07804995196926032
0.040826128722382324
0.42651296829971175
0.9510055266539416
0.1552490736928777
0.035302593659942365
0.9860710854947166
0.06616613580059659
0.5007204610951008
0.11983669548511046
0.06719289049310495
0.46205571565802106
0.9488472622478387
0.7814270441821953
0.10238131351433341
0.9920312636450965
0.20435707424180047
0.029058597502401532
0.010086455331412104
0.019977410619000182
0.9975984630163305
0.5174908580146758
0.9004628416732162
0.01801152737752161
0.05303256152903375
0.12702375367411223
0.8777681887531016
0.45304407408153813
0.7144572526416906
0.5490198732506067
0.158955561038965
0.2055715658021133
0.8830865547053562
0.9911143131604228
0.06412103746397695
0.06197853604193661
0.5030419468459812
0.1962038341901454
0.7994716618635928
0.9596541786743515
0.8484193520216574
0.9559265756170906
0.0757116133272663
0.9848703170028816
0.05204962625711905
0.5621142365040761
0.8651708522025523
0.9771853986551394
0.7915482996269347
0.770417879472938
0.1090297790585975
0.7648895292987511
0.12521266976838247
0.24938138962585799
0.9202759656289916
0.17598268027465294
0.919700372944567
0.7194803414206133
0.9347679217996222
0.7003804788005499
0.9851104707012488
0.28650336215177713
0.0324687800192123
0.2707365584024618
0.7714660459617232
0.5202586798408124
0.2505489227391245
0.8910628138606015
0.9935158501440923
0.13015990666617303
0.129731027857829
0.994672954327133
0.8633939514392658
0.24032573628726267
0.09822286263208452
0.9592002617939216
0.9340712601519519
0.15190473244558092
0.22688898073963337
0.8040513370417532
0.8453410182516811
0.22766570605187325
0.9437346246445247
0.8649083239360148
0.5817366357712178
0.2358309317963497
0.9268731988472624
0.2342939481268011
0.6634107179467206
0.8387776488641044
0.09005763688760805
0.25096061479346776
0.38313300214787754
0.48681441837061423
0.19346642256052093
0.7600607245780155
0.21384595231857478
0.07885479139081446
0.7449437696623011
0.7136852864907297
0.6173625445666673
0.8035949022411938
0.0824163828486595
0.035782901056676274
0.9906340057636888
0.20461095100864554
0.9233519964004865
0.010326609029779058
0.05870052332016225
0.803262659530671
0.872478386167147
0.9493275696445724
0.5661295956685004
0.30880130200621636
0.6959598469038996
0.867435158501441
0.9255112169886984
0.7379891962024527
0.11040520478560827
0.1194864213596202
0.7036326625663802
0.12105929613134227
0.9098170655306351
0.2653948910139991
0.22194342310112952
0.07632084534101824
0.06772334293948126
0.04597204279704528
0.8810724578015644
0.08946648932239709
0.538023191985728
0.9727958301827878
0.8526226915595805
0.06346919171126665
0.745225823648014
0.6505592103126373
0.2826368876080692
0.19939076798624802
0.7911586492278134
0.9512487992315083
0.39102839306892484
0.7465396535622532
0.1321603721118358
0.9780859750240155
0.3250316492147735
0.98895292987512
0.490057636887608
0.9899135446685879
0.18038368084986153
0.7255940505220042
0.9386732857535224
0.1300104794341106
0.3106298440592389
0.7742555235350623
0.04543045480141774
0.5714300630664496
0.9815081652257446
0.674831892411143
0.743762645927019
0.9501633034890051
0.8762245966285914
0.9574045035881791
0.95821325648415
0.2330144231238391
0.5782901056676273
0.4954104091314665
0.07127648754026106
0.11938040345821327
0.9281940441882804
0.39870317002881844
0.8242203029101577
0.838342253327844
0.9388013502228904
0.9089680252504457
0.024975984630163303
0.17785782901056674
0.45064841498559094
0.4937216961712638
0.2253858873264021
0.053314121037463975
0.4069130997084888
0.0468299711815562
0.3739193083573487
0.9279508982834043
0.9256206077152536
0.938518056961861
0.7782862112833293
0.6016486197541203
0.881556195965418
0.04539322557741303
0.9171469740634006
0.14014302486924968
0.8154541270945422
0.06246767161752754
0.6522040261576323
0.9362377274863567
0.7904290954002771
0.7357942514312468
0.5663117628364861
0.6767873792168164
0.9805475504322767
1.0
0.06838927638326212
0.6365195803236149
0.07606568941223119
0.06556195965417867
0.2283206706837831
0.15797923858082358
0.023535062439961573
0.9302953890489916
0.027618714260877104
0.9190682036503361
0.575168107588857
0.06724303554274737
0.2653698366954851
0.11743515850144093
0.9128242074927956
0.09317963496637849
0.48288275925163515
0.24063400576368876
0.6344105942088651
0.9622906486238149
0.08892018164352457
0.9153643165553089
0.8298886695479337
0.08761469409387525
0.8107588856868395
0.754810463311904
0.6485418360058129
0.21435607803205647
0.9485470701248798
0.2208063953149707
0.282420749279539
0.6623439000960615
0.9042469285605944
0.8195600592373352
0.0727665706051873
0.05596878258770104
0.357630262678459
0.1254103349204214
0.8768011527377522
0.7574178610356695
0.8201248799231508
0.07861954003503417
0.17182988155859072
0.9594140249759848
0.13941845858272375
0.025456292026897216
0.7162609004828026
0.9053794428434199
0.8626320845341018
0.3965403803753377
0.7216618635926991
0.02611125665880709
0.09216709504893941
0.9791066282420747
0.10466560667792905
0.164745437079731
0.538229850563007
0.9489654904795529
0.5064866777895748
0.946911155883128
0.9267382452203038
0.005283381364073006
