313420_313435
0.36421823501586914
0.14956660568714142
0.40309226512908936
0.8141642808914185
0.3566453456878662
0.8860520720481873
0.39598238468170166
0.23598429560661316
0.4995408058166504
0.8547953963279724
0.7971769571304321
0.8110939264297485
0.47269463539123535
0.7512184977531433
0.7099436521530151
0.190957173705101
0.3191588222980499
0.8606017231941223
0.6450483202934265
0.176615372300148
0.608795166015625
0.18516695499420166
0.16036449372768402
0.7042291164398193
0.7801482677459717
0.8416120409965515
0.3018876314163208
0.3158529996871948
0.5894854068756104
0.1665477305650711
0.2029426544904709
0.7442115545272827
0.6377224326133728
0.367046058177948
0.697641909122467
0.3962884247303009
0.6405669450759888
0.8640695810317993
0.5043042302131653
0.6902602910995483
0.6437389850616455
0.8347071409225464
0.7073728442192078
0.750602126121521
0.38531655073165894
0.8538309931755066
0.17790605127811432
0.8284968137741089
0.4989711046218872
0.2034498006105423
0.8241074681282043
0.4987224340438843
0.6217066049575806
0.7148220539093018
0.780661404132843
0.22699354588985443
0.6543110013008118
0.1397944688796997
0.6127915978431702
0.14686572551727295
0.7791280150413513
0.5013388991355896
0.34974002838134766
0.5858935713768005
0.859531044960022
0.4761573076248169
0.21621553599834442
0.6479536294937134
0.5067489147186279
0.7840254306793213
0.6536838412284851
0.15657784044742584
0.8671407699584961
0.7160866260528564
0.44339895248413086
0.16622547805309296
0.7190035581588745
0.28485536575317383
0.8372620344161987
0.1495891660451889
0.3710387647151947
0.7009297013282776
0.34912368655204773
0.8428896069526672
0.6790041923522949
0.3657870292663574
0.640769362449646
0.6816416382789612
0.6625576019287109
0.678575336933136
0.6299434900283813
0.1801641583442688
0.31316283345222473
0.47017180919647217
0.6199718713760376
0.38962215185165405
0.3117234706878662
0.2914520800113678
0.6848419308662415
0.48920682072639465
0.1056537926197052
0.4905664920806885
0.7760948538780212
0.802341878414154
0.36962711811065674
0.708740770816803
0.532296359539032
0.761955976486206
0.8825209140777588
0.723545491695404
0.7617320418357849
0.4565919041633606
0.752606987953186
0.14774328470230103
0.17743630707263947
0.18722952902317047
0.7508799433708191
0.3709905445575714
0.7387078404426575
0.10146716982126236
0.12431512773036957
0.7543365955352783
0.7419762015342712
0.6336183547973633
0.6986393928527832
0.693510115146637
0.29458844661712646
0.12629736959934235
0.8618183732032776
0.5082435011863708
0.8462162017822266
0.5023547410964966
0.2326519787311554
0.8639597296714783
0.1528206616640091
0.7341268658638
0.8006232976913452
0.8059598803520203
0.7462321519851685
0.17322038114070892
0.252816379070282
0.6916083097457886
0.8735604286193848
0.1973944753408432
0.43706032633781433
0.6337527632713318
0.49423784017562866
0.34361422061920166
0.1755271852016449
0.5843432545661926
0.8079086542129517
0.13453106582164764
0.8017683029174805
0.1512027382850647
0.21875295042991638
0.6092134118080139
0.8289783000946045
0.6237272024154663
0.2981419563293457
0.8492447733879089
0.8335164189338684
0.7997893691062927
0.5005062222480774
0.1510675549507141
0.23135007917881012
0.4919682741165161
0.3168010115623474
0.8608094453811646
0.3838983476161957
0.2551737427711487
0.7281351089477539
0.7276121377944946
0.5144380927085876
0.31469178199768066
0.36355674266815186
0.8754104375839233
0.6353290677070618
0.4200420081615448
0.7009658217430115
0.14905275404453278
0.7352550029754639
0.6729335188865662
0.7780042886734009
0.34846025705337524
0.15223276615142822
0.7401717901229858
0.6226924061775208
0.2424071580171585
0.167894184589386
0.17908014357089996
0.7730039358139038
0.8231112957000732
0.1260467767715454
0.28702545166015625
0.32591140270233154
0.8370622992515564
0.21489132940769196
0.7864832282066345
0.21308854222297668
0.20936088263988495
0.19477984309196472
0.7090528011322021
0.7958589792251587
0.7045575976371765
0.19529500603675842
0.10980263352394104
0.7005547881126404
0.8634961843490601
0.7705983519554138
0.3125714957714081
0.15210114419460297
0.4025285840034485
0.1623915135860443
0.1618136167526245
0.19374914467334747
0.35942715406417847
0.8133755922317505
0.8863837122917175
0.11803130060434341
0.2871013283729553
0.5427379012107849
0.7006375789642334
0.535232663154602
0.1583784818649292
0.4480585753917694
0.48680877685546875
0.30526819825172424
0.30653753876686096
0.3388347029685974
0.4381891191005707
0.4356113374233246
0.34217366576194763
0.7717610597610474
0.6707819104194641
0.6321892142295837
0.7933762073516846
0.32884544134140015
0.5726341605186462
0.2734978199005127
0.7863637208938599
0.7210789918899536
0.39473843574523926
0.8746449947357178
0.2767183780670166
0.16441382467746735
0.8325249552726746
0.8139014840126038
0.23843376338481903
0.21262849867343903
0.6368687152862549
0.7483154535293579
0.49816620349884033
0.22720865905284882
0.3771548271179199
0.19123387336730957
0.6623147130012512
0.31491202116012573
0.27457195520401
0.7939835786819458
0.7771100401878357
0.7909840941429138
0.8144253492355347
0.8109354376792908
0.21903955936431885
0.821972668170929
0.8507464528083801
0.33194440603256226
0.5760108232498169
0.7187339663505554
0.12636658549308777
0.6042212247848511
0.3026234805583954
0.11424517631530762
0.3115757703781128
0.1670529991388321
0.5392616987228394
0.7161045074462891
0.17283222079277039
0.582385241985321
0.8055384159088135
0.42900869250297546
0.16242177784442902
0.1584753543138504
0.7507656812667847
0.8522324562072754
0.23126202821731567
0.30244848132133484
0.6713382005691528
0.6932650208473206
0.14062201976776123
0.17159593105316162
0.22571107745170593
0.6048719882965088
0.8535701632499695
0.6592844128608704
0.7426771521568298
0.370057612657547
0.6592962145805359
0.7778262495994568
0.6128044724464417
0.1504359394311905
0.1655614823102951
0.7802131772041321
0.7502038478851318
0.6836805939674377
0.8634673357009888
0.29121482372283936
0.5279629230499268
0.6818951964378357
0.22089403867721558
0.6867257356643677
0.8066354990005493
0.25853851437568665
0.4827282428741455
0.8531586527824402
0.26809239387512207
0.47831928730010986
0.15345875918865204
0.7916816473007202
0.42034676671028137
0.17342732846736908
0.13717366755008698
0.5934839248657227
0.7985072731971741
0.37500694394111633
0.21200361847877502
0.18926391005516052
0.3027503788471222
0.82026207447052
0.26756054162979126
0.8808884620666504
0.7950527667999268
0.8620122075080872
0.7179414629936218
0.19478625059127808
0.8557941913604736
0.12997086346149445
0.18340866267681122
0.5636102557182312
0.6489325165748596
0.13948780298233032
0.18413066864013672
0.8562567234039307
0.3981662392616272
0.6208745241165161
0.14908383786678314
0.39656347036361694
0.6159104704856873
0.8587870001792908
0.675186276435852
0.29596251249313354
0.8504676222801208
0.5629868507385254
0.2206103801727295
0.10946540534496307
0.13496185839176178
0.8490387201309204
0.33527061343193054
0.8327242732048035
0.12041562050580978
0.45217251777648926
0.3554025888442993
0.7053406238555908
0.30575141310691833
0.7636263966560364
0.7507734894752502
0.3353094756603241
0.35123100876808167
0.7733557820320129
0.8695010542869568
0.1819969266653061
0.10880840569734573
0.4356142282485962
0.5021297335624695
0.7751511335372925
0.8386334180831909
0.8020684123039246
0.8178260922431946
0.1354357898235321
0.8920794129371643
0.21022845804691315
0.6295839548110962
0.7611181735992432
0.8664056658744812
0.4494134783744812
0.6912121772766113
0.4824594259262085
0.7320789694786072
0.49141988158226013
0.26569950580596924
0.8074464797973633
0.44357213377952576
0.8533084988594055
0.5976694226264954
0.8545526266098022
0.5238572955131531
0.8068844676017761
0.4492592215538025
0.22647467255592346
0.421390175819397
0.7286683320999146
0.4915004372596741
0.3595869839191437
0.5585949420928955
0.8424921631813049
0.43599146604537964
0.28295472264289856
0.8743014931678772
0.437751829624176
0.38544583320617676
0.17936615645885468
0.759928286075592
0.7173234820365906
0.36373472213745117
0.5158357620239258
0.5302534103393555
0.6372633576393127
0.4188343286514282
0.8041457533836365
0.7728922367095947
0.7245486378669739
0.23983651399612427
0.6971761584281921
0.24930799007415771
0.47863924503326416
0.6160876154899597
0.27011898159980774
0.3823195695877075
0.3476942479610443
0.5385702252388
0.4779995381832123
0.6311575174331665
0.22302155196666718
0.21296940743923187
0.6437191367149353
0.5006289482116699
0.6496216654777527
0.8171573281288147
0.34868282079696655
0.24127966165542603
0.8806606531143188
0.29409855604171753
0.6688120365142822
0.15266621112823486
0.21869617700576782
0.8271341323852539
0.7409496903419495
0.7866272926330566
0.2895708680152893
0.7210979461669922
0.561218798160553
0.7842224836349487
0.6607165336608887
0.5271899104118347
0.15261392295360565
0.2724953591823578
0.4182150065898895
0.3837106227874756
0.8252673149108887
0.2694719433784485
0.41837236285209656
0.17806221544742584
0.19671417772769928
0.5747878551483154
0.8135848641395569
0.19787490367889404
0.5199844837188721
0.8688440918922424
0.7091180682182312
0.2821369469165802
0.5811703205108643
0.571294367313385
0.23371616005897522
0.17459341883659363
0.428818017244339
0.8272585272789001
0.4232240617275238
0.6461856365203857
0.4299675524234772
0.824611485004425
0.3030022978782654
0.8945415019989014
0.7682170867919922
0.8496582508087158
0.4258250594139099
0.7451004981994629
0.7156314849853516
0.24511754512786865
0.4584924578666687
0.7132253646850586
0.2807757556438446
0.5237784385681152
0.7883216142654419
0.4407881498336792
0.6606429815292358
0.7738908529281616
0.6945747137069702
0.8343545794487
0.8133118748664856
0.4843650758266449
0.3097630739212036
0.4066809415817261
0.3328787088394165
0.13933269679546356
0.6375130414962769
0.2519911825656891
0.7730909585952759
0.801128625869751
0.8333877921104431
0.8416245579719543
0.19003832340240479
0.43988823890686035
0.6036800146102905
0.29374608397483826
0.26149487495422363
0.16964992880821228
0.3397454619407654
0.13350117206573486
0.7507758736610413
0.7479379773139954
0.7544336915016174
0.6552739143371582
0.6091605424880981
0.5702674984931946
0.6733635663986206
0.27347978949546814
0.8412250280380249
0.4876439571380615
0.7076651453971863
0.25221356749534607
0.4679884612560272
0.7362197637557983
0.7267141342163086
0.6306667327880859
0.6748684644699097
0.748651385307312
0.8165099024772644
0.8567715883255005
0.32734188437461853
0.6951160430908203
0.2120915949344635
0.45957231521606445
0.26392698287963867
0.2823997437953949
0.216789111495018
0.8359146118164062
0.16901710629463196
0.7271816730499268
0.3235805928707123
0.17122815549373627
0.7292342185974121
0.37670770287513733
0.68499755859375
0.16805392503738403
0.6455257534980774
0.48927226662635803
0.5935975909233093
0.8356510400772095
0.2555144429206848
0.721345067024231
0.7748626470565796
0.4332222044467926
0.44722411036491394
0.681833028793335
0.5632799863815308
0.34118321537971497
0.8656872510910034
0.34512317180633545
0.7025513052940369
0.7866030931472778
0.5806370377540588
0.7346778512001038
0.27674415707588196
0.2923123240470886
0.47824594378471375
0.41439706087112427
0.8248999714851379
0.6647842526435852
0.4157215654850006
0.3597271144390106
0.38852187991142273
0.8196235299110413
0.20608045160770416
0.18824438750743866
0.6726656556129456
0.7391172647476196
0.7990447282791138
0.4368623197078705
0.4919353425502777
0.12433210015296936
0.17238594591617584
0.8351401090621948
0.5143448114395142
0.21995297074317932
0.3966783583164215
0.7545416355133057
0.28450295329093933
0.8168648481369019
0.8080723881721497
0.13473822176456451
