313420_313435
0.05755188089510416
0.005454957515988819
0.5187819522823078
0.990222581440987
0.10719553258396804
0.9921941695037966
0.03580159399291979
0.007377357545193503
0.5992599532764694
0.99796593264713
0.6565616667111988
0.9670467984751995
0.02537414250997168
0.9745456750563153
0.9471115530832699
0.010769933367035746
0.20053660674506785
0.9966721893979601
0.21844032872904565
0.008775138775653724
0.10838728009849544
0.022383616904686775
0.01253397062511028
0.8138668545732316
0.9885459621561814
0.9974023671140512
0.6952868501314007
0.1457657041838788
0.47731150099628084
0.007975233658376154
0.03107259272020517
0.9729985623069154
0.9914853710868459
0.21180766141570156
0.9611732862970095
0.0441350931304435
0.7103422658256255
0.9890525856522953
0.8834564621384209
0.9780709537628844
0.9011106928097067
0.9870316765926194
0.7155810211490139
0.9622683255696768
0.3731267668689494
0.9956120043727367
0.07003563380529333
0.9884210745727473
0.010396551422383132
0.3387892005829493
0.9971961339617248
0.6418699042094497
0.0848414273361522
0.8317613760075449
0.970206874141517
0.013718709833804596
0.9149250438377661
0.173707471482888
0.8342762610601218
0.009031755774606014
0.9928043553570896
0.004218347816023505
0.6202966429032561
0.5183286342433125
0.9842197257226468
0.7534569688772651
0.28076693150952514
0.7947680812774475
0.3677768525338487
0.8948074513344323
0.9454324194290524
0.10607613564139164
0.9960308534707131
0.9550359495093759
0.6325588801266274
0.019286825713834683
0.7548369330148137
0.8560738339877522
0.9954043713739532
0.04619142912324785
0.2830224841619645
0.8331273348996379
0.4532272838865866
0.9923983921999684
0.49754838328451756
0.9039189821255167
0.7811208929895053
0.8914879387168113
0.8904652909079493
0.99276771343756
0.5106038485752111
0.016030406656380936
0.16406046700246146
0.0662683111219324
0.8763667987027418
0.12981751755576573
0.2680658654609173
0.14868512212572021
0.8146146860888916
0.6659825548610467
0.0053117800959909065
0.7598088654063688
0.1963532924666693
0.8689671135826609
0.010032358735470226
0.9785527332903748
0.9510115679801883
0.6962325195181647
0.9847750196595596
0.981852974292513
0.9917411747988025
0.706515789194252
0.4844397607174677
0.018811639867551543
0.023283670169190907
0.08180913312028346
0.979751667911786
0.07426668068886597
0.7206860768609895
0.013304149115914722
0.052214422301413606
0.9597121419473185
0.9649185729974948
0.2372218501844522
0.7748399410916406
0.9858448292311004
0.0293844494642463
0.005948405261142685
0.9954064046757972
0.7056657611677335
0.9627241041724294
0.5745932052946735
0.07748335650668754
0.9953345272154622
0.009911947029103236
0.9824560285558451
0.7098605101431208
0.9092809448989865
0.7712589029241149
0.006161334553574073
0.037237669027580585
0.9131611898065084
0.9880468192941467
0.190438911102677
0.05126277251224909
0.9764425107455931
0.1443028594183162
0.03662320789733897
0.011405528953262975
0.11789640117365426
0.9228192713007071
0.041378748952769835
0.9891508218631201
0.011111411744063241
0.02734645215324264
0.29423032059482573
0.9880226588109031
0.958079362204731
0.677061839770232
0.7078675729255507
0.9601086280829105
0.993782558856669
0.06986100244465221
0.05451008436128265
0.01396737538100947
0.051383588179390774
0.23512588039302995
0.993582805648538
0.024839801828228588
0.3342837731538665
0.9795353020921829
0.7608268116351787
0.5026678569039392
0.14501848031436307
0.6883830198843736
0.9354030655603989
0.9531976681688287
0.02107214310656204
0.5598584876823608
0.012844965631278061
0.7900943640362974
0.17241973441746902
0.9909747536632665
0.6193635620481968
0.01149073367592164
0.3874849771724087
0.049115716355328944
0.09400845208065617
0.009656399251370795
0.1712783129630603
0.8597163122625024
0.9954605425885475
0.014378208724078698
0.4693765176918465
0.09255666739906478
0.9972317492024642
0.02379249360767906
0.9495080198301916
0.11053431999331703
0.010451613806432824
0.04707653262925239
0.9534641346416178
0.9518979375194667
0.9051853339172583
0.14579370275392015
0.000655314326152781
0.7125960630140604
0.9970623870768662
0.9365674917542489
0.15328471976351113
0.024677007941746973
0.007649948565790812
0.04233925639751663
0.005793189403725686
0.0010242806405498972
0.04066790513727048
0.9885250699063829
0.9929602817297486
0.006022556163877623
0.01637814179600399
0.9079252219750251
0.8732412215834452
0.13944427394953063
0.023585671850972507
0.15309368592648512
0.4007524055035307
0.006427932542730075
0.024359521977426336
0.10591740702453938
0.9564954570395817
0.05536612369021892
0.036271925771899215
0.9842242724071509
0.8326209432099692
0.8613114050702536
0.883215297158141
0.19891199880633628
0.5853679503626652
0.5240820024751659
0.9960346193064016
0.2600911106444748
0.027452176980144585
0.9470891462739522
0.18235226028742482
0.009455261760598068
0.9933357880049437
0.9839404866038114
0.013877492432018265
0.04569777732376173
0.9713590521881955
0.46916413795150097
0.3290475021399642
0.027099639718590064
0.3032941262535617
0.013350778464952886
0.9863169865895941
0.07092472711840404
0.0023197618946734317
0.9603909866041068
0.9972411427699233
0.9367775749138593
0.9919034825509161
0.9972164078000616
0.04457509543426701
0.9612495517397815
0.962816146675351
0.10230297976063747
0.09441642592816302
0.9848487125425118
0.010390284673271423
0.9079341446105434
0.829709695075834
0.00793624387577243
0.22301271820457694
0.01330965033097765
0.06384944919688872
0.9871101942281102
0.24010178493079812
0.9509827185801881
0.9951113742398815
0.24327766556890193
0.08666661577195169
0.7521758047950122
0.9465454475064431
0.9843068455105394
0.08768708643848727
0.022786221093910146
0.8397453332618486
0.9723811657410079
0.027898139686103215
0.021660639431221363
0.027209720762629074
0.9806799603070908
0.9795616846908475
0.9710411512138315
0.9490811134375458
0.0722677531506604
0.3942984250738921
0.9870206756371568
0.32452173727620154
0.021345453922779555
0.0472393786350504
0.959205314469302
0.9225045618347127
0.6484286116467382
0.9938406840760939
0.2725329837481821
0.8641084584440581
0.9167834964612149
0.026019473551360906
0.4133773403144742
0.9573519965000216
0.0462730762679383
0.6242929715700755
0.9872878950242922
0.02024082394449112
0.07016953071916354
0.004160865272919557
0.9887661599432551
0.1020942900039797
0.0026025518353988
0.021671756988711342
0.5352037272934878
0.9761823404943731
0.022728450462233808
0.014372817709518457
0.014676418650190069
0.20734104694918956
0.9693689839754956
0.06209402186935209
0.9904999404575912
0.9763923550778072
0.9933488693321497
0.9716289137845728
0.014887799268350503
0.9557213675565068
0.0024628108146757875
0.0054457545747337195
0.2883747143842178
0.9874631957319745
0.0517100542955736
0.02188870045427407
0.9918782533199612
0.043801443159526214
0.48633263696575946
0.07490668313407886
0.01999096278072099
0.4377067002628926
0.986327779285461
0.917520684877366
0.019291051663199492
0.9900737391861557
0.13909732319377963
0.003116856160687497
0.00838246381592403
0.0050972470662340496
0.9976898970624788
0.7620614552989624
0.9719908414926964
0.00600952758162682
0.014224834390922455
0.038144163143561144
0.9431366715912709
0.5028579856088741
0.6574162219089011
0.666254183549235
0.10975407877204114
0.034957570460799836
0.9534404329202135
0.9889050332424539
0.06385859496082877
0.016208257608819682
0.3677869727966378
0.2624922253792987
0.9180070625315486
0.9717032811686934
0.9242581143226409
0.9969930059185804
0.018199281056743698
0.9922441561309978
0.013463356783620407
0.6161595003435234
0.9438340669804864
0.9919491960568179
0.9502784348790746
0.868823260459247
0.0064349746459183964
0.9780534488297687
0.015933865701045477
0.1921508016178889
0.894633137716057
0.03641125991852191
0.9866936388467346
0.5105202969564729
0.988418731504328
0.49031513355534473
0.9957199053799741
0.27579385871780043
0.060959420477503516
0.43607211653823447
0.9463358936209245
0.7226175560412537
0.03890938963204079
0.8822134973793939
0.9946452109598778
0.10355444328220792
0.014258305557305607
0.9875124758802345
0.9127367980529568
0.0732722642987386
0.01709690722874077
0.9901364022208353
0.9730323847195456
0.03686582063184165
0.16302142743332354
0.9364299906006256
0.9744576801580266
0.4292569551398131
0.9840956686814303
0.9729092626272104
0.8120867308812423
0.11123476337049089
0.9964627482993106
0.15522528093057059
0.7940953004646523
0.9593178037717581
0.006876973069421544
0.16727491996704355
0.37969847020234937
0.4049560856356031
0.10988154185787827
0.9495157358634777
0.11343025488470684
0.02580086973918005
0.9248904794192496
0.7059362749207952
0.7444467141852369
0.9890572883794588
0.04294592551641326
0.01455985328259939
0.9911442935739058
0.1271947088569436
0.9746748542592671
0.0021076613456356683
0.018684178410388726
0.990083449863202
0.9415672075634159
0.9864419872826046
0.7134033909425045
0.503241222319502
0.7626318503883416
0.9865277693862197
0.9761396663789574
0.9482010376217739
0.05719873243683504
0.024151441738778843
0.7054800300798972
0.21608915645402382
0.9951521875853105
0.3014705401515452
0.0905806189466829
0.00959094398605104
0.0034798676522048984
0.020085252124848775
0.9863263463746913
0.021916584318551764
0.4148031296897544
0.9915544672382551
0.956455833685713
0.030437008091597575
0.8198570769802044
0.8782982276739727
0.12621079707958577
0.016955585487388628
0.9342308454545758
0.9968120342438858
0.16630900113267566
0.6417503471325994
0.029343469819501058
0.9849112574290558
0.07031839685716142
0.9954373544297892
0.27367350441237037
0.9906952835227315
0.0842697526291016
0.8373760404992084
0.9145754877637665
0.10523420034591184
0.3652918813510667
0.9928241366703717
0.04169398410959393
0.5878760213366481
0.9889329929926904
0.6662799784788501
0.8999598268005881
0.9806765233638916
0.9432477875734758
0.9950756850917447
0.9729983337543571
0.13365383848509824
0.7405606867554022
0.1840534056811124
0.03132597308843927
0.013549800922934908
0.9690765330063662
0.1595893829024769
0.9174364949863308
0.9292850614023415
0.9921836242048735
0.9726300843336008
0.018617395747719135
0.06548525238687164
0.14557341152681785
0.293457182354957
0.122543896978634
0.008780067039713102
0.12675990465832326
0.014557096498736181
0.5320978551843374
0.9797248660058029
0.9680019563401736
0.9553353259663638
0.9125030395363736
0.646102371967576
0.9421612991489972
0.003980512536012053
0.9863725410271705
0.05901964887477663
0.8413538827431095
0.020164604303429024
0.5390087148966869
0.9851571802923644
0.9290467827437273
0.7605364388733789
0.4976202558411652
0.7150169180179106
0.9973253010566336
0.9971906127669704
0.008893861006984093
0.8705309109732314
0.03301479128490294
0.08607164785311233
0.1567957436820612
0.049229440482830504
0.008931734104953865
0.9881166472219911
0.03195871907409132
0.895041338678444
0.40915014346692286
0.012525399746318396
0.07285821699822823
0.07607426848333886
0.8353725028829451
0.022609382084120003
0.24957527157428744
0.0625272019370189
0.7903199272176236
0.9926181363707773
0.004748504365912628
0.9831001371790868
0.9324084250831579
0.012033712475893629
0.8559027773107061
0.7978809404614073
0.652451351174225
0.08133447380517664
0.9812064547906112
0.07681511547570127
0.37250045800169185
0.33510051923775086
0.8299863738007103
0.8812812969578125
0.07837326476862039
0.06335606286313915
0.35276826105218756
0.019496598802119854
0.8495127264890422
0.9528162472190608
0.8109923949413396
0.03325683595094497
0.05847091852028491
0.9721748402753725
0.039423263543331255
0.029152754085617863
0.8011773037017276
0.9874579958787402
0.9386238744314962
0.679861193386419
0.84393015283744
0.007043017887453863
0.04753515079068357
0.9890767504413767
0.04608858327482113
0.04681971902118171
0.5424594717046922
0.9742670886573014
0.6520796845628303
0.991657528432641
0.9750043005493252
0.007368252974622126
