313291_313476
4.584517776966094971e-01
1.645087599754333496e-01
3.666236698627471924e-01
8.795421719551086426e-01
2.865625321865081787e-01
8.245741724967956543e-01
1.550706624984741211e-01
2.107065320014953613e-01
4.616550207138061523e-01
8.316591978073120117e-01
8.495282530784606934e-01
8.448312878608703613e-01
3.418726623058319092e-01
7.778860330581665039e-01
5.415011644363403320e-01
1.150282546877861023e-01
2.380903959274291992e-01
8.756266832351684570e-01
4.708272814750671387e-01
1.879613101482391357e-01
3.232851624488830566e-01
1.390024572610855103e-01
1.379239559173583984e-01
6.337641477584838867e-01
6.978855729103088379e-01
8.059517741203308105e-01
3.599496483802795410e-01
2.624100446701049805e-01
4.962179064750671387e-01
1.721314787864685059e-01
1.000292897224426270e-01
3.925683498382568359e-01
8.497952222824096680e-01
3.648842573165893555e-01
8.000287413597106934e-01
6.193951964378356934e-01
3.194470405578613281e-01
8.529515266418457031e-01
7.131992578506469727e-01
8.676722049713134766e-01
5.269973874092102051e-01
8.318752646446228027e-01
5.930248498916625977e-01
3.902630209922790527e-01
3.441453278064727783e-01
7.675374150276184082e-01
1.754715740680694580e-01
7.386956214904785156e-01
1.956267356872558594e-01
3.959372043609619141e-01
8.209996223449707031e-01
6.401214599609375000e-01
6.988626122474670410e-01
7.521421909332275391e-01
7.828744649887084961e-01
2.951223552227020264e-01
7.262265682220458984e-01
1.392480432987213135e-01
3.833016455173492432e-01
2.475433349609375000e-01
7.612864971160888672e-01
1.494784355163574219e-01
2.561566829681396484e-01
2.309800386428833008e-01
8.768216967582702637e-01
2.044120877981185913e-01
2.440158873796463013e-01
6.180977225303649902e-01
3.264057338237762451e-01
7.653361558914184570e-01
8.281245827674865723e-01
9.370774775743484497e-02
8.028194904327392578e-01
8.452805876731872559e-01
7.370929718017578125e-01
1.477515697479248047e-01
6.838432550430297852e-01
2.714648842811584473e-01
9.004990458488464355e-01
1.634006500244140625e-01
3.212557733058929443e-01
7.740469574928283691e-01
2.634242773056030273e-01
8.886448740959167480e-01
8.398159146308898926e-01
3.597168922424316406e-01
5.613408088684082031e-01
8.150741457939147949e-01
5.204189419746398926e-01
8.064051866531372070e-01
4.080253243446350098e-01
1.665652990341186523e-01
4.979367852210998535e-01
4.314806163311004639e-01
5.494746565818786621e-01
1.173615306615829468e-01
5.621917843818664551e-01
1.391977667808532715e-01
7.217133641242980957e-01
5.919385552406311035e-01
9.008190035820007324e-02
5.563839077949523926e-01
8.616645336151123047e-01
8.530198335647583008e-01
2.977882921695709229e-01
6.800011396408081055e-01
7.497383356094360352e-01
6.893927454948425293e-01
8.599885106086730957e-01
8.304107189178466797e-01
5.415680408477783203e-01
6.045138835906982422e-01
7.200085520744323730e-01
2.086038887500762939e-01
2.163434028625488281e-01
1.572700589895248413e-01
8.376368284225463867e-01
2.883762419223785400e-01
7.773222327232360840e-01
1.249094903469085693e-01
1.571759581565856934e-01
7.442367672920227051e-01
8.137381672859191895e-01
3.554744124412536621e-01
5.487481951713562012e-01
7.748659849166870117e-01
1.928409636020660400e-01
1.111290752887725830e-01
8.188488483428955078e-01
4.033408164978027344e-01
8.509752154350280762e-01
6.060928106307983398e-01
1.408435702323913574e-01
6.811512112617492676e-01
1.107033342123031616e-01
8.194024562835693359e-01
6.008236408233642578e-01
7.695801258087158203e-01
6.097667217254638672e-01
1.283051371574401855e-01
4.026217460632324219e-01
5.051015019416809082e-01
8.375355005264282227e-01
1.732874661684036255e-01
5.322998762130737305e-01
8.294743299484252930e-01
6.683941483497619629e-01
2.780443727970123291e-01
1.314816325902938843e-01
3.808102607727050781e-01
5.723178982734680176e-01
1.205616816878318787e-01
8.837522268295288086e-01
1.684233546257019043e-01
1.732381582260131836e-01
5.240690708160400391e-01
8.191015124320983887e-01
8.542531728744506836e-01
1.272532045841217041e-01
6.426873803138732910e-01
7.653970718383789062e-01
8.349522352218627930e-01
5.357010960578918457e-01
2.774694263935089111e-01
2.854931354522705078e-01
2.559167742729187012e-01
5.686039328575134277e-01
8.577921986579895020e-01
4.743347167968750000e-01
5.040405988693237305e-01
8.622064590454101562e-01
6.766235828399658203e-01
7.180239558219909668e-01
4.701473414897918701e-01
4.468192458152770996e-01
8.177427649497985840e-01
6.654429435729980469e-01
5.480768084526062012e-01
6.684210300445556641e-01
1.794437766075134277e-01
7.335702180862426758e-01
4.264357089996337891e-01
5.642483830451965332e-01
3.898749053478240967e-01
1.913669407367706299e-01
2.762301564216613770e-01
3.673872351646423340e-01
2.428959906101226807e-01
9.899699687957763672e-02
1.475017964839935303e-01
7.520105242729187012e-01
8.702849745750427246e-01
2.233358025550842285e-01
2.750521600246429443e-01
1.799571812152862549e-01
9.010596275329589844e-01
1.953144073486328125e-01
6.756134629249572754e-01
1.949697732925415039e-01
1.712096631526947021e-01
1.878218650817871094e-01
8.405228853225708008e-01
8.063664436340332031e-01
7.761741280555725098e-01
1.299575418233871460e-01
1.429373025894165039e-01
7.066084146499633789e-01
8.886153101921081543e-01
8.363118171691894531e-01
1.803688406944274902e-01
1.746055483818054199e-01
4.829965829849243164e-01
2.098962664604187012e-01
1.136209592223167419e-01
1.862750947475433350e-01
2.018627524375915527e-01
8.069970607757568359e-01
8.773946166038513184e-01
1.358760744333267212e-01
2.283221632242202759e-01
5.237485170364379883e-01
8.682875037193298340e-01
7.499507665634155273e-01
1.786921173334121704e-01
6.827022433280944824e-01
3.431393504142761230e-01
2.826744914054870605e-01
1.297048032283782959e-01
1.891541332006454468e-01
7.603257298469543457e-01
3.601242601871490479e-01
1.740987002849578857e-01
7.230728268623352051e-01
6.870298981666564941e-01
7.511427998542785645e-01
7.991743087768554688e-01
1.961916685104370117e-01
5.029968619346618652e-01
3.149489164352416992e-01
7.814112305641174316e-01
3.317902684211730957e-01
2.438335120677947998e-01
8.195730447769165039e-01
1.664306223392486572e-01
1.363289058208465576e-01
7.526329755783081055e-01
8.643549084663391113e-01
1.806160211563110352e-01
2.743650674819946289e-01
8.335286378860473633e-01
6.890308856964111328e-01
6.333375573158264160e-01
2.039185464382171631e-01
3.260794281959533691e-01
1.116867661476135254e-01
8.936454653739929199e-01
3.501994609832763672e-01
1.602806001901626587e-01
7.445538043975830078e-01
5.819340944290161133e-01
7.268009185791015625e-01
8.394376635551452637e-01
8.859125375747680664e-01
2.058067619800567627e-01
8.461844921112060547e-01
9.150197505950927734e-01
4.908849596977233887e-01
3.145906031131744385e-01
7.873414754867553711e-01
1.476189494132995605e-01
4.882383942604064941e-01
4.406460523605346680e-01
1.465056240558624268e-01
1.238590031862258911e-01
1.650347411632537842e-01
2.422227710485458374e-01
5.990244150161743164e-01
2.452365458011627197e-01
6.836025118827819824e-01
7.932413816452026367e-01
3.823664486408233643e-01
1.186747699975967407e-01
2.732294797897338867e-01
7.319384217262268066e-01
8.441072106361389160e-01
3.777981400489807129e-01
1.480467319488525391e-01
5.901381373405456543e-01
7.475106120109558105e-01
1.054541021585464478e-01
1.043964102864265442e-01
2.950870394706726074e-01
7.274284958839416504e-01
8.480811119079589844e-01
5.789662003517150879e-01
8.698439598083496094e-01
2.595522701740264893e-01
5.143314599990844727e-01
6.799845695495605469e-01
4.711932837963104248e-01
1.542295813560485840e-01
1.771602183580398560e-01
7.587815523147583008e-01
5.211122035980224609e-01
7.992134690284729004e-01
8.855587840080261230e-01
3.331362605094909668e-01
4.379048943519592285e-01
7.391204833984375000e-01
1.464717239141464233e-01
7.653950452804565430e-01
7.677764296531677246e-01
4.713141322135925293e-01
6.781280636787414551e-01
9.098936319351196289e-01
1.214573383331298828e-01
4.258692860603332520e-01
1.137858778238296509e-01
7.543805241584777832e-01
5.293121933937072754e-01
1.189225614070892334e-01
1.779279410839080811e-01
5.423310399055480957e-01
8.239544034004211426e-01
2.370064556598663330e-01
1.376125663518905640e-01
1.486410647630691528e-01
1.696051210165023804e-01
6.852734684944152832e-01
2.207566797733306885e-01
9.082931280136108398e-01
7.826260328292846680e-01
8.733423352241516113e-01
8.313270807266235352e-01
1.396150738000869751e-01
8.752238750457763672e-01
1.256176978349685669e-01
1.350006461143493652e-01
5.114206671714782715e-01
5.829697847366333008e-01
1.496564447879791260e-01
1.402897238731384277e-01
8.890491127967834473e-01
3.194291889667510986e-01
4.560567736625671387e-01
1.121875718235969543e-01
2.770864069461822510e-01
3.520233035087585449e-01
8.699693679809570312e-01
5.953075885772705078e-01
2.271061092615127563e-01
8.094758987426757812e-01
2.929041087627410889e-01
1.104958578944206238e-01
2.125554382801055908e-01
1.373137831687927246e-01
8.803271055221557617e-01
2.137294411659240723e-01
8.447730541229248047e-01
9.406967461109161377e-02
3.401402831077575684e-01
2.150075882673263550e-01
4.827327430248260498e-01
4.361949563026428223e-01
8.491607904434204102e-01
6.941860914230346680e-01
3.959548473358154297e-01
2.888520061969757080e-01
8.637663722038269043e-01
8.987588286399841309e-01
1.917768716812133789e-01
1.873923689126968384e-01
7.933947443962097168e-01
4.483620226383209229e-01
6.148416399955749512e-01
8.723598718643188477e-01
8.470032215118408203e-01
7.627628445625305176e-01
1.636351943016052246e-01
8.831432461738586426e-01
1.587388813495635986e-01
5.861265063285827637e-01
8.802136778831481934e-01
7.389816641807556152e-01
7.194191813468933105e-01
7.859696149826049805e-01
2.779595851898193359e-01
7.502808570861816406e-01
2.595993876457214355e-01
1.741616725921630859e-01
6.831859946250915527e-01
3.790675699710845947e-01
7.616801261901855469e-01
7.337397933006286621e-01
8.674913644790649414e-01
6.135336160659790039e-01
8.831856250762939453e-01
4.004893600940704346e-01
1.733314394950866699e-01
2.545672059059143066e-01
8.413269519805908203e-01
5.464511513710021973e-01
5.944817066192626953e-01
5.908206105232238770e-01
8.835060000419616699e-01
1.224818602204322815e-01
1.108218431472778320e-01
8.212972879409790039e-01
5.677747726440429688e-01
5.767201185226440430e-01
1.376595199108123779e-01
8.301868438720703125e-01
8.145244717597961426e-01
1.891849040985107422e-01
3.985861539840698242e-01
6.034263372421264648e-01
8.311280608177185059e-01
5.881446599960327148e-01
6.197438240051269531e-01
5.470576882362365723e-01
4.230539500713348389e-01
1.348345875740051270e-01
6.348006725311279297e-01
2.721480429172515869e-01
3.734657168388366699e-01
7.083356976509094238e-01
2.497170567512512207e-01
1.993810832500457764e-01
3.275546431541442871e-01
7.803681492805480957e-01
3.579392433166503906e-01
7.918875813484191895e-01
1.104069352149963379e-01
1.857298612594604492e-01
5.918308496475219727e-01
6.874128580093383789e-01
5.976459980010986328e-01
8.279052376747131348e-01
2.568019628524780273e-01
2.718364000320434570e-01
8.726599216461181641e-01
2.082694917917251587e-01
7.660719156265258789e-01
1.358473300933837891e-01
2.199296057224273682e-01
8.223389387130737305e-01
6.653465032577514648e-01
8.451489210128784180e-01
2.517186999320983887e-01
3.918396830558776855e-01
7.795160412788391113e-01
8.570973873138427734e-01
7.808115482330322266e-01
5.123654603958129883e-01
2.650852799415588379e-01
1.677268445491790771e-01
6.103808283805847168e-01
3.798966407775878906e-01
7.619602680206298828e-01
2.958143949508666992e-01
2.762879729270935059e-01
2.081254720687866211e-01
3.788244724273681641e-01
5.211545228958129883e-01
8.306155204772949219e-01
1.818641722202301025e-01
4.141163527965545654e-01
8.677881956100463867e-01
8.588545322418212891e-01
2.024377882480621338e-01
5.950176715850830078e-01
5.079740285873413086e-01
2.253288030624389648e-01
2.191281020641326904e-01
6.724858880043029785e-01
8.434386849403381348e-01
5.623546242713928223e-01
8.247168064117431641e-01
2.169907093048095703e-01
7.336204051971435547e-01
1.419337689876556396e-01
8.888635635375976562e-01
6.765209436416625977e-01
7.229060530662536621e-01
5.358803272247314453e-01
8.574333786964416504e-01
6.809079051017761230e-01
2.526831328868865967e-01
2.538441121578216553e-01
8.092873096466064453e-01
3.569782972335815430e-01
7.741128802299499512e-01
8.645001649856567383e-01
7.759176492691040039e-01
4.745025038719177246e-01
8.495780825614929199e-01
9.089149832725524902e-01
7.597746253013610840e-01
8.305040597915649414e-01
6.448063850402832031e-01
4.826828241348266602e-01
6.751658916473388672e-01
2.245718240737915039e-01
1.703131049871444702e-01
4.455058574676513672e-01
1.308625787496566772e-01
8.772715926170349121e-01
8.635823726654052734e-01
8.785024881362915039e-01
8.381780385971069336e-01
1.072000563144683838e-01
3.131570518016815186e-01
2.227875143289566040e-01
3.775379657745361328e-01
1.474061608314514160e-01
3.602775931358337402e-01
5.224674940109252930e-01
1.360505372285842896e-01
4.947899580001831055e-01
7.312091588973999023e-01
6.506406664848327637e-01
7.038960456848144531e-01
4.873170554637908936e-01
6.108681559562683105e-01
7.023579478263854980e-01
2.072852551937103271e-01
7.424913048744201660e-01
4.715463221073150635e-01
7.397540807723999023e-01
2.121401280164718628e-01
6.679702401161193848e-01
7.711035609245300293e-01
8.183720707893371582e-01
7.929979562759399414e-01
5.149796009063720703e-01
6.125403642654418945e-01
5.876156091690063477e-01
8.123062252998352051e-01
4.750056862831115723e-01
5.671014785766601562e-01
2.353993803262710571e-01
3.049987554550170898e-01
3.223710060119628906e-01
2.906829118728637695e-01
2.192788124084472656e-01
8.797187805175781250e-01
2.369536310434341431e-01
6.834980249404907227e-01
6.891593337059020996e-01
1.152536720037460327e-01
4.447963833808898926e-01
1.973950862884521484e-01
5.167568922042846680e-01
1.803579926490783691e-01
6.244574189186096191e-01
3.893616795539855957e-01
7.906586527824401855e-01
7.368609309196472168e-01
1.061876863241195679e-01
7.992222905158996582e-01
8.215284347534179688e-01
3.726708292961120605e-01
3.681214451789855957e-01
7.596073746681213379e-01
3.789861202239990234e-01
4.238677620887756348e-01
8.242954015731811523e-01
3.854383230209350586e-01
5.188436508178710938e-01
8.398592472076416016e-01
5.366604328155517578e-01
6.482954025268554688e-01
1.558698862791061401e-01
2.758787870407104492e-01
2.541638314723968506e-01
2.535617947578430176e-01
8.804875612258911133e-01
6.999996304512023926e-01
6.438770890235900879e-01
3.471020460128784180e-01
4.291895627975463867e-01
8.487774729728698730e-01
2.666461467742919922e-01
1.643602848052978516e-01
7.085398435592651367e-01
6.396932601928710938e-01
8.802124857902526855e-01
5.339058637619018555e-01
7.192736864089965820e-01
1.319711208343505859e-01
1.319966614246368408e-01
8.868921399116516113e-01
5.769072175025939941e-01
1.227034404873847961e-01
3.656033277511596680e-01
8.348854780197143555e-01
6.769236326217651367e-01
8.235488533973693848e-01
8.252896666526794434e-01
1.118893921375274658e-01
