313291_313476
2.469772893207548836e-01
1.960852281935399066e-01
4.805657851984658779e-01
7.564594781994969930e-01
3.836163447825398087e-01
8.399304420033678609e-01
3.161275433702863680e-01
2.773897949504195992e-01
4.761044869445931194e-01
8.323590385968481220e-01
7.734956261592959015e-01
7.689245969156033311e-01
3.128586583787377751e-01
6.750869637394321110e-01
7.720978299493288510e-01
2.068480798286673750e-01
3.085013107843883606e-01
8.537977028738303886e-01
3.783490490948073770e-01
2.640677035745935819e-01
2.473631492450936165e-01
1.849070315932332120e-01
1.626028247069432886e-01
6.964041962262231822e-01
7.403235404157841870e-01
7.841226063147012093e-01
5.862407135681175774e-01
3.404187487433519288e-01
4.008743242028637854e-01
1.528146418732051204e-01
2.107307850272136795e-01
7.259728128349546283e-01
7.883668637062924978e-01
3.882625471701982023e-01
7.371919767694768977e-01
2.207960317460317123e-01
6.325283042180636084e-01
8.542109233640108323e-01
4.748950111520284234e-01
7.937129888769707264e-01
6.127682373656383463e-01
8.348204877758522713e-01
5.761803679986186033e-01
7.035778444155263989e-01
4.363587210472579803e-01
7.760740403016767042e-01
2.699283893388426669e-01
7.508225438431402887e-01
2.231194126991790927e-01
4.218310807216592018e-01
8.529833997278452040e-01
5.317488089414531549e-01
2.798487942853861710e-01
6.189347240176598097e-01
7.883987175384520318e-01
2.503961926961926765e-01
7.634748262550069553e-01
5.607126956557341169e-01
6.627300075777194932e-01
1.928704429125150110e-01
7.918571812146080191e-01
2.144355730326318599e-01
6.530798784731701723e-01
5.973427949973751927e-01
7.022189850385113230e-01
4.304976792981257128e-01
2.714201283530991993e-01
6.992922241479345713e-01
3.596645039203065219e-01
6.963363282579085878e-01
8.193943044349388805e-01
2.469216884065406903e-01
8.229493460942259864e-01
7.228080151953973909e-01
6.584370569289459407e-01
2.240912183576111161e-01
7.748550515511022363e-01
4.976324257034940302e-01
7.353171169180633404e-01
2.370035641610965804e-01
2.851168055466895002e-01
6.707535276450439232e-01
4.066582933653706822e-01
8.110475250624377130e-01
6.350383767827750825e-01
7.186633118542689047e-01
7.045420788252290123e-01
7.511072250836751119e-01
7.261579880724468028e-01
7.648539531667447600e-01
5.013012849996355547e-01
2.431371268308368805e-01
4.497445627779312893e-01
2.401354081110568250e-01
7.935039904660422527e-01
2.557477893264887281e-01
4.178309408735665365e-01
3.369635113022113604e-01
6.668832133268405293e-01
4.033615255832851410e-01
1.546201820810026162e-01
5.776912039171215874e-01
4.023883760709403568e-01
7.377744560975992849e-01
2.231945775775371343e-01
7.707662407394311188e-01
6.704394337796802938e-01
5.666175373326590714e-01
8.133030518928739960e-01
7.916146194900776090e-01
7.514141209251934406e-01
6.047521249622530570e-01
4.257373863050611384e-01
1.487628566513773398e-01
1.929958979436511013e-01
3.093588219346246615e-01
7.821090223101215821e-01
2.492858853098461613e-01
6.498600903617345326e-01
1.593513790289013965e-01
1.721025176703774306e-01
6.504940798738552132e-01
8.086143743044269527e-01
4.078898467264169825e-01
5.777358437279592751e-01
8.030670935440419322e-01
2.457382203351630157e-01
1.987672237304618506e-01
8.286556552006342224e-01
3.936495780008451573e-01
7.980372421260576443e-01
4.112338208291965724e-01
4.034031592951141665e-01
7.524441247245544639e-01
1.501754361129548632e-01
7.876834320503128817e-01
5.934533262333062664e-01
7.322421031383958834e-01
5.670382931251137792e-01
1.799522839683757036e-01
3.146541003619368060e-01
7.321724234845996548e-01
7.883621103775514394e-01
4.514303775495765447e-01
2.468627494444941561e-01
7.782847382076997222e-01
5.653872979301115542e-01
2.101158509587790213e-01
2.082906524127561554e-01
2.823195791137703137e-01
7.909758803980716513e-01
2.093755467410997884e-01
8.112838933312763734e-01
1.911830093110927498e-01
2.343909892915158333e-01
3.987791662214362209e-01
7.919576559307300867e-01
6.966826549623222897e-01
4.995041097206977532e-01
3.675074029850722290e-01
7.049835518346355689e-01
8.476848472497787723e-01
2.487934472875260872e-01
2.593239915167533938e-01
2.212382063535471843e-01
2.753445635052979568e-01
3.492106711358247129e-01
8.586070273139227993e-01
1.874103459505535030e-01
6.017594814549878102e-01
8.046565839118408059e-01
6.912812327251076638e-01
4.103927089774397352e-01
4.390424342042024697e-01
4.748144146912666730e-01
6.337135837026465213e-01
7.370796074070197212e-01
2.068944728875069528e-01
6.633667260674482868e-01
1.863141657534248541e-01
6.264196034499524002e-01
3.441810862947816685e-01
7.285486460008319121e-01
5.341474715050125166e-01
2.164110870610870541e-01
5.835745068704492056e-01
3.501661461368845152e-01
2.118724054358664677e-01
2.770403660089035824e-01
2.763347943330560219e-01
5.895698598482280728e-01
7.809202236674575026e-01
1.889954932277867483e-01
3.467486095728106732e-01
3.000827129128140758e-01
8.531225266470503499e-01
2.584341855217988093e-01
7.302657541009418551e-01
3.407559583108114576e-01
1.986877622544465372e-01
3.418987289640179061e-01
8.167759012789576056e-01
8.098137284179155460e-01
6.624969835069948187e-01
2.709026882379423351e-01
1.460865226216533086e-01
7.973829502401299507e-01
8.315420620584351719e-01
7.407173602304029103e-01
4.766542052895672010e-01
2.302600179712122053e-01
2.118480334687090905e-01
1.973919323096055278e-01
1.726004909411152088e-01
1.584385634330750803e-01
2.635966806242258098e-01
8.328003913376601508e-01
8.407089637529353565e-01
1.705601941134058663e-01
1.928821356067302872e-01
6.651973549999889990e-01
8.111388820029882263e-01
3.617942312508319880e-01
1.854724097283182438e-01
5.032714977639192178e-01
4.397349698657667116e-01
2.139349395864675041e-01
2.311957984413567646e-01
4.242599599504465746e-01
6.252574588933529354e-01
3.015060799330495089e-01
2.839105120017098582e-01
7.433672981298503624e-01
6.993069841471385439e-01
7.350015173421672321e-01
7.004405259127585159e-01
2.517195703035349230e-01
5.253116297025467452e-01
4.051065774849351708e-01
7.877008854558713580e-01
4.460778224749122889e-01
2.245532561844908737e-01
8.242754371902197841e-01
5.248976975421424385e-01
1.821363575672246826e-01
8.605028623897688078e-01
7.685844157267399668e-01
1.970881723526175799e-01
2.163395017295737244e-01
7.539962107497650834e-01
6.330769454355823500e-01
5.439552376947150991e-01
2.855207615548652211e-01
4.038959497951037925e-01
2.085876486593745138e-01
7.506993413071976207e-01
3.047291316577891984e-01
2.069376532076814268e-01
7.318834459237907319e-01
7.884513527985452797e-01
6.806063859617701439e-01
8.461126434155605835e-01
8.518167987505916861e-01
2.628573752245624284e-01
7.903397843284464264e-01
7.951264064892700212e-01
2.258258778258778188e-01
1.851085028344332528e-01
7.886188072665142323e-01
2.313651642697187316e-01
6.563054084689783352e-01
7.047520008806561487e-01
2.231061580518165222e-01
3.274132763029369286e-01
2.786678074326998655e-01
2.708265689175023971e-01
7.405627409485376900e-01
4.164241967784838572e-01
5.995470099212615311e-01
8.466308363007039040e-01
6.922723649982286398e-01
2.259575048282779497e-01
5.856973807037811897e-01
7.664613150813007758e-01
8.269301664406311092e-01
2.959806457568835980e-01
1.776134529680108987e-01
7.205232205907284859e-01
7.417453010068827401e-01
1.717619821938941305e-01
1.900167304092116038e-01
2.119732323232323135e-01
7.186142415666325611e-01
8.640663213997621384e-01
7.703053070605846431e-01
8.203830474604623113e-01
2.827521658670887894e-01
5.746083766845988539e-01
7.534728697162275113e-01
6.035637484864606606e-01
2.193239668979830304e-01
2.373239750595576014e-01
7.475265842657595750e-01
7.746019800201504601e-01
5.505317606545978570e-01
8.427640056071799002e-01
4.769740566737661891e-01
7.204642596918594544e-01
7.890633838966164548e-01
2.104051002186512476e-01
5.137315998243195958e-01
7.239938098900916552e-01
3.425266967209355529e-01
4.363800671558044075e-01
8.399446278903136553e-01
2.794778980455863149e-01
2.352341445216855897e-01
1.580230105243447813e-01
8.509301910765918464e-01
4.769601004285546342e-01
2.213664966884557328e-01
2.517492486360779491e-01
4.626289535279352605e-01
8.112758330535060347e-01
2.385845617266609542e-01
1.914130982212272902e-01
1.956821605448536283e-01
3.700861460621078236e-01
6.886323724373081268e-01
4.235513830566048354e-01
7.992767140492391675e-01
7.878975202505298370e-01
8.601574698357383753e-01
7.725234283468046526e-01
1.760147208989588652e-01
7.224073394010258609e-01
2.974033296295404694e-01
1.888760471375445782e-01
5.469298362224991328e-01
7.050863162548518526e-01
2.429743913704267289e-01
1.824491089395938459e-01
8.314195716654730894e-01
2.776451321655674098e-01
5.599768634363635478e-01
2.371784508838256089e-01
1.878345555236737574e-01
3.515946700700047223e-01
7.051135771955351350e-01
5.106982060840464799e-01
2.460219924361647104e-01
8.367706707952066170e-01
2.715798344171374001e-01
2.442472145092979829e-01
1.568869857084972119e-01
1.630482780233385165e-01
8.150236780723658647e-01
5.658453124083694386e-01
7.081983985485548194e-01
1.697767417516321264e-01
2.186985745413091431e-01
1.749230463988063200e-01
6.800193897703766810e-01
5.214430330291375260e-01
6.874829757609802749e-01
4.816727333084866447e-01
2.756095856295770474e-01
2.880697904604533899e-01
8.012280362075637763e-01
8.202981216265673448e-01
2.079874523289327870e-01
1.828399232581588707e-01
4.978226716448703737e-01
3.750391622889380216e-01
6.086535732999732717e-01
7.947858710697417450e-01
8.080974603506962950e-01
7.504349923912719822e-01
1.981164993725542944e-01
8.278358892705437455e-01
2.218246353124180281e-01
5.207308230359833923e-01
8.116102526817914331e-01
6.885042578587011741e-01
7.451633167803866087e-01
7.221322923574341468e-01
2.279250596423682274e-01
8.009544364492587887e-01
2.258672003145832941e-01
2.988438884544176166e-01
6.784587117159904812e-01
3.879066140085118963e-01
7.461941635065255651e-01
6.380336332508562691e-01
8.064111551416375256e-01
5.798940053851300291e-01
8.434403678102219137e-01
4.867542723288619810e-01
3.078560053387326412e-01
3.938889788157749483e-01
7.277692926996172096e-01
6.654929733518210044e-01
2.910871803149237547e-01
5.879013375611936709e-01
7.983705204181571480e-01
2.842495144948395391e-01
2.933478437388477578e-01
8.371962284145997302e-01
7.593994071957754777e-01
2.718007108685060458e-01
2.361421637223861669e-01
7.940114853720469101e-01
8.128629066121498825e-01
3.306885404154905062e-01
3.778932509966003717e-01
6.039620361665966053e-01
5.661461523067251589e-01
3.469562833431882320e-01
7.582273630690736788e-01
7.273063191147010054e-01
6.382759342427465343e-01
2.403624421231073394e-01
7.193936303035369795e-01
4.029415910914672661e-01
6.475148917242440350e-01
7.605473788219750952e-01
2.706243051185944215e-01
2.615565659835281664e-01
5.994444185925934532e-01
4.627926163764899958e-01
3.748033033531546487e-01
6.636369808510448332e-01
2.305805142749468573e-01
2.017711727820299394e-01
7.404312026204848962e-01
6.073051758250993526e-01
6.095612718891771920e-01
7.257424951162718685e-01
2.802984302353823121e-01
2.686150591087673178e-01
7.942218815990643721e-01
3.059218752819299891e-01
8.016247062046736316e-01
1.836963340825371604e-01
2.245357901912095333e-01
7.302486454464102161e-01
7.219706884951165859e-01
8.701348561860791087e-01
4.030782066560198440e-01
3.383310398652191187e-01
5.647721061874597659e-01
8.248366256950768749e-01
7.824592641915047997e-01
6.408990423780096535e-01
2.311059954474699862e-01
2.602888952967902791e-01
4.394293831152700225e-01
2.477493172167117841e-01
6.668906717197372602e-01
3.047541610452371708e-01
3.945074645365844734e-01
1.885729637850772911e-01
2.405449347544561522e-01
2.401020633740122978e-01
7.328134839072338869e-01
1.966304659207570582e-01
4.281656342018220207e-01
8.221288013133994932e-01
7.307748473264966682e-01
2.344860316065341121e-01
6.634845417944538193e-01
5.909200482374200591e-01
3.484069456293439337e-01
2.119663297083718423e-01
7.338759090740388791e-01
8.275283454279311890e-01
6.079133077622708159e-01
6.953947959176058902e-01
2.546815201232923154e-01
7.646542282072639196e-01
4.035112854457907905e-01
8.614682451891666481e-01
6.727354043713749121e-01
7.781189842367731702e-01
2.676293539191316184e-01
7.017480318919434579e-01
7.804138778721751990e-01
2.022834366426558006e-01
4.179159464464412554e-01
7.426395569496507809e-01
2.548735028690349291e-01
5.453032152992532966e-01
8.326168088647705190e-01
6.519938872027747356e-01
5.478558824894821377e-01
8.182668224429842097e-01
7.402475229583439509e-01
7.651283961797498145e-01
7.213898291303175725e-01
3.925883892178019807e-01
5.673108043205966622e-01
5.148385414403383598e-01
2.914382194180700214e-01
1.859201030780504305e-01
7.071645300034347104e-01
3.638922253659704897e-01
8.157379979241522472e-01
8.060015296166468390e-01
8.079455913103799070e-01
7.523467731282410531e-01
1.983347733363871324e-01
3.128322361151786302e-01
3.352192929284747436e-01
5.268340735251796358e-01
2.741889144538807166e-01
2.111175221311526740e-01
5.288546811001945125e-01
1.596510444697662179e-01
5.041191099463354641e-01
7.213483175340344999e-01
7.781832302793389999e-01
7.660416640881561046e-01
5.496188808117969948e-01
5.454396362018225641e-01
7.138127383890925381e-01
1.781618697824118025e-01
7.920423589690274158e-01
2.053616144945468180e-01
6.608843890907266649e-01
2.171185382564189137e-01
3.063931176830442804e-01
7.996111799986498347e-01
6.847236682842942068e-01
6.044999959079514484e-01
5.462994453647622706e-01
5.682508544778134274e-01
7.682223385960562645e-01
8.516623837873313896e-01
1.870935846217585130e-01
5.584924472610427459e-01
2.561836592741915664e-01
2.959563000931085819e-01
3.213658438295185493e-01
2.140120549594367871e-01
1.970893313368601296e-01
7.961027470888762947e-01
2.022474714942713581e-01
6.354776761868965451e-01
5.927754635360821256e-01
2.034792615591949072e-01
5.131454862527687899e-01
2.194170850203590317e-01
7.890971502544942284e-01
2.412188280318715294e-01
5.630934467779740160e-01
2.737008462478009441e-01
6.636110479459483846e-01
7.592283487494141392e-01
3.846678323931396193e-01
7.694435287672560797e-01
7.998815959327266745e-01
2.442505460305668674e-01
6.759179421173621138e-01
6.928441736593451417e-01
5.018964068810887191e-01
3.298213469172898149e-01
7.716056840090672608e-01
2.993973056495944918e-01
3.129018942026333128e-01
7.276496193883291719e-01
7.139155605760767465e-01
7.848802036700307516e-01
2.560363098565268669e-01
2.610740872095548837e-01
4.221919445558915407e-01
2.735820355825399619e-01
7.337272190578582043e-01
5.594502040573559043e-01
5.945867174778760589e-01
2.440892742177895036e-01
2.567852007692270067e-01
8.518861704368911880e-01
2.167864838864839161e-01
1.865450927448719931e-01
6.347993284098477629e-01
6.671948119366022389e-01
6.646965660851567037e-01
3.987709290587670985e-01
7.153308279043240070e-01
1.664195739880739711e-01
1.885650435882414433e-01
7.998665527738570979e-01
2.443246188332663105e-01
2.623394887228307493e-01
4.438990451168614015e-01
6.912398865896518529e-01
2.996090535476046979e-01
8.334190880061971285e-01
7.948739958924839755e-01
1.608772082178357155e-01
