313482_313498
0.3559814239874957
0.20910564887271899
0.37894747210407825
0.7636456179952732
0.4133280055202857
0.7782005670848824
0.4298033177196899
0.24792098174965194
0.4264951642051299
0.792573586584041
0.7137356976059803
0.7732407550053604
0.46835250804540324
0.5850330453930791
0.7325701081747005
0.31300810706807347
0.30673050265623264
0.7953878216764981
0.47310346599441505
0.2584360438126746
0.6345365526818824
0.31470838068423357
0.2250730043527217
0.6696241807204265
0.744404702672079
0.7595106062213252
0.3884651752369911
0.35370437307739616
0.45962432277545295
0.19915932303745743
0.3279560218233515
0.7172650921726463
0.7603818115916944
0.46192300665605696
0.64917152821563
0.38349898407390237
0.5166455003618725
0.8106259445947886
0.5947754223160285
0.6835359333890371
0.6323741784667957
0.7562396688019714
0.6626847651078118
0.669431693541268
0.40530435403693366
0.7907970292096828
0.21115542711514315
0.7307776703858394
0.325606116177908
0.3363329737203372
0.7430444223030793
0.49665331541101904
0.5988483094750512
0.6762474411677164
0.7207779278654575
0.2360259610640057
0.6949382766818855
0.24111916138847145
0.5899537717057385
0.2848678412348113
0.7245692604174375
0.32608152972396615
0.40685721175587375
0.5496505059910468
0.7378508659197509
0.47297336655901306
0.24583004620497675
0.6216262020163059
0.5323563799356005
0.7334704441598565
0.7000942974393272
0.2369405399628802
0.7909864552011411
0.7260264749754567
0.6670731187933983
0.32070034543824405
0.7228747611153257
0.31388500829163707
0.7345209901783241
0.29449036298968073
0.6037916259109154
0.7640944634617697
0.3503090410946501
0.7842693014935465
0.5316390276128469
0.4907315406858913
0.6438774361813577
0.6502135758296316
0.7076726223320154
0.721369979677793
0.5850045655146834
0.19481463112135386
0.375638510012153
0.44368324596492015
0.6405953022048102
0.357517170326449
0.37903099625747305
0.3230991609670275
0.7118065656148739
0.6637033575052343
0.22495425867291713
0.5812230934462606
0.6642798610660569
0.6349269761959232
0.3542735791390882
0.6349380238583343
0.7019493022500316
0.6356644951685871
0.7252713828489725
0.7906999073512312
0.6831447671828723
0.4382204744577666
0.6037111858855535
0.284176910173703
0.2045241468661053
0.33108446734972097
0.6711594345361661
0.2879588479774444
0.7166563747711949
0.1961891764883927
0.25747563125330536
0.6474507451214615
0.7806800484403829
0.5634599976409931
0.7114615219999314
0.649849625722261
0.3720465368233197
0.24572654988151238
0.7740844793834764
0.3757720263429826
0.779119452240163
0.3864052883889921
0.3140486224289331
0.6824282523718507
0.24210222890495792
0.7610390440329012
0.6665481351119055
0.6436017000320113
0.6528302416091674
0.2557334514374966
0.3180286236120658
0.5500100559570614
0.8038875766593601
0.258983828373445
0.36919272732667996
0.5929707290868234
0.4762183753971896
0.32495902916404723
0.23796721984060829
0.5453410344326173
0.7872273132143596
0.2188642714198552
0.7318328215693004
0.2281283691416417
0.27097561579840224
0.5926927359571438
0.7548883547588188
0.6696452712335945
0.44304126975286895
0.7270101063009593
0.7331523127358416
0.748177472212969
0.5975060771416367
0.23733055831105657
0.2767401595951127
0.43479313786062823
0.45080735298559255
0.8186168174980228
0.30651633203818246
0.3006719821658716
0.7409463576028874
0.4549609194053103
0.48306370867311654
0.37383285461616567
0.44738885378482646
0.7805625477445339
0.590339419350441
0.3495026435735687
0.6155216215453722
0.3428212595401036
0.6823102291214461
0.3737291674204786
0.7215253306842178
0.39680280682242985
0.2609494694686379
0.4949874234262801
0.5344924985483698
0.3170668313958582
0.3151560141696273
0.2200095389764208
0.6967126162694167
0.812083595774932
0.27991706128139326
0.29534126184761655
0.2511129811643354
0.7663710917291868
0.24929115968156335
0.7596521710583293
0.23735157579097552
0.34106154076151435
0.2556037811219292
0.7174189301902184
0.7637822780907707
0.6139871453256138
0.2173435057848854
0.19801002188353997
0.7318607504454184
0.7770698298664859
0.6528214762451396
0.301636442679074
0.19677039331727808
0.33957320654471546
0.3127687775402862
0.2318502241331405
0.2837102216908656
0.35834166724577865
0.7784576757512085
0.7729854692704267
0.21783465853050818
0.37337749642749946
0.7100792285409709
0.7292805349423994
0.5233164610416882
0.3052308976364258
0.4619023541082521
0.4322932376705462
0.23521123437489153
0.26747637514580636
0.346261691019202
0.6760272696434524
0.43638879992319857
0.2959445130422869
0.6793598823542911
0.4522707768969169
0.6168483269164904
0.7269099982689727
0.3119212432411527
0.619113349758946
0.46473542409479274
0.6895098884035278
0.5783116931184327
0.3480678091133226
0.7732796749974821
0.37262326730252276
0.24058354344514882
0.8042683566621123
0.6793248931329238
0.3850804065591199
0.3852250635373514
0.5839808701198337
0.5541989446171013
0.4265135886632733
0.3810926593461171
0.3404215877684483
0.23525672137985695
0.6875740147589879
0.508876213950496
0.27028377874161746
0.6449417832518056
0.725752399127555
0.7115721437754715
0.7647476274307976
0.7843948723172951
0.2874238970650094
0.7065219677522203
0.7182183953543079
0.33899635742146234
0.39313245366759153
0.7340693813595758
0.21378113303780305
0.6011376047878005
0.44823290493807877
0.22584983062723285
0.3126664628769584
0.19403723864286335
0.437530227988482
0.7215993513314426
0.2880615024589194
0.4994777929175037
0.765599791053786
0.4942244978003817
0.28389264845423967
0.19742338754357533
0.621979146254286
0.7566371502129478
0.3293334823092268
0.32043429865819195
0.6450352911552157
0.6372133721574699
0.23654400379237145
0.26780674358458556
0.29340788299617343
0.6673678926570458
0.7838882695349115
0.7287166215518204
0.7736285536597151
0.40651882983841464
0.6387970111827717
0.6798887559918562
0.5579069285040751
0.2451936573634944
0.28030783435826023
0.705313343089695
0.7152901795971278
0.5731169736134738
0.8098718715697243
0.4946440714136889
0.6088374619819403
0.6653660852671953
0.27388135061213614
0.6117098156178239
0.7415554849553632
0.44000587091722515
0.5351570663616816
0.8109703222191516
0.26676193326031905
0.3795591753157123
0.2363067352635206
0.7036083841737394
0.3815802310555532
0.2573749794017935
0.2316740407713254
0.4775299544056411
0.7842209714969326
0.370231237484223
0.31199732769268124
0.23691609097675453
0.4286636855372671
0.6142729417691988
0.30890127127287015
0.8008045088915529
0.7622860325485643
0.7570450970807728
0.6845895133748187
0.3326397967425914
0.7743439742435643
0.27051592096170884
0.23809100408531295
0.6253652652364168
0.653733129728847
0.2413861151271784
0.21988575953330486
0.7997286002502065
0.34029957599954835
0.488699079119217
0.2765610916427592
0.3498315105886508
0.5353173779488146
0.6963097856707564
0.5369342806696552
0.44429633928480805
0.7213868948752581
0.4198848578821227
0.23879423229261437
0.1856415358384683
0.25110515249396187
0.7896402746434165
0.4164094193503192
0.7120731123915182
0.1945157566014551
0.3366308426696476
0.30626651041905006
0.6988092730986365
0.35229716966332464
0.6984041308693153
0.6440136638354663
0.38636780006849003
0.4336520397175565
0.7179893707299102
0.7709743471102891
0.23222913221571895
0.24256075547872122
0.5477838517200737
0.3980563467646848
0.7289388966459013
0.7205616983569909
0.7020178881769189
0.7395055407918639
0.28045058519969657
0.7816919146566222
0.21838233525526676
0.5546281171128719
0.7325513604851162
0.7559978323268554
0.5167026790991844
0.690668942229494
0.3601480337633119
0.6752619160637593
0.36502840805798387
0.30612485831345476
0.7379561885330416
0.3676149224166631
0.7138152459009391
0.5306795751845725
0.6943637168711998
0.7101963511677422
0.7819590854970101
0.5045520547527936
0.27039825407698254
0.3488672145382041
0.6396873397289876
0.38073797593519576
0.4657848558237515
0.6346768424684837
0.7866086525719219
0.33846671172351234
0.3104684553053568
0.8166604336140676
0.5493519901352553
0.38157949986158807
0.2255289314360531
0.7685017161386398
0.7183339702229958
0.33088400927455236
0.3796524450825311
0.5371434018817919
0.5902373753877335
0.3965467450209976
0.6952349633158542
0.7186054460117245
0.6922246715228497
0.47375181511344
0.725128179822323
0.357687766458428
0.466249883134218
0.6682697622242942
0.32792058719635164
0.4838264498187979
0.4049137901442431
0.6406969670768103
0.4353340607552813
0.7108465169061717
0.26265134170666027
0.25096378009832226
0.5896749816739574
0.6713075237392029
0.5803888992837646
0.7059784654481377
0.37260311537243196
0.25223469841178214
0.7890632558645753
0.2933573996397195
0.6909431052776391
0.22609811504755614
0.22603276799501046
0.6704586342465302
0.6874535390609743
0.7353270115456715
0.3175405996977196
0.5454216487407751
0.636270077741925
0.7194828933187581
0.6168907070632252
0.5972958813647958
0.26328790707432687
0.2599669921985172
0.483294732829148
0.2535441785705951
0.6707124692413153
0.3417769892179902
0.32411334601589886
0.23102941424139775
0.21383488132199097
0.4469046867820395
0.7156099524299663
0.239698530842191
0.5833374851632763
0.7685346644197872
0.6816753623032155
0.25406813212380586
0.5396185721013224
0.5638483701862873
0.29727209739692034
0.26174311281197127
0.5187966496180796
0.7860153307303273
0.5350685370296996
0.6553237371281438
0.44899759813823426
0.7271468341899343
0.28913802662079086
0.803992659005942
0.5457075396027767
0.7767265726688348
0.41422373795795825
0.49129343272335496
0.6527413001009851
0.2631749937077332
0.3136239114990079
0.6759151810380275
0.3121541983590537
0.5726804111281746
0.7247020637115947
0.5468919864262807
0.5585298711108443
0.6956106499336947
0.6971028120770275
0.7057885744885558
0.7671895775403521
0.5586793549978075
0.48073948734319716
0.43006346702853265
0.27673041958184824
0.28315476160622
0.6825925957249837
0.29450109087396437
0.6353311439287039
0.7367106401182129
0.720114740244905
0.7501744480125535
0.2403549460566106
0.35601839043802064
0.6019428406636789
0.43766486866938425
0.3978940022943892
0.2858028050266565
0.40889600943239124
0.17521571953153955
0.6525551502031187
0.7464695159834579
0.6166425103573961
0.6787159100633967
0.597215103109392
0.6096355040823943
0.664630942405047
0.2740258060832618
0.757137735624603
0.4204933171041168
0.6607783151743629
0.28374540796089953
0.5982006773790185
0.6861713772248125
0.7132963260195296
0.5095105118144769
0.5034748478259975
0.7053087755791324
0.6867404896358877
0.7945346193359756
0.26928137147517744
0.6267387678089209
0.27342326424010205
0.5251837428719424
0.31388831999722905
0.3635317994791917
0.2691293792001678
0.7136453433849932
0.2697779779801047
0.6653918589702547
0.38579222429294197
0.23753993051472347
0.5114379179054113
0.4509851905782586
0.6927575245838571
0.21358430531650127
0.634462378585479
0.4708744732330081
0.5251916805082184
0.725254962709967
0.27591980901173163
0.6839401317406257
0.6858118078964512
0.4155343709275875
0.5595688180337407
0.5666219251820488
0.47737162419679163
0.42610409741382727
0.7108446941814848
0.3325638459840072
0.512773412019813
0.6830534036098358
0.6209341752799314
0.6935536206631616
0.20684463468714256
0.41245227049529537
0.3940359790362618
0.3739434236818232
0.7303681629974657
0.6601448265239145
0.3826434369645673
0.4270911502474264
0.4343773306110362
0.7591196383159956
0.32186889612803105
0.35347739020393004
0.6633444899071166
0.7081714792625755
0.746798879622664
0.4469855684394789
0.43738900159336513
0.22213597642190303
0.2325610816918148
0.7507785078723007
0.3706347891176871
0.27684626444237503
0.3881540001756094
0.7367995034541969
0.4331504805340691
0.7756026115739062
0.7322424678368377
0.2661422988671568
