"313361_313445"
0.058665084929911196
0.027323565522861405
0.7103166476203455
0.9680610876991951
0.17462520175157453
0.9800172146446283
0.05083746114518007
0.03866303233364393
0.7133608006943539
0.9766491484631389
0.9643988661025776
0.9763887454047044
0.05932610216318492
0.8771546790170408
0.7595419048707975
0.04327039236890082
0.12231767529638321
0.981127236778935
0.37490970551933955
0.021211391693884633
0.1333969505132346
0.028577139305355815
0.0233933363381395
0.9006830776344803
0.9609812450178231
0.9821075336867977
0.5213499790777608
0.14642478021563105
0.38307462598836073
0.02751216498606942
0.03387052764734959
0.9425460939008605
0.9444623292016735
0.177840508219684
0.9608495031146164
0.07822024822979494
0.8242710838729482
0.9723325153271928
0.8911523412949124
0.9383156578827646
0.9131352968927604
0.9803993846802521
0.8926593193869271
0.9340617209149016
0.3608077803860353
0.9790822765211112
0.06268419961933946
0.962619980234031
0.02724163602272042
0.1122474124132163
0.9794036164073946
0.6462772514109116
0.4196805919419581
0.9188560311077782
0.9689862788663922
0.10844392613103278
0.9323938573354928
0.10148610688581541
0.6016639077393181
0.025017640488065044
0.9722492922974748
0.037471142867784885
0.07833705974029506
0.5773693265273817
0.8750052631213491
0.6236376006408311
0.0707205600754868
0.8962113435799338
0.4181235623430345
0.8477361330173361
0.9671724006435404
0.05236316523042489
0.9753105831004729
0.7382616442783131
0.6025939061633626
0.03026070748536173
0.8874295865345776
0.5310902070661331
0.9801412894998418
0.03853159529547768
0.3461306078118
0.868108288689832
0.3475492875945142
0.9687162680934184
0.7781888749324376
0.8740258826004451
0.9042033888395098
0.9279796583461992
0.882161065475588
0.9525429746064339
0.5925333272283818
0.04365778997976266
0.28369494995198946
0.0979880066467194
0.508503267032043
0.03359584116356883
0.11359527527207003
0.19349384542974277
0.9061890061869365
0.4921998574512235
0.029949986395071692
0.6766415941262574
0.4404039902830294
0.945179028239608
0.0363577417135115
0.9398398302571179
0.916832560848599
0.9316768016090959
0.9795261322273908
0.9534328455399024
0.9255159886570692
0.8801572972821728
0.686857838820302
0.12487738240559418
0.02592865680042115
0.10528971154644083
0.9028995771644867
0.02481098914765092
0.7673587646911461
0.02163219333444386
0.022679091683982123
0.9472647500696894
0.8747359080715832
0.6439221081433741
0.5991605914625749
0.9492903574375748
0.04538675906221402
0.020758580029665585
0.913313628199235
0.43382507716100766
0.9735622480900611
0.46426943664847214
0.05516968936781814
0.9556920901997377
0.035997943596640825
0.9619007173330251
0.4258593745868225
0.898220527432295
0.8982418186783191
0.02154928029040953
0.04843730795030366
0.8997784628571901
0.9741840151771158
0.06248431757111083
0.07321620126062192
0.9333898008492922
0.6981619224822347
0.04123691556757032
0.022936828640656673
0.2921745475855748
0.8388664856207537
0.061907404900219565
0.9801182444753785
0.020433739433014592
0.035471189066381414
0.5754571435932309
0.9805156671131643
0.9700902707489931
0.19875776807993606
0.3794970541812777
0.9043941832272826
0.9745919527951559
0.3930456181273285
0.030272135761747247
0.026369856415141783
0.026966503916254526
0.6287434925164378
0.9817260500089339
0.07302744691628801
0.4324407420740922
0.9453522089925016
0.8008799632428701
0.37444107756221273
0.7063285450145068
0.6186055779678619
0.8513760552744101
0.9058366540399879
0.023203331419314067
0.8532175175118543
0.024236823046959653
0.9048674404465283
0.12320893872772437
0.9679017059557168
0.47499974860688143
0.022032032556990946
0.7354350509204852
0.15877535925437658
0.06282574286819675
0.03497361156415278
0.18518799360195645
0.851010588193081
0.9780401989372117
0.03473183655849956
0.2929544388870086
0.08565668163190884
0.9798628536473342
0.04350450055946096
0.9224721986065687
0.036152435051982845
0.02566668420340777
0.03874952745906778
0.9731213883776391
0.9304768515497338
0.8616918113004213
0.06620358771409143
0.022717057025192926
0.8172945920629899
0.8985151135276116
0.9699576725905469
0.2735699786184036
0.03444834065068726
0.03593620259991066
0.024764068280451832
0.029169919522782733
0.026070856634621845
0.05569651182359742
0.9785443071417876
0.9822103099512403
0.022896595226693565
0.05473096872467811
0.9539548112978641
0.9255293869899219
0.6174062381417507
0.0325530432011988
0.5839608707647181
0.48159082798089836
0.02733993448196799
0.10585923549211086
0.4189750331695079
0.9389602060465386
0.11234946430499027
0.04263265530707197
0.9599479732829116
0.7742459436469202
0.9291934939277289
0.9552331513390157
0.05665904486862155
0.6156623006578126
0.07938891526667
0.9682966179605468
0.1876447553010654
0.13507610102533432
0.9677452969548838
0.14483504060767546
0.025858607825711147
0.8966021723010236
0.9676358643209296
0.05904052877241397
0.05908475542205773
0.8945889484981053
0.7635053466594126
0.5108661082833711
0.04981210071046126
0.05915040806117095
0.02878606477245899
0.9309046115815763
0.3875164441228776
0.021987249207894095
0.9176546701999786
0.9731239117116863
0.9638306568649322
0.9710918084792568
0.9782071124126651
0.04063168603729765
0.9577515264824389
0.9749212063975582
0.07102194371954548
0.0676676304256311
0.8707780576961853
0.022248225713520933
0.7549391337295155
0.7846176388990244
0.02219886442032831
0.3695476287317659
0.02210958205870699
0.07828675600179413
0.9366806976393475
0.17677372365282884
0.9257276753277748
0.972211819569443
0.5033951146581348
0.05126201247560411
0.43885317544665264
0.9629001534435504
0.9762765564751513
0.19006417256339467
0.0434347666378903
0.9167991025896715
0.905571080185326
0.03477276613237072
0.026261309136634044
0.04587189117731394
0.9655327852782684
0.9173586139208175
0.9289322326642271
0.9781642336599934
0.053613771199835854
0.5345765399711955
0.9570029312092171
0.7260876477343378
0.021912539082820273
0.0736375184064171
0.8940082464563542
0.9484832078341907
0.8757539329479017
0.9782304304589708
0.12466237162859495
0.8908859396548732
0.9206298269528465
0.02587927090891274
0.8222080130710622
0.9762778517559357
0.05627216456683709
0.5076662981351815
0.9809251096994646
0.055936554325280656
0.1879524455379909
0.023539572717317936
0.974622299939576
0.24617828707650038
0.020437952188579155
0.02794559120443165
0.38717458362991053
0.9770603781335805
0.03482500819299487
0.028950550976394745
0.022467317645244997
0.2751630182296241
0.9454582381161394
0.061656674552429076
0.9773932172293549
0.9482300472500328
0.9728598759953029
0.9432067745957943
0.019455535614997615
0.9688521338446797
0.02162043473806515
0.023203709583525564
0.4815326542940516
0.9534747747246372
0.050704336088164395
0.03223916105507113
0.9780049610296511
0.057912508398110255
0.5566500177860249
0.05588420000029465
0.07439618663989889
0.4704483921336636
0.9689027219956887
0.9188735923620056
0.10486560216072706
0.9717328794516601
0.15355785823819343
0.023649714801620828
0.019043335475745916
0.02548464274894242
0.9834880606852731
0.12591581341040844
0.9564445590715721
0.023095044994962406
0.025812288560445325
0.035165233291815146
0.9297386802072163
0.307744250734239
0.8599173584694898
0.6681323977952576
0.04906186696846253
0.10447806490427441
0.9605230352099537
0.9813217132886948
0.042692793723900856
0.026285072661136753
0.27291858527416746
0.105778472612329
0.8994570662893132
0.9710774133146962
0.9606626628558589
0.963694635994854
0.023986379263628878
0.9804702886897981
0.03294191230540428
0.4746738349543942
0.9690474344356422
0.9603879968023473
0.82893251562172
0.8996585614017995
0.04039066366313965
0.9447476314756974
0.0784951337022373
0.05140051179614922
0.9506488219896277
0.08349453521852955
0.9101192001360483
0.40756800357508377
0.9715379904299852
0.909238475689911
0.9790609884819266
0.4573085037076787
0.024331880656894306
0.27605554020741846
0.9404810395197751
0.86786221192689
0.13041482674540986
0.659786681118714
0.9376470955013618
0.04175540877936153
0.05417120085574892
0.9822408616545287
0.9334602021593961
0.3494907137184667
0.0546755035604926
0.9788147619424316
0.9653745610427551
0.054446707955417895
0.12037179324468934
0.8834164783227353
0.9093772857112038
0.28802716942157214
0.9609499694466235
0.9217090176885763
0.37776912954091735
0.09548723812302548
0.9390493922217619
0.08183588512625949
0.07940686136131052
0.9604827259653859
0.06158038834216593
0.08740707862598006
0.16134302666774586
0.4254919146072571
0.0986137471003401
0.9318812205165329
0.050508705731411266
0.06327869085185353
0.8663920795390521
0.8513555480730304
0.7892975851323643
0.9524791265555442
0.06884858719932782
0.02259768392133864
0.9776323972539892
0.06716219894848383
0.9269987769953284
0.02643092900734713
0.03455466118906136
0.9610751773792314
0.9664522326208693
0.9706765117013582
0.38511246107177166
0.23990184232145192
0.8859388278342906
0.9058740847562292
0.9527782103786419
0.9248341537711383
0.11504484185554897
0.03363883526383087
0.670514392028886
0.0716180905238783
0.937714428531287
0.07805865007620412
0.09899946058462654
0.027508411869194904
0.03755043505578835
0.03968164151265667
0.9606847662058553
0.08254151876428827
0.2692724403750163
0.9718083580048462
0.9434963709107518
0.05593317932963832
0.3449678213410349
0.9276641418513949
0.3498088145813776
0.10146953906468455
0.8881383710243389
0.9522458191955914
0.4611400959145481
0.9076935501420521
0.09075424048249148
0.9744394570612244
0.28536904603699426
0.9807354684352972
0.2768658918487126
0.9809479287850299
0.21975227871147512
0.8477324299542291
0.9615108911187726
0.06176400409119349
0.3309455061747968
0.8916095795962891
0.06363593684981782
0.6774131528848865
0.9787403716173829
0.8346120849751841
0.36745957699341664
0.9706623174014751
0.864568229413681
0.9639907376964395
0.9300291344664662
0.2627920280620454
0.6582154053577283
0.15477778658612773
0.05027278705104571
0.035363032367949264
0.8642640141966401
0.12960883631134995
0.9312557789051028
0.9273575171027938
0.9770784406284104
0.9621724483178906
0.026311327928703155
0.06870670832307285
0.25354769474064415
0.3145812303015056
0.09060249736224038
0.028490914151514564
0.3056348191888772
0.026356860557540135
0.3423053671714369
0.9501443252267643
0.9653583957424227
0.9636160293700493
0.904784912295857
0.9118124220775785
0.9326872673384486
0.021310588159020292
0.9723493185074671
0.5304252388714483
0.9079529125990633
0.08150634594474038
0.5861174728181522
0.8928738441867174
0.9078261292190194
0.414468405123316
0.6055856732955728
0.5291417653980991
0.9305330380636941
0.9835778959247561
0.07503153837212347
0.8024441648769141
0.04444563515661206
0.07465535878012922
0.2890862599433903
0.046025536732917705
0.026358257322616527
0.9766370508178579
0.02864583836756038
0.897366991731882
0.9102875249994962
0.022796478706978717
0.23546881841063558
0.05108950272300002
0.9662175015194037
0.04799967215883837
0.5353071429587122
0.4946949016791637
0.8487044749654833
0.9756955193669602
0.08519020081315218
0.9745556499889602
0.915647483721293
0.04530210735464873
0.8030487559351878
0.9169176112718128
0.5597933903630244
0.14807711266243107
0.9685849351245168
0.1019936241771764
0.3103028013254691
0.8747358291786929
0.7940760170077464
0.9579016756173087
0.03439281801374397
0.09539019306513394
0.22505945835344646
0.0455122094039679
0.9756652142060308
0.9162035887196309
0.6667425295998181
0.064121543008036
0.4274368670477461
0.9134531782751778
0.23588912089177524
0.029092250345347712
0.895321176204275
0.9458975223439746
0.9798197165674349
0.5549594181925382
0.7410401777528676
0.020480185356726834
0.024112259001012923
0.9776517979356978
0.07328538383366726
0.02679068026282855
0.3510110394522515
0.9630726730186492
0.5484443829643966
0.9767289063853338
0.9735069470932394
0.023722337450813983
