"313361_313445"
0.45795464515686035
0.19090333580970764
0.595853865146637
0.7748047709465027
0.3776122033596039
0.7318921685218811
0.33317339420318604
0.18675850331783295
0.5985321998596191
0.8178194761276245
0.7834880352020264
0.7589934468269348
0.43733909726142883
0.7647206783294678
0.635550856590271
0.24712017178535461
0.3123251795768738
0.8401324152946472
0.3139713406562805
0.1649206280708313
0.2547052204608917
0.2368677854537964
0.24234893918037415
0.733060896396637
0.7131667137145996
0.7173137068748474
0.2582445442676544
0.5663866400718689
0.5563819408416748
0.19504758715629578
0.3561936318874359
0.5517113208770752
0.7565536499023438
0.6255536675453186
0.21060310304164886
0.2561350464820862
0.6135603785514832
0.8565735220909119
0.4959099292755127
0.5622971057891846
0.7072544693946838
0.7852487564086914
0.6428828239440918
0.7096373438835144
0.5500404238700867
0.7407118082046509
0.18340209126472473
0.576849102973938
0.40117183327674866
0.5115728974342346
0.8532840013504028
0.40073737502098083
0.5087753534317017
0.6471038460731506
0.7587360143661499
0.23423491418361664
0.679623007774353
0.2861391603946686
0.4925244152545929
0.2231745719909668
0.8032861351966858
0.45998355746269226
0.6231836676597595
0.5814943909645081
0.5804986357688904
0.5369741916656494
0.28494706749916077
0.37298110127449036
0.25787460803985596
0.5766504406929016
0.752973198890686
0.1982882022857666
0.7298393249511719
0.7631171941757202
0.6744873523712158
0.3367875814437866
0.7388941049575806
0.31335684657096863
0.6780528426170349
0.34998220205307007
0.18109966814517975
0.6981550455093384
0.7550870776176453
0.7832881212234497
0.597801923751831
0.41964396834373474
0.35787346959114075
0.7524548172950745
0.7370255589485168
0.40961822867393494
0.40578868985176086
0.24348577857017517
0.5688338875770569
0.34103092551231384
0.7945230007171631
0.3559993803501129
0.35333284735679626
0.5966218113899231
0.6761718988418579
0.5736812949180603
0.14270398020744324
0.41824883222579956
0.6860183477401733
0.6846616864204407
0.24348659813404083
0.5376728177070618
0.38043394684791565
0.27617472410202026
0.5426173210144043
0.7614085078239441
0.4916130006313324
0.6834390759468079
0.7683810591697693
0.34971049427986145
0.38956671953201294
0.45162567496299744
0.6932383179664612
0.5026804208755493
0.3359230160713196
0.1803150624036789
0.16656261682510376
0.7171283960342407
0.75433349609375
0.2641163766384125
0.6453555226325989
0.45419952273368835
0.32365405559539795
0.1924077570438385
0.8369497656822205
0.3038652837276459
0.70026695728302
0.3460143208503723
0.2646953761577606
0.6365138292312622
0.2489662766456604
0.7354833483695984
0.7122995853424072
0.6848829388618469
0.49562782049179077
0.3227328956127167
0.39082062244415283
0.4341830611228943
0.7867518067359924
0.2760362923145294
0.41518792510032654
0.7026177644729614
0.46734514832496643
0.4957963228225708
0.17656607925891876
0.36469030380249023
0.5923388600349426
0.2089032381772995
0.8033638596534729
0.3314649164676666
0.23474130034446716
0.719715416431427
0.7521248459815979
0.697224497795105
0.4175158739089966
0.5989745855331421
0.7884135246276855
0.7531701326370239
0.4659602642059326
0.22268658876419067
0.2296525537967682
0.4869452714920044
0.38792961835861206
0.8062325119972229
0.5463413596153259
0.6152071356773376
0.7498152256011963
0.41837120056152344
0.655682384967804
0.6197885870933533
0.6007886528968811
0.4972589313983917
0.49247637391090393
0.1879969835281372
0.7124907970428467
0.23191134631633759
0.37887781858444214
0.24024687707424164
0.543515145778656
0.4939848780632019
0.2571864128112793
0.46178728342056274
0.38095229864120483
0.3990781009197235
0.3774162828922272
0.3038836419582367
0.6777787804603577
0.7615150809288025
0.23402835428714752
0.4514612555503845
0.18169565498828888
0.8580605983734131
0.34556835889816284
0.749679446220398
0.16861695051193237
0.21987415850162506
0.16627204418182373
0.7821230888366699
0.7885401844978333
0.7442636489868164
0.17059795558452606
0.15504774451255798
0.7334998250007629
0.7239162921905518
0.734673798084259
0.39999520778656006
0.281633198261261
0.43268921971321106
0.2089419662952423
0.2174483984708786
0.20700639486312866
0.5532110333442688
0.7259155511856079
0.8169860243797302
0.20775853097438812
0.29859665036201477
0.7034925222396851
0.6144463419914246
0.40147432684898376
0.22424530982971191
0.7451143860816956
0.318263977766037
0.17854496836662292
0.4624900817871094
0.3597727417945862
0.46924522519111633
0.2473592758178711
0.4756695628166199
0.7408406138420105
0.646737277507782
0.604201078414917
0.7028446197509766
0.34021952748298645
0.35674893856048584
0.20808625221252441
0.7561869025230408
0.46001914143562317
0.36465808749198914
0.6837877035140991
0.17833568155765533
0.1903672218322754
0.8360163569450378
0.6437227129936218
0.18261590600013733
0.40519869327545166
0.6719182133674622
0.6651253700256348
0.6691557168960571
0.22958655655384064
0.6834580302238464
0.22365708649158478
0.6760680079460144
0.33963099122047424
0.1913970708847046
0.6447460651397705
0.7622995972633362
0.7126675248146057
0.823897659778595
0.8227876424789429
0.46818554401397705
0.7060409784317017
0.8042439818382263
0.4372009038925171
0.34375181794166565
0.7187949419021606
0.15471597015857697
0.6908268332481384
0.5309210419654846
0.15028025209903717
0.43321728706359863
0.21991018950939178
0.2571600675582886
0.6883791089057922
0.44000670313835144
0.697527289390564
0.8334993720054626
0.34370216727256775
0.26807329058647156
0.19773568212985992
0.7005817294120789
0.7417305111885071
0.47056642174720764
0.18927974998950958
0.3155955970287323
0.7019780874252319
0.3142513334751129
0.26810187101364136
0.33918264508247375
0.7486187219619751
0.839240550994873
0.5374111533164978
0.8085695505142212
0.4975712299346924
0.5629542469978333
0.7090655565261841
0.5557311177253723
0.17308321595191956
0.26377344131469727
0.5495673418045044
0.7234965562820435
0.442083477973938
0.7789807319641113
0.25296783447265625
0.38826122879981995
0.45756641030311584
0.2291712909936905
0.6830694675445557
0.5348678231239319
0.36140677332878113
0.49977901577949524
0.7916620373725891
0.2079864740371704
0.4721461236476898
0.22617289423942566
0.802220344543457
0.4687061309814453
0.17915605008602142
0.2293325811624527
0.38806554675102234
0.6827690005302429
0.6085491180419922
0.3023597300052643
0.19992464780807495
0.5663697123527527
0.5556552410125732
0.5911218523979187
0.7653425931930542
0.7484786510467529
0.75107741355896
0.6593515276908875
0.44592076539993286
0.7771722674369812
0.21550679206848145
0.22494110465049744
0.6246000528335571
0.7202396392822266
0.25271159410476685
0.21342024207115173
0.6482515335083008
0.5150122046470642
0.5228074193000793
0.1820216327905655
0.5222049951553345
0.34224599599838257
0.4199084937572479
0.7026379704475403
0.5511270761489868
0.6923805475234985
0.19832871854305267
0.18198411166667938
0.12075141817331314
0.25500375032424927
0.7840104103088379
0.29946455359458923
0.6708916425704956
0.13846562802791595
0.46986064314842224
0.24306447803974152
0.5176677703857422
0.435867041349411
0.7059305906295776
0.512885332107544
0.2469533085823059
0.30233463644981384
0.7851579785346985
0.7905364036560059
0.3034893274307251
0.2527218759059906
0.2424732893705368
0.2591418921947479
0.43578583002090454
0.8245407342910767
0.6356106996536255
0.6534221768379211
0.23580443859100342
0.6689445972442627
0.1957853138446808
0.6673678159713745
0.637552797794342
0.4959065318107605
0.6458271741867065
0.7834299802780151
0.2339138239622116
0.6959268450737
0.3702649176120758
0.35654887557029724
0.6229550242424011
0.6370797157287598
0.5901511311531067
0.5272529125213623
0.71001136302948
0.7930734753608704
0.8345822095870972
0.5144081711769104
0.23313821852207184
0.5652878284454346
0.7383565306663513
0.6441285014152527
0.18888068199157715
0.4827398955821991
0.8095743656158447
0.3770137131214142
0.49413803219795227
0.7456021308898926
0.450351357460022
0.4109688103199005
0.3226991593837738
0.6494420766830444
0.7491118311882019
0.29742422699928284
0.5288897752761841
0.4746275842189789
0.24794411659240723
0.3118263781070709
0.7966626882553101
0.5298014879226685
0.32490938901901245
0.3161853849887848
0.5459754467010498
0.23839600384235382
0.28922417759895325
0.6297475099563599
0.391560822725296
0.37184545397758484
0.6109769940376282
0.2395089864730835
0.5740364193916321
0.7061065435409546
0.24691142141819
0.4230749309062958
0.658807098865509
0.6082544326782227
0.6540666818618774
0.7617603540420532
0.19396767020225525
0.1593727022409439
0.7673935890197754
0.30803003907203674
0.6364741921424866
0.2568952739238739
0.2147798389196396
0.7136192321777344
0.5623083114624023
0.8077648282051086
0.39954322576522827
0.3268963396549225
0.7422434091567993
0.859848141670227
0.6241849064826965
0.6096725463867188
0.29255935549736023
0.3131631314754486
0.5134782195091248
0.39763155579566956
0.736910879611969
0.42666468024253845
0.7113953828811646
0.31724631786346436
0.2952621877193451
0.6602179408073425
0.7380003333091736
0.27787917852401733
0.33384081721305847
0.7452764511108398
0.6719488501548767
0.2536587715148926
0.6000048518180847
0.5503148436546326
0.4304795563220978
0.25212809443473816
0.6062676906585693
0.5413588881492615
0.49346789717674255
0.4997223913669586
0.5672172904014587
0.7611954808235168
0.6025210022926331
0.6609892249107361
0.42960384488105774
0.7962517142295837
0.34955811500549316
0.7273625135421753
0.5482746958732605
0.20157884061336517
0.2947172224521637
0.5898160934448242
0.5181966423988342
0.6103200912475586
0.8135288953781128
0.7671704888343811
0.5068138241767883
0.7846581339836121
0.6819120645523071
0.7617493271827698
0.6915042400360107
0.5094171762466431
0.34772953391075134
0.44918254017829895
0.34383487701416016
0.18637333810329437
0.48799291253089905
0.30177614092826843
0.7006705403327942
0.736484706401825
0.6891701221466064
0.7619161605834961
0.3418768644332886
0.5216176509857178
0.23738253116607666
0.4240775406360626
0.3620300889015198
0.20942343771457672
0.5102271437644958
0.11151211708784103
0.6156409978866577
0.7277408838272095
0.5670729279518127
0.7523898482322693
0.7206792235374451
0.5503660440444946
0.7468230724334717
0.24581344425678253
0.5483410358428955
0.467550665140152
0.5812271237373352
0.19524630904197693
0.48791196942329407
0.7729937434196472
0.5950926542282104
0.5093507766723633
0.25447937846183777
0.49224379658699036
0.5512591004371643
0.8127508759498596
0.4806404411792755
0.588446319103241
0.25358203053474426
0.5064961314201355
0.19258259236812592
0.33379697799682617
0.33856454491615295
0.7234866619110107
0.2812976837158203
0.42943134903907776
0.5425218343734741
0.24908459186553955
0.46650734543800354
0.43236762285232544
0.3290269672870636
0.28782859444618225
0.6887338757514954
0.2732265591621399
0.6762986183166504
0.6640884280204773
0.19906814396381378
0.6319836378097534
0.6887500882148743
0.5005585551261902
0.5110607147216797
0.7027576565742493
0.5656580924987793
0.19679756462574005
0.7481984496116638
0.5226069092750549
0.6857373714447021
0.7213083505630493
0.48313677310943604
0.7403532266616821
0.32228168845176697
0.38914236426353455
0.7117118835449219
0.32619863748550415
0.7730700373649597
0.49055957794189453
0.23484152555465698
0.37233221530914307
0.6495748162269592
0.7506273984909058
0.3043369650840759
0.18401935696601868
0.712652325630188
0.6828432679176331
0.4939790368080139
0.4538934528827667
0.2853855490684509
0.12469125539064407
0.4154428243637085
0.7642620205879211
0.53192138671875
0.20918673276901245
0.682206392288208
0.7460447549819946
0.36169296503067017
0.8077852129936218
0.6841976046562195
0.13154040277004242
