304306_313437
0.1297544996314296
0.038589742223552825
0.4058359997816251
0.9714304178200186
0.30277659566468845
0.9721825491585367
0.1984859325350145
0.06967470596484929
0.46007972471315545
0.9474284715890972
0.9315120165538872
0.9361302202044037
0.21223083127683698
0.8397406679319811
0.7837679842854912
0.03291564901911891
0.4140412529234964
0.9756246050055766
0.26627691712879975
0.04956428525503733
0.4111691742638505
0.07102111410717431
0.013824989911218727
0.7248103760840463
0.8988858344235672
0.9598694833110823
0.47205686323724605
0.290173039229699
0.37166668187687785
0.01174451448269747
0.07213226855106872
0.8025517881510988
0.7760087038248659
0.30343963591041506
0.7863906323277823
0.13477116727439092
0.7313867679608037
0.9797435231164914
0.7996186799874562
0.9032093370290625
0.719264895327476
0.9368315585027632
0.7348411386775799
0.8348328099745177
0.3166571797990073
0.9787620526801872
0.10362474211342386
0.8102776171858104
0.12361977167927533
0.3749352644541181
0.9609670164716378
0.2626555099009193
0.4409656416166752
0.8757831242439924
0.9273097041412329
0.0656490197405784
0.9128792384656284
0.16940614752062647
0.7297981443587627
0.03731190867212284
0.9025995797054632
0.08262072365368375
0.4388966122748756
0.37869064066171715
0.8030450027069399
0.385000003854851
0.1136889631050215
0.7823775438269399
0.49431649688373386
0.8307511147624855
0.9156853725580305
0.14185922031739429
0.9578654094202952
0.8311829201085855
0.8616154285739067
0.13857614634430945
0.8950008756183027
0.38633462116638606
0.9420664621829623
0.21340672002403271
0.4649710317345769
0.8929118730968468
0.3807379944064769
0.9989065352561802
0.6211402216862484
0.7297643041941619
0.6695010120176597
0.7600897494167065
0.7293532641019554
0.8730169506019516
0.49907844455066325
0.05053313155422917
0.4027350631009828
0.260839091740355
0.8400103606612447
0.17162954298555874
0.40487545949016307
0.3086680832709112
0.7662051163234791
0.5319377005408439
0.19248785335488353
0.5799260848200292
0.43771011360510875
0.813209411935566
0.12482472878996069
0.6829002609738616
0.8917290837303463
0.756097496171354
0.9928862986427913
0.9026991308404847
0.8426403232285589
0.3942747624008092
0.4853551569049944
0.11587683857483297
0.07539187176937187
0.11131424027761566
0.8712768966723843
0.12201290801831868
0.7023492606122151
0.06310545703998821
0.14126914309230318
0.6964881704116936
0.9378367287736608
0.4711804562576291
0.6863292924020098
0.845267384549047
0.12546186782042254
0.04533406403591643
0.9658483362696002
0.5776100242310559
0.9169126899467591
0.3430025493926345
0.2715931953065264
0.8641904911005166
0.002026262850053173
0.8999899006204093
0.6318314335088452
0.8656566600158958
0.7442601886958334
0.1507204052923231
0.26008826021396664
0.787811671860951
0.9802381035110769
0.14129166666666668
0.11856935366006334
0.8931628901494044
0.5124195003385732
0.049331231107201064
0.08753001817642841
0.30887003478974207
0.7339494283545598
0.06702978408658078
0.9380418147447211
0.11039329134431193
0.12345426527834259
0.46524231439763136
0.9935714368444102
0.8968146880069835
0.32120653569198454
0.7069335606921814
0.7534608617777979
0.9447019340106791
0.43815855260037234
0.11485488054299817
0.047068361072938526
0.10926678014442198
0.524584955722993
0.9975742838704805
0.09089992979543667
0.2873066110067771
0.925660696378908
0.578349062996921
0.2971877412234057
0.46754287801878486
0.4210640049715046
0.9469450549450549
0.74488540080564
0.07638157558793836
0.8569790389588925
0.07876315177576669
0.7131027293832117
0.13274043637869476
0.8607319943202298
0.46097531428349825
0.0780900840051368
0.6389294165637102
0.29334900151528376
0.12677490916867654
0.15649617692605497
0.08293446527505771
0.73316892552022
0.9737758342580775
0.07499840480553512
0.2395331826823899
0.2301384095080061
0.9218935745655261
0.09109381149705736
0.8632944780798784
0.3493232391935753
0.08840094285542412
0.05282060702334346
0.9190369604249499
0.9596724967588253
0.6076211682854896
0.1707937472659596
0.028736117012832817
0.7815305773557917
0.9283333333333332
0.7396078010501895
0.1800756540347555
0.052736874228984695
0.09526685545935522
0.1411034299195996
0.07672314185149592
0.04894691600499112
0.15434639188996976
0.9788367074825567
0.986627418802775
0.014412184435086108
0.11031384263387514
0.8628457229027279
0.927315142634313
0.22013155596879652
0.0693200656477079
0.22027148082924167
0.31934199654582884
0.043853015019615166
0.09619671671096676
0.34822727109338175
0.8411628733035884
0.28874847240067747
0.08788513813822005
0.8656507340770244
0.5765542973535672
0.7450445292479131
0.8934132967202614
0.27102539027687794
0.621949244977106
0.47391968448161764
0.907740882659261
0.4737250971696717
0.288055430646492
0.9676641154689937
0.2391005368691522
0.07782633720268663
0.9439528903129785
0.935504685304659
0.1816057737304855
0.21803090189513263
0.7831677399846434
0.6815369302358276
0.3827159503429987
0.13147833030711065
0.32098449346332814
0.06451038422127836
0.8738341695319418
0.45179486091754895
0.07284447736695154
0.8283538416774493
0.9349985780134893
0.8688357287563855
0.9894377981653646
0.9789555230978921
0.0977323024106731
0.9112667322708309
0.8563209280294533
0.1588255826584209
0.19635509897578804
0.97527119690366
0.0515701798536842
0.7839115844823803
0.7038164583624692
0.01560764706233283
0.2901537897130705
0.07844174640404483
0.18638059547163202
0.8762131672563003
0.43150073015911
0.4870394485982721
0.9551700992873413
0.5364179316870373
0.1814807204344144
0.4917342868349819
0.8834643072809959
0.9455836613705757
0.21747668587867242
0.11733110635377804
0.7737253933714229
0.7947901943856476
0.08943077017132271
0.09339976005398119
0.13901231947589446
0.7752760165471818
0.8784778825437276
0.9559220180740918
0.928014747318833
0.1306553228770224
0.4193222220539873
0.9209561939383445
0.4150080909550132
0.08514109735064554
0.1503106381915071
0.8886568277795522
0.7933637671906832
0.5704990120817885
0.9863260073260074
0.4004424839865649
0.6973295467311525
0.8058160369017822
0.06177252865915235
0.65205296577742
0.9319590643696387
0.2779777350497723
0.4981347733923145
0.9883085256676064
0.11782340212852302
0.24706216632186742
0.021569203058101505
0.9563863894340311
0.5569843797366688
0.033646351693352526
0.025345866481938026
0.37020259023023533
0.915775618409732
0.14016155164754923
0.10127839206705139
0.05999562789701389
0.47016890918695153
0.889863478939585
0.16277615221093542
0.9989751328171559
0.9495638028098118
0.9619979443066895
0.8870045696997775
0.05650436777983802
0.8024363838419307
0.08004324650768053
0.0541189656445733
0.5714736652236653
0.89541706195909
0.1638339396667869
0.022140257401542893
0.9929165752386737
0.14768872146641132
0.4414418844634495
0.14237235931745368
0.08861354925178196
0.49029712257145297
0.780851902794231
0.7283114491071601
0.2239416124845096
0.9577337523868852
0.3033605862286558
0.07613198570848065
0.05140998158980687
0.068678066920227
0.9958231037255427
0.35302424325832243
0.8637143564954858
0.010168357726128343
0.10587007703321102
0.15947997113491671
0.7638804157102825
0.2601535185913095
0.8120499513312438
0.571257966713673
0.16711497556416094
0.2515907049100485
0.9085981535639174
0.9544848713677788
0.09367401955665239
0.07472270144689917
0.4399224502329951
0.19328497699003475
0.5759853534655756
0.9314005886507356
0.8647202141575587
0.9253017982096935
0.1561113958842001
0.9778533803412367
0.060592118287374666
0.5899931939368155
0.9109911292868305
0.9560123731011358
0.6825525415810515
0.7834176153855029
0.1467093468881011
0.7892928992489467
0.20667994840847098
0.23130874592275533
0.825766790445032
0.23091248593015387
0.9091544484372084
0.7129362809747739
0.9001303747931507
0.6970714449059695
0.9714711157331424
0.390432378016468
0.05430517931092794
0.3098838139132878
0.8221457532562003
0.4836531980541077
0.3270903990233937
0.8262834302440564
0.9946729767202591
0.1598877099399871
0.1522694440531136
0.9869489896079302
0.6851819249033612
0.3112287598919645
0.09648784587764211
0.9477711621029838
0.8684600404862255
0.1306633917109927
0.20405348278401836
0.7670692014485161
0.7698680813748001
0.15553135271577884
0.8833887080642097
0.9246241912984476
0.6446883412559692
0.10558253533971727
0.8944295471695257
0.2142780510881642
0.5865950308427972
0.7366375146019277
0.13680262393026574
0.43000540120332187
0.3565149095063393
0.6218004485001035
0.21083237975615063
0.8061592742024051
0.15261540782996552
0.12293421562921894
0.728980344966662
0.7113747215484074
0.6655330238028992
0.8555706424818212
0.1227216298642631
0.04323594658312477
0.9725416195871719
0.21009720063926346
0.8578663333955925
0.01709221710192971
0.08435452110933246
0.8376131706738289
0.8675982702559338
0.8988489122883743
0.5297273504273502
0.4294884154881904
0.7610191054829724
0.7915268096293123
0.9064840179872051
0.7567355667356082
0.08152332667838834
0.14803535310451557
0.6723286475509781
0.1359587307362068
0.873640816426169
0.2976004042608654
0.25870085176940555
0.06982554764484501
0.059614553673090855
0.12186101525879478
0.841682415961673
0.061931106496169425
0.5288382692658061
0.9357801494212319
0.8656202005177467
0.06739786286330379
0.5996039644878968
0.6129490893442469
0.386298222965954
0.23560323935764266
0.7562686776971077
0.9450465981654546
0.4891164415283433
0.7025260082790337
0.22866766936102415
0.9692007596569561
0.24120573896356087
0.9965217877467335
0.6452532525381521
0.986005642423777
0.1749007871050051
0.6309647693534994
0.9291181131484432
0.09344144781062338
0.30395205649134815
0.8123511490773403
0.1386071105406968
0.24701916588055098
0.955128499607182
0.6668554773686354
0.6855336103897607
0.9044424157690127
0.8016293474731592
0.9148658864541442
0.9389560029520134
0.224747354502908
0.3993697359121179
0.49652750776281607
0.10098620729712302
0.07214384524629303
0.8780371776756796
0.308514542623807
0.7542937864626869
0.9237863250029092
0.9054862683077305
0.8723098467175567
0.02786159128228094
0.2081419386398399
0.625845610976011
0.4508633715847943
0.2319696802274067
0.0830217527733339
0.2949936089537957
0.06748557880936074
0.5557902216520866
0.8979408232785089
0.8606413664312543
0.9206980038469597
0.7316196091896926
0.6580924303037188
0.8143416352211141
0.10706703121714202
0.8973957743186393
0.1919643006928952
0.821785912525076
0.11801239394141959
0.7100565738870089
0.8724444652530304
0.8536779784016703
0.5510608430234449
0.5636863943459857
0.8471616310517437
0.9303483168542079
0.9999450549450549
0.15263428964859047
0.6466633991444485
0.10167044439548677
0.26813878182215556
0.17350290804086532
0.2695778555511444
0.017027752441142158
0.8564893405669628
0.1093098557590677
0.8120777130924588
0.4533732417264155
0.08163917567958232
0.4428947709790609
0.0912044231114767
0.8423566656821991
0.19585484101194045
0.6769790239509347
0.34831090276290927
0.704820903206584
0.9081068115869271
0.07244154559338284
0.902519227094604
0.8127679218005877
0.13001256215347765
0.7033130630630632
0.7485319050664003
0.6049563619635677
0.27880025701089606
0.94154953190856
0.14887797164214878
0.4943723521141535
0.6106349967214417
0.7065516221272077
0.8367013866330578
0.07154870981772236
0.12673479973944363
0.38788997857803165
0.1459898512971903
0.9343596773596774
0.8144071821686059
0.6596298305430628
0.14774616008655997
0.19687757803793193
0.8829352272727273
0.06840179664323005
0.11372479569819538
0.7782529860893438
0.8264682794040032
0.8372053208544085
0.4831097056006737
0.7894616780845947
0.015310243323849771
0.04201189296142133
0.9662318880470625
0.13652674429087586
0.13948858840211042
0.4394578740121046
0.9544008317780427
0.4848740949713284
0.9440987277280378
0.9252611738374938
0.05241582961576651
