304306_313437
0.4108196051660047
0.3018856615189226
0.43734776232678557
0.6895882932164362
0.44265392999014175
0.7027828304567517
0.4207402844238525
0.32434976007423666
0.5378048184879136
0.7069533163867403
0.6678563343722559
0.6710654467984694
0.4014034543839616
0.6184197159258501
0.5741281450910234
0.3148345907848375
0.43338326094511387
0.7264555949381616
0.4493678985105182
0.3228458500058258
0.4449277942125466
0.3266907112612424
0.2903746325136904
0.5824659875292907
0.6270139525115835
0.6850116172093623
0.4750835173871764
0.4068101601160609
0.4316696052902471
0.281308804801151
0.31158695355755517
0.6033196164791207
0.6538818728345108
0.4111514670681352
0.6162981584045486
0.40407243265506754
0.5321372482087132
0.6893970176527336
0.5743813857513318
0.6666750313673151
0.5685651140037373
0.6786358590515479
0.5577818949592286
0.6361674651023488
0.47806804522302676
0.6812431775151505
0.3588658820268423
0.6629368469132214
0.3682188960860357
0.4154407352171532
0.6991736160480687
0.4940980253696123
0.4368002777122302
0.5867301372320302
0.6744494583000986
0.35302738191362776
0.6557571963514344
0.4011526334323198
0.5518393394051136
0.30940580034756615
0.6763634139541734
0.3728452034844728
0.5566278729713511
0.45779785004671164
0.6457319750994687
0.4555854604790611
0.42452831961441184
0.611099721682942
0.46248078565421746
0.6479842541300133
0.6995160427118984
0.35214115911434274
0.7023005988874038
0.6730720363453626
0.6164350974253653
0.3819917058343892
0.641266613419618
0.4388454991969034
0.6730871257270168
0.33182720677915717
0.4502567795099039
0.6187292416356059
0.42759778634099965
0.7217180091117396
0.6451662752625879
0.5682892596263341
0.5401879609297124
0.568629717914548
0.5734454595008412
0.6258237893773354
0.4956767529452518
0.3168626769832342
0.45701199929200503
0.4147907195135785
0.6708348387149251
0.3682994925507584
0.46554263464474843
0.4220720628469669
0.6396920252281199
0.527359079642225
0.2890562436554863
0.4976177719542922
0.5340361954804584
0.658396498384569
0.3950809334138517
0.6005112417253667
0.5816929344155863
0.5605363203240532
0.7201790558065577
0.637310355289609
0.6058071350368442
0.5307730896233218
0.5518060574837002
0.3172850704398826
0.31085362265627975
0.4207815188538795
0.6603672097148804
0.3790589792351174
0.5804586668366611
0.27929003264055235
0.3371368288483571
0.6425618145772172
0.6845643545764853
0.4715619001131708
0.5813191933703821
0.6524343203332704
0.3549526633600142
0.2771102448334584
0.7115578881463467
0.5363975998194018
0.7071820933234649
0.48299071171546654
0.433936891874858
0.6595099855577868
0.274772043202634
0.6144582651479494
0.5341386131103042
0.6442438063538352
0.5554149769973522
0.3241371125994673
0.39661163305951375
0.6012681530752628
0.6902351440366437
0.4350754478955447
0.411736584490987
0.6528697024923433
0.4843966876702252
0.341256848342489
0.32284064215122743
0.405065454784157
0.6215027339953269
0.3635065831591489
0.6908446487541436
0.31637337120874387
0.3724207626778309
0.4926173491602923
0.700935680873384
0.6854259649656097
0.4875279325959276
0.5025677098762817
0.6455245176501699
0.7055642650359427
0.5278341941802998
0.3316359139441738
0.33594673213144033
0.3709342694829432
0.5050776787682657
0.7248609336029226
0.35117717146173555
0.472997389332284
0.672363460575144
0.6462022630895217
0.5007263645787944
0.43174907565108966
0.3566180211148911
0.6487956163570573
0.5941091305487034
0.3646406490742943
0.6718104587077486
0.3292673718884829
0.606565551618737
0.4128812340451374
0.5968057787621008
0.5408625931345449
0.35926861008684696
0.482681130638498
0.39277166433647004
0.42648567891900857
0.35424605332515835
0.3544694081478416
0.5844807347462805
0.686443764580842
0.31330484617939425
0.43358926459224745
0.3853825794926625
0.7062928905599202
0.3363872276679904
0.6613289634135685
0.3679658709207482
0.33269306434043855
0.34229344090138025
0.6911027449171862
0.7008254916461685
0.636591463711876
0.3841663365337493
0.27929804606267294
0.6285123472531874
0.7160231843400294
0.6504864686583348
0.4296788179243676
0.28633404025278064
0.392878346983625
0.35275264530295664
0.3214189544511968
0.29357929520245696
0.3858939840002356
0.7095257307545655
0.7373623282474692
0.28766549228177823
0.34586827902723527
0.5706449508565788
0.664917288776067
0.43144231754341256
0.3186027134898019
0.5547534745495026
0.4772098669443824
0.36410821052160464
0.35473216147590386
0.42194288583763173
0.6614360973027319
0.37306144146778525
0.3541043550784171
0.6367258450834049
0.5422541795997978
0.5127935991944853
0.6324660631482997
0.4165274055405057
0.49225758371211753
0.4269144097237683
0.6239882358787123
0.47294898720129924
0.4709350348789045
0.7052850036452912
0.4373657744795607
0.3266664017487154
0.7153277911547534
0.6310114444620489
0.35979119620561745
0.38326777946767143
0.6101309483686148
0.5551892597141886
0.5339151611686161
0.42768213286658413
0.44867976505589213
0.30859015855777977
0.6623962245263224
0.4737090252987178
0.3723557543934102
0.6386576240300371
0.6730970648446244
0.622185266481266
0.7018940355797517
0.6996059913443738
0.4007248365382795
0.6651310519645937
0.6759592405627383
0.40523267464445156
0.4181115502991306
0.6620405887708146
0.2929886295013819
0.5758638558792407
0.5653269124197655
0.30258911952194567
0.4225409931835483
0.3504556505851779
0.42059244292845727
0.5429833702246173
0.4496935284818028
0.5498598638222948
0.7150446686323799
0.4764594547841978
0.3682559537997796
0.4721016100815147
0.5852611096891123
0.7307060288736896
0.39216858741101585
0.3777352037888994
0.5462996376401057
0.6326432550162004
0.3037636264551433
0.30837097717212775
0.3843475813294508
0.656863898353379
0.7304978957834924
0.6569627810990738
0.6564479671738627
0.4112962558556495
0.5251014818129135
0.6061627071268617
0.544892893110345
0.33044484101157107
0.3662214394806701
0.6261197021691276
0.6064862052482052
0.5995110169275153
0.7312483703556476
0.4128271019312418
0.5823907611723262
0.645771026677363
0.3346556921926872
0.5652471568315085
0.6906044153991953
0.41639645058123603
0.5429818970990504
0.7293028491704567
0.3624507644146073
0.40582659715768504
0.30360467573406114
0.6808995814169764
0.5102081995145945
0.3338676162106022
0.3112102592051884
0.5257017439081074
0.7144286060995773
0.4283504561615114
0.3515986619339319
0.31477767216987707
0.41695155724756583
0.639569274150469
0.4092220019189869
0.734304415282381
0.6906617410610695
0.7093344276993182
0.665169151329298
0.3417073118627135
0.6592037232818474
0.28981505258923207
0.29230271917337575
0.5070897355706706
0.6342927189999992
0.3635300130700057
0.30064119652881116
0.7261064368604955
0.39072905608487396
0.51392456636497
0.3165220809728455
0.38386993027538113
0.4747841474693584
0.6960907983598551
0.5883785551490749
0.4118868116584142
0.7216303588633419
0.43307692386642227
0.33726065189676746
0.3075962303013689
0.32312163352944684
0.7293256351950828
0.4887619201984967
0.6661791705422864
0.26364179516813296
0.3621740825964643
0.36912716580365734
0.626263252141665
0.5016297045294331
0.6444006113924173
0.5180872267309543
0.40281294748353136
0.35765907431973004
0.6613535274504873
0.7389636518219898
0.3327970114817054
0.3028229839305603
0.4804164169758705
0.4556870141253019
0.592137564637281
0.6808251441671961
0.6789471723765856
0.6682153821123606
0.3070990372113893
0.7231306651312128
0.34716523010917055
0.5348527366162255
0.6365627793494714
0.6714100696616064
0.5273476646099386
0.6643422650874639
0.45671236074515315
0.6266917311744941
0.4078196768847253
0.3944912956296865
0.6411681306913707
0.3896340533144018
0.6181304351680558
0.5744332051015331
0.7124404607266822
0.5679191138975316
0.6915192011169546
0.5220004575710413
0.3850897255349207
0.4663923174904693
0.5808866496491932
0.5318734356558599
0.4176458399675739
0.6189436427905098
0.7151846197718742
0.4152400959966386
0.4253078589724746
0.7229985574560536
0.5932013862823551
0.4042331112031815
0.3609637026120918
0.6505423438432144
0.6869477206614629
0.35783908128791597
0.4749587946433852
0.5858696347686273
0.5695052929891175
0.4594827060056073
0.608699021415041
0.6201160201989014
0.5308990901676436
0.34097485603728805
0.6015947375452612
0.4538137458903088
0.5086199244878081
0.6497807973625769
0.3734029898793575
0.4510826692449141
0.4452645684697735
0.5162937176808057
0.4318596819076859
0.6921336284476449
0.40790058436234805
0.3530546617711116
0.5765652238063993
0.48902839192162767
0.49583258009645587
0.68272573824563
0.3901119041163326
0.33391437466308804
0.6848414162003752
0.419682008984267
0.6376358112182041
0.3101152392863844
0.3405006986873395
0.677619285505973
0.6189997440218514
0.7016064450340729
0.44098322611080815
0.4629862029529754
0.6142069593468437
0.6744696476989777
0.6476205579013643
0.555211614369883
0.3584754468301881
0.41425733769809286
0.538593765242221
0.3917869329533006
0.6430029000360503
0.4028907319223522
0.4428777501685333
0.32110105405602873
0.3227171215853811
0.43719125390227304
0.6940455783190079
0.31544288323866915
0.5016343095532588
0.7265045185257792
0.5879374472839322
0.371683855024615
0.5227820044931535
0.5558294941296308
0.4398374709934131
0.3673895497619925
0.5543447513720713
0.6986872031135718
0.47735730190365805
0.550142616679345
0.4212064632081707
0.6757880539282901
0.40632991721896194
0.7313986584382213
0.5311356842944029
0.6894675509201879
0.4020748667360925
0.6009373064322234
0.5954502969045199
0.33808786673064234
0.43544235387164987
0.5966526096626397
0.41143219600097575
0.5087484186343504
0.6879615467576695
0.5815965445256523
0.5409432730215367
0.6620805227058736
0.6818624411050478
0.6112248903314326
0.6519795549105034
0.4969701586531153
0.5288905365606598
0.4941445233374105
0.43756551561627366
0.32481685830445794
0.6368213050384985
0.36023442400909417
0.5990766029999045
0.6274711652584772
0.6785513658259797
0.6918192552676347
0.3373891092968947
0.40118097978835426
0.4422635362354598
0.44387204426940896
0.392060238623545
0.33622429515355723
0.4851530066439713
0.3057175241942256
0.5368123934134255
0.6517799480552646
0.6180340492946923
0.61488519611951
0.57460002676599
0.5344984915008482
0.6727006960772466
0.2793599168967758
0.7030301633248884
0.3623899056313843
0.5428338549823557
0.36931493690736694
0.5754543041832403
0.6894274249728333
0.5998689352841127
0.5256106818068882
0.48182529926794876
0.5545462105595091
0.6626218481534658
0.7302093069672533
0.33043006527361946
0.5497551089327265
0.36537511401598816
0.42250507257742265
0.3729903719144102
0.39311136943365277
0.295647458999134
0.6985620126654811
0.3318069472025439
0.5799590329988968
0.5296550201425447
0.33196925309621184
0.44670325078602335
0.425548520462403
0.5980559114540964
0.3450196297687416
0.6071847643542511
0.42178285808605204
0.5424369670935585
0.6490470934921049
0.3237199650084003
0.6467391408367372
0.5450232313688727
0.3820876056534226
0.5403023220097128
0.6490716214169855
0.5223342415858371
0.37347213087458575
0.6393678796960178
0.40833528428201427
0.48696660193602237
0.6292201711903819
0.5874351120792536
0.5298804895882219
0.3556230098513227
0.3881541270733088
0.5028531168044661
0.3810907533698436
0.6581227068310562
0.601632868009794
0.5290241496237494
0.4052959159018374
0.5182796621768748
0.7595496334444771
0.3668118320250146
0.3478729702557837
0.5904343572167211
0.6140553448788654
0.6478871073437704
0.44217615228533574
0.4933781345203671
0.30057288274993355
0.33398175732856217
0.7170145943057882
0.3867050425485569
0.34420397824516574
0.45270805477369197
0.6440939599744316
0.47328198843063
0.676737621495526
0.6846030722637136
0.27651281994610144
