313288_313368
1.358024691358024616e-01
9.876543209876542662e-02
2.345679012345678882e-01
9.938271604938271331e-01
3.209876543209876365e-01
9.753086419753086433e-01
1.543209876543209791e-01
3.765432098765432167e-01
7.469135802469135665e-01
8.333333333333333703e-01
9.567901234567901536e-01
7.530864197530864335e-01
2.037037037037036924e-01
8.086419753086420137e-01
7.839506172839506570e-01
3.950617283950617065e-01
3.086419753086419582e-01
8.950617283950617065e-01
3.888888888888888951e-01
3.703703703703703498e-02
3.456790123456789932e-01
1.234567901234567833e-02
2.469135802469135665e-02
6.111111111111111605e-01
7.407407407407406996e-01
9.567901234567901536e-01
4.753086419753086433e-01
3.209876543209876365e-01
3.765432098765432167e-01
2.469135802469135665e-02
5.061728395061728669e-01
7.037037037037037202e-01
9.259259259259259300e-01
3.518518518518518601e-01
8.641975308641974829e-01
1.851851851851851749e-01
7.962962962962962798e-01
9.753086419753086433e-01
8.148148148148147696e-01
9.135802469135801962e-01
7.283950617283950768e-01
8.703703703703703498e-01
6.296296296296296502e-01
7.777777777777777901e-01
2.901234567901234684e-01
9.938271604938271331e-01
8.024691358024690913e-02
7.777777777777777901e-01
1.543209876543209791e-01
4.938271604938271331e-01
9.629629629629629095e-01
5.246913580246913567e-01
5.802469135802469369e-01
7.407407407407406996e-01
9.135802469135801962e-01
2.592592592592592449e-01
8.888888888888888395e-01
2.222222222222222099e-01
6.481481481481481399e-01
1.913580246913580141e-01
9.506172839506172867e-01
1.419753086419753008e-01
5.308641975308642236e-01
4.259259259259259300e-01
7.716049382716049232e-01
5.061728395061728669e-01
3.765432098765432167e-01
6.543209876543210068e-01
4.506172839506172867e-01
8.580246913580247270e-01
8.456790123456789932e-01
1.790123456790123357e-01
8.950617283950617065e-01
7.592592592592593004e-01
7.901234567901234129e-01
9.259259259259258745e-02
7.469135802469135665e-01
3.950617283950617065e-01
9.629629629629629095e-01
1.543209876543209791e-01
2.469135802469135665e-01
7.530864197530864335e-01
3.641975308641975384e-01
9.197530864197530631e-01
9.567901234567901536e-01
4.259259259259259300e-01
6.975308641975308532e-01
6.543209876543210068e-01
8.271604938271605034e-01
9.320987654320987970e-01
5.000000000000000000e-01
2.469135802469135665e-01
3.333333333333333148e-01
9.259259259259258745e-02
6.481481481481481399e-01
1.234567901234567833e-01
4.135802469135802517e-01
2.530864197530864335e-01
8.333333333333333703e-01
6.172839506172839164e-01
1.111111111111111049e-01
6.481481481481481399e-01
2.592592592592592449e-01
7.654320987654320563e-01
6.790123456790123080e-02
7.592592592592593004e-01
7.345679012345679437e-01
5.432098765432098464e-01
9.567901234567901536e-01
8.518518518518518601e-01
8.209876543209876365e-01
6.975308641975308532e-01
3.827160493827160281e-01
1.913580246913580141e-01
1.851851851851851749e-02
3.271604938271605034e-01
8.148148148148147696e-01
2.962962962962962798e-01
9.320987654320987970e-01
1.049382716049382658e-01
1.172839506172839441e-01
5.740740740740740700e-01
9.320987654320987970e-01
4.629629629629629650e-01
6.049382716049382935e-01
8.827160493827160836e-01
6.172839506172839164e-02
2.530864197530864335e-01
7.777777777777777901e-01
4.259259259259259300e-01
9.567901234567901536e-01
4.197530864197530631e-01
3.703703703703703498e-01
9.197530864197530631e-01
3.703703703703703498e-02
5.555555555555555802e-01
7.716049382716049232e-01
8.641975308641974829e-01
7.407407407407406996e-01
1.975308641975308532e-01
4.135802469135802517e-01
8.333333333333333703e-01
1.000000000000000000e+00
3.641975308641975384e-01
8.024691358024690913e-02
9.074074074074074403e-01
5.185185185185184897e-01
2.469135802469135665e-02
1.172839506172839441e-01
1.975308641975308532e-01
7.222222222222222099e-01
4.197530864197530631e-01
7.901234567901234129e-01
3.703703703703703498e-02
2.098765432098765316e-01
3.086419753086419582e-01
9.938271604938271331e-01
8.703703703703703498e-01
6.604938271604938738e-01
6.172839506172839164e-01
7.469135802469135665e-01
9.135802469135801962e-01
4.074074074074073848e-01
1.049382716049382658e-01
3.086419753086419582e-02
1.604938271604938183e-01
9.259259259259258745e-02
9.691358024691357764e-01
3.086419753086419582e-02
4.444444444444444198e-01
8.086419753086420137e-01
7.037037037037037202e-01
4.444444444444444198e-01
4.814814814814814548e-01
4.567901234567900981e-01
8.271604938271605034e-01
7.839506172839506570e-01
5.555555555555555247e-02
9.135802469135801962e-01
4.320987654320987414e-02
5.123456790123457338e-01
1.604938271604938183e-01
8.888888888888888395e-01
4.506172839506172867e-01
1.913580246913580141e-01
4.382716049382716084e-01
2.283950617283950490e-01
1.419753086419753008e-01
2.530864197530864335e-01
7.407407407407406996e-02
9.074074074074074403e-01
9.753086419753086433e-01
8.024691358024690913e-02
1.296296296296296224e-01
3.456790123456789932e-01
7.901234567901234129e-01
4.320987654320987414e-02
9.938271604938271331e-01
3.703703703703703498e-01
2.469135802469135665e-02
2.345679012345678882e-01
8.518518518518518601e-01
9.691358024691357764e-01
7.222222222222222099e-01
1.913580246913580141e-01
1.234567901234567833e-02
7.469135802469135665e-01
9.691358024691357764e-01
7.654320987654320563e-01
4.876543209876543217e-01
1.790123456790123357e-01
1.296296296296296224e-01
1.234567901234567833e-01
6.790123456790123080e-02
6.790123456790123080e-02
1.543209876543209791e-01
9.320987654320987970e-01
9.506172839506172867e-01
6.172839506172839164e-02
7.407407407407406996e-02
9.691358024691357764e-01
9.691358024691357764e-01
3.086419753086419582e-01
1.851851851851851749e-01
2.716049382716049232e-01
3.271604938271605034e-01
3.703703703703703498e-02
4.938271604938271331e-02
5.370370370370370905e-01
9.814814814814815103e-01
3.827160493827160281e-01
6.790123456790123080e-02
8.641975308641974829e-01
2.592592592592592449e-01
8.024691358024691468e-01
8.518518518518518601e-01
1.913580246913580141e-01
4.444444444444444198e-01
5.185185185185184897e-01
9.814814814814815103e-01
4.691358024691357764e-01
1.296296296296296224e-01
9.074074074074074403e-01
6.358024691358025171e-01
3.703703703703703498e-02
6.172839506172839164e-01
8.765432098765432167e-01
1.851851851851851749e-01
3.888888888888888951e-01
6.913580246913579863e-01
6.975308641975308532e-01
7.530864197530864335e-01
1.296296296296296224e-01
3.209876543209876365e-01
1.728395061728394966e-01
9.012345679012345734e-01
1.851851851851851749e-01
7.407407407407406996e-02
9.691358024691357764e-01
9.567901234567901536e-01
9.382716049382715529e-01
8.827160493827160836e-01
8.271604938271605034e-01
1.790123456790123357e-01
7.469135802469135665e-01
9.938271604938271331e-01
1.111111111111111049e-01
1.172839506172839441e-01
9.135802469135801962e-01
3.086419753086419582e-02
7.222222222222222099e-01
5.740740740740740700e-01
5.555555555555555247e-02
1.358024691358024616e-01
2.098765432098765316e-01
2.098765432098765316e-01
8.518518518518518601e-01
2.839506172839506015e-01
5.925925925925925597e-01
9.382716049382715529e-01
6.543209876543210068e-01
1.975308641975308532e-01
2.283950617283950490e-01
9.012345679012345734e-01
9.135802469135801962e-01
3.518518518518518601e-01
4.938271604938271331e-02
8.024691358024691468e-01
6.728395061728394966e-01
2.037037037037036924e-01
1.111111111111111049e-01
3.703703703703703498e-02
9.320987654320987970e-01
7.716049382716049232e-01
9.444444444444444198e-01
7.160493827160493430e-01
1.296296296296296224e-01
4.876543209876543217e-01
8.456790123456789932e-01
2.839506172839506015e-01
6.172839506172839164e-02
1.358024691358024616e-01
9.135802469135801962e-01
7.962962962962962798e-01
3.703703703703703498e-01
9.567901234567901536e-01
3.888888888888888951e-01
5.432098765432098464e-01
5.370370370370370905e-01
1.358024691358024616e-01
5.679012345679012030e-01
7.592592592592593004e-01
2.716049382716049232e-01
6.049382716049382935e-01
7.901234567901234129e-01
5.123456790123457338e-01
2.839506172839506015e-01
3.703703703703703498e-02
9.382716049382715529e-01
4.444444444444444198e-01
4.320987654320987414e-02
2.222222222222222099e-01
5.432098765432098464e-01
8.456790123456789932e-01
6.172839506172839164e-02
8.024691358024690913e-02
1.296296296296296224e-01
3.765432098765432167e-01
6.234567901234567833e-01
1.234567901234567833e-01
9.691358024691357764e-01
9.012345679012345734e-01
9.753086419753086433e-01
8.518518518518518601e-01
2.469135802469135665e-02
8.950617283950617065e-01
9.876543209876542662e-02
3.703703703703703498e-02
3.703703703703703498e-01
9.444444444444444198e-01
1.975308641975308532e-01
0.000000000000000000e+00
9.629629629629629095e-01
6.790123456790123080e-02
5.370370370370370905e-01
2.839506172839506015e-01
2.469135802469135665e-02
4.814814814814814548e-01
1.000000000000000000e+00
7.407407407407406996e-01
2.469135802469135665e-01
9.444444444444444198e-01
9.259259259259258745e-02
1.234567901234567833e-01
1.481481481481481399e-01
1.728395061728394966e-01
9.444444444444444198e-01
3.580246913580246715e-01
7.469135802469135665e-01
3.086419753086419582e-02
1.234567901234567833e-01
6.172839506172839164e-03
7.345679012345679437e-01
6.049382716049382935e-01
6.111111111111111605e-01
4.259259259259259300e-01
2.222222222222222099e-01
4.320987654320987414e-01
6.728395061728394966e-01
7.592592592592593004e-01
2.283950617283950490e-01
9.876543209876542662e-02
4.074074074074073848e-01
2.098765432098765316e-01
9.444444444444444198e-01
7.592592592592593004e-01
8.827160493827160836e-01
8.209876543209876365e-01
2.037037037037036924e-01
9.567901234567901536e-01
1.481481481481481399e-01
6.543209876543210068e-01
8.641975308641974829e-01
9.938271604938271331e-01
6.358024691358025171e-01
8.395061728395061262e-01
2.901234567901234684e-01
6.728395061728394966e-01
8.641975308641974829e-02
1.790123456790123357e-01
8.703703703703703498e-01
8.641975308641974829e-02
9.135802469135801962e-01
7.407407407407406996e-01
9.506172839506172867e-01
8.148148148148147696e-01
9.506172839506172867e-01
4.074074074074073848e-01
1.419753086419753008e-01
3.209876543209876365e-01
6.728395061728394966e-01
3.765432098765432167e-01
3.024691358024691468e-01
9.197530864197530631e-01
9.074074074074074403e-01
1.604938271604938183e-01
1.234567901234567833e-01
1.000000000000000000e+00
7.962962962962962798e-01
3.271604938271605034e-01
5.000000000000000000e-01
7.901234567901234129e-01
8.641975308641974829e-01
1.913580246913580141e-01
3.518518518518518601e-01
8.765432098765432167e-01
8.827160493827160836e-01
5.493827160493827133e-01
9.135802469135801962e-01
8.703703703703703498e-01
5.370370370370370905e-01
2.222222222222222099e-01
8.024691358024691468e-01
3.395061728395061817e-01
5.925925925925925597e-01
8.086419753086420137e-01
2.037037037037036924e-01
3.765432098765432167e-01
3.641975308641975384e-01
4.074074074074073848e-01
2.407407407407407274e-01
7.777777777777777901e-01
3.271604938271605034e-01
9.259259259259258745e-02
8.333333333333333703e-01
7.345679012345679437e-01
7.962962962962962798e-01
9.444444444444444198e-01
1.358024691358024616e-01
2.592592592592592449e-01
8.641975308641974829e-01
3.333333333333333148e-01
9.259259259259259300e-01
1.049382716049382658e-01
1.111111111111111049e-01
8.209876543209876365e-01
7.283950617283950768e-01
8.333333333333333703e-01
5.740740740740740700e-01
4.938271604938271331e-01
7.283950617283950768e-01
6.666666666666666297e-01
9.382716049382715529e-01
7.160493827160493430e-01
3.580246913580246715e-01
3.086419753086419582e-02
7.654320987654320563e-01
1.728395061728394966e-01
7.901234567901234129e-01
2.222222222222222099e-01
5.000000000000000000e-01
4.938271604938271331e-02
1.666666666666666574e-01
1.543209876543209791e-01
8.086419753086420137e-01
1.604938271604938183e-01
4.753086419753086433e-01
9.197530864197530631e-01
8.518518518518518601e-01
1.296296296296296224e-01
7.962962962962962798e-01
7.283950617283950768e-01
3.765432098765432167e-01
2.901234567901234684e-01
6.604938271604938738e-01
8.518518518518518601e-01
5.493827160493827133e-01
6.419753086419752730e-01
2.777777777777777901e-01
9.938271604938271331e-01
3.518518518518518601e-01
9.629629629629629095e-01
4.753086419753086433e-01
1.000000000000000000e+00
1.975308641975308532e-01
5.308641975308642236e-01
9.259259259259259300e-01
2.037037037037036924e-01
8.641975308641974829e-02
5.987654320987654266e-01
1.975308641975308532e-01
3.765432098765432167e-01
9.382716049382715529e-01
5.432098765432098464e-01
7.777777777777777901e-01
8.518518518518518601e-01
9.012345679012345734e-01
9.938271604938271331e-01
9.197530864197530631e-01
3.148148148148148251e-01
2.345679012345678882e-01
4.259259259259259300e-01
9.876543209876542662e-02
1.049382716049382658e-01
7.901234567901234129e-01
3.950617283950617065e-01
8.518518518518518601e-01
7.654320987654320563e-01
9.691358024691357764e-01
9.197530864197530631e-01
9.259259259259258745e-02
2.345679012345678882e-01
4.444444444444444198e-01
5.370370370370370905e-01
2.160493827160493707e-01
4.938271604938271331e-02
6.358024691358025171e-01
5.555555555555555247e-02
5.123456790123457338e-01
8.888888888888888395e-01
9.135802469135801962e-01
8.148148148148147696e-01
8.086419753086420137e-01
4.382716049382716084e-01
9.259259259259259300e-01
1.049382716049382658e-01
9.753086419753086433e-01
3.580246913580246715e-01
7.098765432098765871e-01
2.222222222222222099e-01
7.839506172839506570e-01
8.765432098765432167e-01
6.419753086419752730e-01
5.555555555555555802e-01
7.592592592592593004e-01
3.456790123456789932e-01
8.827160493827160836e-01
9.814814814814815103e-01
3.209876543209876365e-01
5.617283950617284471e-01
4.320987654320987414e-02
1.172839506172839441e-01
3.333333333333333148e-01
4.320987654320987414e-02
4.074074074074073848e-01
8.518518518518518601e-01
2.469135802469135665e-02
8.209876543209876365e-01
6.419753086419752730e-01
1.604938271604938183e-01
5.925925925925925597e-01
3.148148148148148251e-01
9.259259259259259300e-01
2.345679012345678882e-01
7.469135802469135665e-01
9.876543209876542662e-02
6.358024691358025171e-01
9.382716049382715529e-01
2.407407407407407274e-01
9.320987654320987970e-01
8.395061728395061262e-01
1.296296296296296224e-01
4.012345679012345734e-01
8.271604938271605034e-01
5.370370370370370905e-01
1.419753086419753008e-01
9.197530864197530631e-01
2.222222222222222099e-01
4.629629629629629650e-01
9.197530864197530631e-01
7.530864197530864335e-01
7.407407407407406996e-01
1.481481481481481399e-01
1.975308641975308532e-01
6.913580246913579863e-01
1.604938271604938183e-01
8.641975308641974829e-01
7.098765432098765871e-01
6.543209876543210068e-01
8.641975308641974829e-02
1.296296296296296224e-01
6.604938271604938738e-01
2.037037037037036924e-01
7.407407407407406996e-02
3.703703703703703498e-01
7.530864197530864335e-01
4.259259259259259300e-01
4.259259259259259300e-01
2.901234567901234684e-01
9.876543209876542662e-02
1.049382716049382658e-01
8.827160493827160836e-01
2.592592592592592449e-01
1.172839506172839441e-01
4.938271604938271331e-01
8.950617283950617065e-01
2.839506172839506015e-01
5.617283950617284471e-01
9.506172839506172867e-01
1.172839506172839441e-01
