313288_313368
0.20198442041873932
0.20284533500671387
0.19923639297485352
0.7970088720321655
0.8111844658851624
0.8001784086227417
0.8040840029716492
0.4274212121963501
0.8097988963127136
0.20954138040542603
0.19666358828544617
0.20897176861763
0.7994309067726135
0.19325152039527893
0.1943214237689972
0.1907266080379486
0.1941451132297516
0.7919570803642273
0.1904979944229126
0.8056655526161194
0.20425494015216827
0.8007745146751404
0.1940552145242691
0.8032033443450928
0.20042337477207184
0.19935902953147888
0.8009976744651794
0.19481110572814941
0.7987379431724548
0.19879885017871857
0.19838933646678925
0.8094882965087891
0.6772140264511108
0.4637172520160675
0.8063799738883972
0.20727020502090454
0.19975563883781433
0.20716847479343414
0.19892090559005737
0.40835437178611755
0.8046835064888
0.804160475730896
0.809064507484436
0.7990133762359619
0.1959610879421234
0.19825021922588348
0.810949981212616
0.1993681788444519
0.20287668704986572
0.1933394819498062
0.19652990996837616
0.20430266857147217
0.7260246276855469
0.2156750112771988
0.20052459836006165
0.8032742738723755
0.7955210208892822
0.21059198677539825
0.706601083278656
0.804573655128479
0.19952784478664398
0.7980751395225525
0.19625751674175262
0.20352785289287567
0.20045848190784454
0.20633667707443237
0.19700969755649567
0.8002604246139526
0.19126001000404358
0.8122684955596924
0.19839172065258026
0.795099675655365
0.19482016563415527
0.19673548638820648
0.8049399852752686
0.19645699858665466
0.19277489185333252
0.1954803317785263
0.5269025564193726
0.20130349695682526
0.20660249888896942
0.19930614531040192
0.7995096445083618
0.19935300946235657
0.3108285069465637
0.2002621591091156
0.7980049848556519
0.1944291591644287
0.18997050821781158
0.1960858255624771
0.18817473948001862
0.19531039893627167
0.1932520568370819
0.7981035709381104
0.19741010665893555
0.8052287101745605
0.19341425597667694
0.7936657071113586
0.19360123574733734
0.19527475535869598
0.20763330161571503
0.20233111083507538
0.7961360812187195
0.3223598301410675
0.794712245464325
0.19347761571407318
0.19080987572669983
0.19170403480529785
0.2012755274772644
0.7920114994049072
0.20565734803676605
0.20389582216739655
0.19582782685756683
0.19828784465789795
0.8024488091468811
0.802230954170227
0.399585485458374
0.19757547974586487
0.8037529587745667
0.7969170212745667
0.2081436961889267
0.7960780262947083
0.1998654454946518
0.2114517241716385
0.7925300598144531
0.18927055597305298
0.20891113579273224
0.7956759929656982
0.19891560077667236
0.1945991814136505
0.20120684802532196
0.1863226592540741
0.19957147538661957
0.7918180227279663
0.8063544631004333
0.1910398304462433
0.19744661450386047
0.20256100594997406
0.8058058023452759
0.8049969673156738
0.20078609883785248
0.19496957957744598
0.19697719812393188
0.7878168821334839
0.1910848766565323
0.35498303174972534
0.7853390574455261
0.20240701735019684
0.19023248553276062
0.20751234889030457
0.1973777711391449
0.1951909065246582
0.19683746993541718
0.18870146572589874
0.1973307728767395
0.5124606490135193
0.8118626475334167
0.19242213666439056
0.19304144382476807
0.3769341707229614
0.19800062477588654
0.8080984354019165
0.8037071824073792
0.7988519668579102
0.8109403848648071
0.19172874093055725
0.7974643111228943
0.8030704855918884
0.19731678068637848
0.20585671067237854
0.7992698550224304
0.7927526235580444
0.7879570126533508
0.20625796914100647
0.8016067147254944
0.8035312294960022
0.1951223909854889
0.8032327890396118
0.1953774392604828
0.19778944551944733
0.8007071018218994
0.801578938961029
0.8060012459754944
0.1969473510980606
0.18992206454277039
0.19328203797340393
0.19570085406303406
0.8036832809448242
0.7991594076156616
0.7976839542388916
0.2049725353717804
0.8054749965667725
0.8014448285102844
0.20365853607654572
0.19970645010471344
0.2073017656803131
0.19714324176311493
0.1930008977651596
0.19357767701148987
0.7956351041793823
0.19510431587696075
0.7990903258323669
0.8027166128158569
0.8053372502326965
0.18649843335151672
0.19369690120220184
0.7950859665870667
0.19941724836826324
0.198851078748703
0.19888153672218323
0.7979168891906738
0.19465729594230652
0.18896152079105377
0.8030581474304199
0.1963624805212021
0.20542646944522858
0.7844803333282471
0.7990028858184814
0.7948590517044067
0.7972637414932251
0.20612311363220215
0.20181553065776825
0.8053154349327087
0.18967241048812866
0.2002813220024109
0.22979623079299927
0.8112474679946899
0.789085865020752
0.19459670782089233
0.8052037954330444
0.8076255321502686
0.7935083508491516
0.19933483004570007
0.8063698410987854
0.1871868520975113
0.3252430260181427
0.8034464716911316
0.7983265519142151
0.8025175929069519
0.18905679881572723
0.8044376969337463
0.8017328977584839
0.1889127492904663
0.1842038482427597
0.19373245537281036
0.8036811351776123
0.7977840900421143
0.21606165170669556
0.2022281438112259
0.22035296261310577
0.20606397092342377
0.7966439127922058
0.20079118013381958
0.19730345904827118
0.19497907161712646
0.1921924501657486
0.36914581060409546
0.19783957302570343
0.7978768944740295
0.8034734129905701
0.7898279428482056
0.19473202526569366
0.6900612115859985
0.19288089871406555
0.8011861443519592
0.8092349171638489
0.7939243912696838
0.8028627038002014
0.19302847981452942
0.19956277310848236
0.20052821934223175
0.8049463033676147
0.7971878051757812
0.8026911616325378
0.8105473518371582
0.8041885495185852
0.7969304323196411
0.7966615557670593
0.8011249303817749
0.2024308443069458
0.20536242425441742
0.7981230616569519
0.20253519713878632
0.7875467538833618
0.8102425336837769
0.7996900677680969
0.6122461557388306
0.8015139698982239
0.7993882298469543
0.1852637082338333
0.7992097735404968
0.7997204065322876
0.8045856952667236
0.8008089065551758
0.2055145651102066
0.7980198860168457
0.19233304262161255
0.20069263875484467
0.8052436113357544
0.3718748688697815
0.8052352070808411
0.19176290929317474
0.7968366146087646
0.8079935312271118
0.8119472861289978
0.1980353444814682
0.8102393746376038
0.19778865575790405
0.8145400881767273
0.8071966767311096
0.18531008064746857
0.8015373349189758
0.8014422655105591
0.8041437864303589
0.801058292388916
0.8038979172706604
0.8027222156524658
0.19337604939937592
0.7964818477630615
0.803573489189148
0.19107693433761597
0.19891829788684845
0.19674032926559448
0.8057189583778381
0.7724906206130981
0.811156153678894
0.19875632226467133
0.7863970398902893
0.19109541177749634
0.19928771257400513
0.7985493540763855
0.8051307201385498
0.19653363525867462
0.694450318813324
0.20092256367206573
0.8007751107215881
0.7997168302536011
0.7949670553207397
0.7956122756004333
0.816095232963562
0.7973925471305847
0.7972213625907898
0.20492474734783173
0.8000921010971069
0.1975386142730713
0.20198947191238403
0.7888359427452087
0.3441718518733978
0.8020017147064209
0.5819233059883118
0.8078975677490234
0.7839085459709167
0.20434796810150146
0.21002568304538727
0.1986071765422821
0.19507341086864471
0.6390753984451294
0.7238523364067078
0.1934177726507187
0.1977645456790924
0.7935920357704163
0.21382933855056763
0.19418802857398987
0.19379828870296478
0.19615855813026428
0.1998940408229828
0.2011425793170929
0.7969921231269836
0.20424798130989075
0.8029982447624207
0.7965927720069885
0.20344047248363495
0.19792340695858002
0.8054983019828796
0.7939534187316895
0.2076813280582428
0.801959753036499
0.5436405539512634
0.8082982897758484
0.791681706905365
0.20483164489269257
0.7960114479064941
0.21142026782035828
0.20571596920490265
0.19678083062171936
0.7982276082038879
0.19386397302150726
0.8026995062828064
0.8092424869537354
0.18935544788837433
0.7955752015113831
0.8013713359832764
0.7928955554962158
0.8047044277191162
0.8027070760726929
0.8045296669006348
0.19998857378959656
0.7924626469612122
0.7970601916313171
0.8073728084564209
0.7913035154342651
0.20414520800113678
0.784773051738739
0.19771906733512878
0.20792633295059204
0.19404567778110504
0.20825184881687164
0.7975311279296875
0.41538792848587036
0.7974581718444824
0.7938959002494812
0.7994897365570068
0.6255092620849609
0.8018611669540405
0.2037108838558197
0.798852801322937
0.7949724793434143
0.19698773324489594
0.18900415301322937
0.8190188407897949
0.20116792619228363
0.7967095375061035
0.8080234527587891
0.1910976767539978
0.18928596377372742
0.19916988909244537
0.18534381687641144
0.7961335778236389
0.8089724779129028
0.2041744440793991
0.19819840788841248
0.19670970737934113
0.18262137472629547
0.19768889248371124
0.8009672164916992
0.19344650208950043
0.19469937682151794
0.8029685616493225
0.799652636051178
0.1907375454902649
0.8041025996208191
0.7970530390739441
0.1980653554201126
0.20474958419799805
0.8046773076057434
0.20196151733398438
0.8038568496704102
0.4180327355861664
0.19685660302639008
0.8025867938995361
0.8058516383171082
0.801006019115448
0.8058794140815735
0.197509765625
0.18839138746261597
0.19756710529327393
0.7998630404472351
0.7991281151771545
0.19337202608585358
0.1933770477771759
0.7948551774024963
0.19283482432365417
0.7883902192115784
0.20149867236614227
0.8054997324943542
0.8085488080978394
0.19267214834690094
0.7918883562088013
0.8152279853820801
0.8046390414237976
0.19532188773155212
0.8038288950920105
0.2118893712759018
0.18920311331748962
0.7995197176933289
0.19630955159664154
0.19825787842273712
0.8024659156799316
0.1990813910961151
0.1983172595500946
0.20558130741119385
0.18475188314914703
0.19538922607898712
0.7916374802589417
0.19305868446826935
0.7985618114471436
0.20032334327697754
0.7985882759094238
0.7915002703666687
0.19438715279102325
0.1948045790195465
0.7986782789230347
0.19821064174175262
0.8030837774276733
0.3652718663215637
0.2227686196565628
0.8044424653053284
0.7931178212165833
0.19601158797740936
0.19070155918598175
0.2008311003446579
0.8039411306381226
0.20246343314647675
0.2071530967950821
0.8051007390022278
0.2063443511724472
0.19560086727142334
0.19916261732578278
0.1952582597732544
0.8023866415023804
0.7959320545196533
0.19177699089050293
0.6816927790641785
0.6837117075920105
0.7984300851821899
0.19955606758594513
0.8025067448616028
0.20525264739990234
0.19481126964092255
0.19497311115264893
0.8019065856933594
0.8060227632522583
0.796836256980896
0.19674403965473175
0.20658475160598755
0.19458867609500885
0.20821301639080048
0.2020898312330246
0.8078930974006653
0.8153499960899353
0.8057548999786377
0.19790814816951752
0.7974210977554321
0.19974356889724731
0.20511189103126526
0.1882205754518509
0.19429807364940643
0.18968181312084198
0.1974082738161087
0.19801372289657593
0.8027902245521545
0.19654986262321472
0.20614147186279297
0.20124761760234833
0.19699977338314056
0.7964906096458435
0.19556045532226562
0.8067137598991394
0.20038571953773499
0.5834093689918518
0.19969385862350464
0.7979611754417419
0.19958248734474182
0.8062542080879211
0.1888657808303833
0.19795170426368713
0.19650211930274963
0.8120644092559814
0.19714966416358948
0.8030558228492737
0.20533499121665955
0.8104922771453857
0.19327042996883392
0.202668234705925
0.7972592115402222
0.19562262296676636
0.7978031635284424
0.796296238899231
0.19028261303901672
0.1909184753894806
0.528713047504425
0.1894862800836563
0.1899404376745224
0.7730962634086609
0.19635406136512756
0.8089012503623962
0.5933313369750977
0.2001260370016098
0.791477620601654
0.20508134365081787
0.2032919079065323
0.8001725077629089
0.8101275563240051
0.7967713475227356
0.1923701912164688
0.8043707609176636
0.7808142900466919
0.802467405796051
0.19605489075183868
0.1918133944272995
0.1947137415409088
0.1989324986934662
0.20610137283802032
0.19627532362937927
0.8026977181434631
0.19381467998027802
0.7950282096862793
0.8011045455932617
0.1910894513130188
0.7980260252952576
0.7955294847488403
0.7783078551292419
0.8055030107498169
0.8088371157646179
0.799712598323822
0.1980242282152176
0.19325052201747894
0.7094568014144897
0.8059191703796387
0.1998208612203598
0.19880683720111847
0.19399763643741608
0.19996227324008942
0.7938076257705688
0.8032257556915283
0.21074384450912476
0.6297775506973267
0.20116204023361206
0.8024839758872986
0.1982065588235855
0.18438152968883514
0.19095060229301453
0.20270144939422607
0.19412581622600555
0.20521730184555054
0.7938347458839417
0.8135095834732056
0.8042359352111816
0.8008080124855042
0.19019265472888947
0.8027365207672119
0.7968383431434631
0.791899561882019
0.20144669711589813
0.2021922767162323
0.8038064241409302
0.19195033609867096
0.19990910589694977
0.20009885728359222
0.7975793480873108
0.21377603709697723
0.8069790601730347
0.19312873482704163
0.8073251247406006
0.19458244740962982
0.8048691153526306
0.8090847730636597
0.8023145794868469
0.19126345217227936
0.7912957668304443
0.8044907450675964
0.7997369766235352
0.7977144718170166
0.7963188886642456
0.8045338988304138
0.8071063756942749
0.8046900629997253
0.8040753602981567
0.7861663699150085
0.19282466173171997
0.7988414168357849
0.8111503720283508
0.19758611917495728
0.2013169825077057
0.4308764338493347
0.19818788766860962
0.7937253713607788
0.7928674817085266
0.19382786750793457
0.20173586905002594
0.1924012303352356
0.36933282017707825
0.1946728378534317
0.8005813360214233
0.19890308380126953
0.8019080758094788
0.19382165372371674
0.7982147336006165
0.8030609488487244
0.7988951206207275
0.19776804745197296
0.1962624192237854
0.7997584342956543
0.795420229434967
0.8099961280822754
0.20455293357372284
0.7937838435173035
0.19947676360607147
0.7925124764442444
0.2060900777578354
0.1973017007112503
0.1998964250087738
0.7915850877761841
0.2007586508989334
0.20615999400615692
0.21784117817878723
0.19620093703269958
0.7975727915763855
0.7985689043998718
0.30158108472824097
0.20042769610881805
0.8073924779891968
0.20102471113204956
0.8066264390945435
0.19461001455783844
0.20435866713523865
0.8054051399230957
0.8056137561798096
0.8032829761505127
0.8039448261260986
0.8029927611351013
0.7806571125984192
0.19321288168430328
0.7953050136566162
0.20737285912036896
0.8001927733421326
0.806235134601593
0.20220905542373657
0.7994499802589417
0.8074769377708435
0.7912299036979675
0.7996237874031067
0.7977113723754883
0.19496771693229675
0.2050219178199768
0.79270339012146
0.19995149970054626
0.795624852180481
0.8002269864082336
0.7962139248847961
0.8038972616195679
0.20071691274642944
0.5577018857002258
0.42141756415367126
0.19863459467887878
0.8076777458190918
0.8022816181182861
0.18939894437789917
0.799498975276947
0.8046486973762512
0.799266517162323
0.8019078373908997
0.19551295042037964
0.8103698492050171
0.794953465461731
0.8006761074066162
0.7940094470977783
0.8019372224807739
0.8013894557952881
0.19397306442260742
0.8011947274208069
0.19474327564239502
0.8010022640228271
0.8084565997123718
0.19658170640468597
0.8093274235725403
0.19587883353233337
0.797355055809021
0.8097607493400574
0.20780235528945923
0.19224102795124054
0.1962573379278183
0.20451608300209045
0.197706937789917
0.29975879192352295
0.1955626755952835
0.19187836349010468
0.8019322156906128
0.8017125129699707
0.19527100026607513
0.19926157593727112
0.5971439480781555
0.20200686156749725
0.7919536232948303
0.7793572545051575
0.7820163369178772
0.2001306563615799
0.8045764565467834
0.8117238283157349
0.7956944704055786
0.1859576404094696
0.7880915999412537
0.8128597140312195
0.19443276524543762
0.1876326948404312
0.1980905532836914
0.797777533531189
0.8029021620750427
0.20569126307964325
0.8050462007522583
0.8197739720344543
0.19593320786952972
0.8056363463401794
0.19392749667167664
0.20807711780071259
0.19137127697467804
0.20042754709720612
0.2022681087255478
0.802560031414032
0.8116784691810608
0.8035856485366821
0.8073189854621887
0.7899570465087891
0.7936772108078003
0.2062794715166092
0.7980469465255737
0.19777271151542664
0.21685120463371277
0.7970520257949829
0.8021347522735596
0.4168790876865387
0.806124746799469
0.18821237981319427
0.7918153405189514
0.797770619392395
0.7988113760948181
0.40155932307243347
0.8065506815910339
0.18948987126350403
0.815670371055603
0.1937178522348404
0.7989128828048706
0.20076817274093628
0.18986067175865173
0.8034672737121582
0.8022220134735107
0.19535043835639954
0.8042321801185608
0.2062765508890152
0.20351165533065796
0.8036089539527893
0.8083463311195374
0.7960920929908752
0.7921894192695618
0.7969878315925598
0.7989118099212646
0.805377185344696
0.198897123336792
0.8027277588844299
0.7935764193534851
0.36383283138275146
0.8022828698158264
0.795695960521698
0.8002766966819763
0.8059701323509216
0.7977045178413391
0.1926863044500351
0.8002193570137024
0.19406381249427795
0.19191433489322662
0.7985468506813049
0.8037813901901245
0.19468934834003448
0.20431801676750183
0.19993005692958832
0.7967012524604797
0.22190935909748077
0.8071081042289734
0.7231722474098206
0.7907456755638123
0.6070005893707275
0.19898822903633118
0.800393283367157
0.8053919076919556
0.807739794254303
0.8042614459991455
0.19740423560142517
0.7972467541694641
0.20329350233078003
0.20088255405426025
0.8088812232017517
0.7939136624336243
0.8089939951896667
0.19334761798381805
0.7969034910202026
0.20855826139450073
0.8017725944519043
0.19759097695350647
0.8018853068351746
0.7841812968254089
0.7963517308235168
0.2000744342803955
0.19347579777240753
0.1917707771062851
0.19166754186153412
0.19357715547084808
0.7937008738517761
0.20262672007083893
0.8118036389350891
0.7973519563674927
0.19421744346618652
0.8031710386276245
0.20416687428951263
0.789145827293396
0.19385366141796112
0.8033226728439331
0.20497582852840424
0.7988759875297546
0.8019347190856934
0.19458311796188354
0.804490864276886
0.7977185249328613
0.7974228858947754
0.2025212049484253
0.7936925292015076
0.19421008229255676
0.1966431885957718
0.797888994216919
0.8035147786140442
0.8002015352249146
0.801265299320221
0.800342857837677
0.19991542398929596
0.19037538766860962
0.1996701955795288
0.198118656873703
0.3375707268714905
0.804058313369751
0.388949453830719
0.7878550291061401
0.1887243688106537
0.7911151051521301
0.7922561168670654
0.20099744200706482
0.806765615940094
0.7970874905586243
0.19222380220890045
0.19712094962596893
0.19671323895454407
0.796946108341217
0.20985332131385803
0.20193780958652496
0.19295793771743774
0.19597560167312622
0.19492827355861664
0.7927071452140808
0.798835039138794
0.1972499042749405
0.8048691749572754
0.7994741797447205
0.8092422485351562
0.19421729445457458
0.797878086566925
0.7959662675857544
0.7979446053504944
0.798571765422821
0.7982916235923767
0.8004314303398132
0.8077328205108643
0.8063151240348816
0.7977191209793091
0.8040558099746704
0.579091489315033
0.8037461042404175
0.7943136692047119
0.19907903671264648
0.661238431930542
0.19067500531673431
0.1929684430360794
0.8001711368560791
0.8084368705749512
0.8047540187835693
0.7979472875595093
0.7990404367446899
0.20223285257816315
0.7983212471008301
0.19786757230758667
0.19247221946716309
0.7900013327598572
0.20013350248336792
0.2004062682390213
0.1926378756761551
0.2087421417236328
0.5827881097793579
0.7988439798355103
0.18848787248134613
0.19529587030410767
0.1964578926563263
0.19531001150608063
0.8009724020957947
0.8097050786018372
0.19980193674564362
0.20291365683078766
0.8053148984909058
0.8041794300079346
0.1951409876346588
0.8005244731903076
0.1885955035686493
0.2020450234413147
0.1947167068719864
0.8039003610610962
0.2011708915233612
0.20366737246513367
0.20108608901500702
0.19966062903404236
0.8018648028373718
0.790601372718811
0.7974979877471924
0.7934971451759338
0.20025183260440826
0.19766122102737427
0.19845931231975555
0.809868574142456
0.8039063215255737
0.8020627498626709
0.20882977545261383
0.1982947736978531
0.7984867095947266
0.20076622068881989
0.8036990165710449
0.20702579617500305
0.2014661282300949
0.201756551861763
0.8040869235992432
0.8094320297241211
0.1897478997707367
0.19542282819747925
0.7996463179588318
0.2193118929862976
0.8070844411849976
0.8018068075180054
0.8017287254333496
0.8068093061447144
0.1953825056552887
0.808269202709198
0.8045095205307007
0.8080607056617737
0.7967846989631653
0.8032864928245544
0.7903571724891663
0.7907353639602661
0.19171008467674255
0.2013780176639557
0.8015941977500916
0.19225697219371796
0.20201291143894196
0.7979592084884644
0.8123063445091248
0.7975462079048157
0.8046755194664001
0.19347254931926727
0.7906448841094971
0.5647614002227783
0.19709129631519318
0.8029067516326904
0.5579335689544678
0.20234960317611694
0.8019328713417053
0.2066049724817276
0.8125531077384949
0.19928134977817535
0.7985143065452576
0.8067770600318909
0.7998590469360352
0.8006015419960022
0.19901058077812195
0.8061510324478149
0.20499864220619202
0.797709047794342
0.20192240178585052
0.19655388593673706
0.20615006983280182
0.2038526087999344
0.1926892101764679
0.18972888588905334
0.19857101142406464
0.19952379167079926
0.8089708685874939
0.7942253351211548
0.7952688932418823
0.806790828704834
0.1852530688047409
0.1899380385875702
0.8064853549003601
0.1938292533159256
0.7808735370635986
0.19804370403289795
0.37669867277145386
0.19764168560504913
0.8022658824920654
0.3908845782279968
0.1974736601114273
0.1974339783191681
0.7899341583251953
0.20760394632816315
0.18756012618541718
0.19608734548091888
0.19066336750984192
0.20056937634944916
0.8010661005973816
0.19670793414115906
0.21218834817409515
0.19666022062301636
0.7932571172714233
0.19727249443531036
0.6659010648727417
0.19326476752758026
0.7898378968238831
0.19729048013687134
0.7968113422393799
0.19379979372024536
0.8018172979354858
0.2145564705133438
0.195378839969635
0.20200945436954498
0.7960357666015625
0.19245420396327972
0.1884264051914215
0.20814040303230286
0.7826794385910034
0.8138242959976196
0.19839046895503998
0.20419518649578094
0.38984474539756775
0.20594801008701324
0.19537876546382904
0.20678243041038513
0.19050665199756622
0.7961904406547546
0.7886664271354675
0.8088635206222534
0.19919806718826294
0.19464747607707977
0.18730704486370087
0.20412582159042358
0.19015593826770782
0.19644565880298615
0.8019304871559143
0.8056337237358093
0.18713104724884033
0.7305172085762024
0.8046781420707703
0.1890779435634613
0.5692417621612549
0.20319132506847382
0.8008034229278564
0.8043661117553711
0.19942587614059448
0.19757971167564392
0.798693060874939
0.8058411478996277
0.20098771154880524
0.20434463024139404
0.7995775938034058
0.20754052698612213
0.7991148233413696
0.18431994318962097
0.7961933016777039
0.8015479445457458
0.19223050773143768
0.19996027648448944
0.7972337603569031
0.7993245720863342
0.8011792302131653
0.7929537892341614
0.7938429713249207
0.714920163154602
0.30036047101020813
0.20689626038074493
0.7952138185501099
0.8082289695739746
0.1973998248577118
0.19442138075828552
0.1889887899160385
0.20238205790519714
0.7910240292549133
0.19330735504627228
0.19430220127105713
0.19367754459381104
0.6090966463088989
0.18908537924289703
0.8048582673072815
0.798171877861023
0.8063733577728271
0.20097745954990387
0.20422101020812988
0.7976351380348206
0.8090611100196838
0.19850166141986847
0.605089008808136
0.8072859644889832
0.19134999811649323
0.7941569089889526
0.8024958968162537
0.8098782896995544
0.7957246899604797
0.20103994011878967
0.20372019708156586
0.7964202761650085
0.8068317174911499
0.19860422611236572
0.1983434557914734
0.8085654377937317
0.8012372851371765
0.19501660764217377
0.18740515410900116
0.8068459630012512
0.8049867153167725
0.8089491128921509
0.8110053539276123
0.338618665933609
0.8037203550338745
0.3871314525604248
0.8048501014709473
0.20497392117977142
0.197474405169487
0.19595715403556824
0.8090502023696899
0.8011941909790039
0.7967588305473328
0.8010143041610718
0.7996400594711304
0.19883939623832703
0.7966524958610535
0.7990948557853699
0.2017972469329834
0.18913739919662476
0.1949589103460312
0.1983276605606079
0.7973032593727112
0.191082164645195
0.20792104303836823
0.19599200785160065
0.8105539083480835
0.8023918867111206
0.8117498159408569
0.19588860869407654
0.8049240708351135
0.19629867374897003
0.19775739312171936
0.8155735731124878
0.7997302412986755
0.8044057488441467
0.7984402775764465
0.31770655512809753
0.19786134362220764
0.630337119102478
0.8044365644454956
0.18896588683128357
0.7897294759750366
0.2109307050704956
0.8031353950500488
0.21012084186077118
0.19282382726669312
0.20308682322502136
0.19776520133018494
0.1919105052947998
0.8029107451438904
0.19262494146823883
0.7961245775222778
0.5317871570587158
0.8046250343322754
0.19571596384048462
0.8029441833496094
0.801112949848175
0.20127741992473602
0.8017112612724304
0.2018473893404007
0.19108639657497406
0.24087293446063995
0.18907880783081055
0.1923861801624298
0.8064706921577454
0.8029744029045105
0.2043125480413437
0.8084478378295898
0.8095593452453613
0.18962876498699188
0.8092350363731384
0.8065799474716187
0.19196805357933044
0.7877344489097595
0.8030822277069092
0.800255537033081
0.19390027225017548
0.8129266500473022
0.7932738065719604
0.19545239210128784
0.19493332505226135
0.19064395129680634
0.7836077213287354
0.8055875897407532
0.8102713227272034
0.8058326840400696
0.19748766720294952
0.20000332593917847
0.8070058226585388
0.19979791343212128
0.19300204515457153
0.19746297597885132
0.8044712543487549
0.806220293045044
0.20439548790454865
0.7934862971305847
0.8137690424919128
0.8044680953025818
0.2007254809141159
0.7932692170143127
0.7996528744697571
0.8080741167068481
0.19366881251335144
0.8070291876792908
0.19730696082115173
0.20338542759418488
0.8034552931785583
0.20115922391414642
0.8110784888267517
0.8021308183670044
0.8020483255386353
0.19360846281051636
0.2000107616186142
0.1978309154510498
0.7950345277786255
0.19525668025016785
0.19888052344322205
0.8013278245925903
0.8018842935562134
0.8033532500267029
0.19057834148406982
0.20033790171146393
0.19498881697654724
0.5793499946594238
0.21263748407363892
0.194907546043396
0.19862711429595947
0.5551484227180481
0.8070810437202454
0.19582431018352509
0.8116791844367981
0.7980250120162964
0.8087748885154724
0.19368459284305573
0.819347620010376
0.20752471685409546
0.18858449161052704
0.8005658984184265
0.7949256896972656
0.7978092432022095
0.20061297714710236
0.19663262367248535
0.19741594791412354
0.7970005869865417
0.1987779289484024
0.18845802545547485
0.1991780549287796
0.19999954104423523
0.817173957824707
0.19565102458000183
0.8101586103439331
0.20545251667499542
0.20074237883090973
0.8132014274597168
0.19602544605731964
0.18690425157546997
0.19894297420978546
0.1914454847574234
0.8036083579063416
0.7940087914466858
0.8106030225753784
0.19489634037017822
0.20146453380584717
0.8036168217658997
0.8037447929382324
0.7951629757881165
0.7957596778869629
0.8053081035614014
0.8089223504066467
0.7925803065299988
0.803802490234375
0.19519725441932678
0.19996125996112823
0.29963362216949463
0.21444642543792725
0.1914437860250473
0.7998315691947937
0.7982817888259888
0.19543997943401337
0.1935502141714096
0.8098882436752319
0.7954191565513611
0.20006431639194489
0.19622352719306946
0.8007310628890991
0.1998145580291748
0.20307175815105438
0.8022336959838867
0.1988881379365921
0.8032442331314087
0.1970168799161911
0.8082329630851746
0.1945369690656662
0.8016368746757507
0.2005683034658432
0.1845203936100006
0.195255309343338
0.7913316488265991
0.8052322268486023
0.8013114929199219
0.20267008244991302
0.8010618686676025
0.1990536004304886
0.8042805194854736
0.8031858205795288
0.7985982894897461
0.20570003986358643
0.8062087893486023
0.7956963181495667
0.8021522164344788
0.813190758228302
0.7965438365936279
0.7946762442588806
0.8045971989631653
0.8043755888938904
0.7957689166069031
0.7842753529548645
0.7931632399559021
0.1865377575159073
0.19051869213581085
0.26240259408950806
0.795130729675293
0.7977132797241211
0.18918906152248383
0.19998523592948914
0.7908338904380798
0.19532355666160583
0.206178680062294
0.1954239159822464
0.7995691299438477
0.7746838927268982
0.8023064136505127
0.19646981358528137
0.2007683664560318
0.8122290968894958
0.21900999546051025
0.19250793755054474
0.7986529469490051
0.7990052103996277
0.18685440719127655
0.7987470030784607
0.8057055473327637
0.41518568992614746
0.20758333802223206
0.7990576028823853
0.8045927286148071
0.8018972277641296
0.7921333312988281
0.7971466183662415
0.8030098676681519
0.8023644089698792
0.19673429429531097
0.19065742194652557
0.1902896910905838
0.8106410503387451
0.2001039683818817
0.7930657267570496
0.20019373297691345
0.20394665002822876
0.2066313773393631
0.19737040996551514
0.310370534658432
0.8058978319168091
0.8007552623748779
0.7929868102073669
0.794009804725647
0.19707337021827698
0.7903371453285217
0.20980358123779297
0.8043816685676575
0.712907075881958
0.19351635873317719
0.8030958771705627
0.8046601414680481
0.8018121719360352
0.8023380041122437
0.19746053218841553
0.6536089181900024
0.8070937991142273
0.8017297983169556
0.7984339594841003
0.19833675026893616
0.1979638636112213
0.7957305908203125
0.19756393134593964
0.20063604414463043
0.8113937973976135
0.36279547214508057
0.7934186458587646
0.20469652116298676
0.195885568857193
0.8009291291236877
0.1987491399049759
0.8021718263626099
0.19299350678920746
0.7941144108772278
0.6495605707168579
0.7968764901161194
0.8094154000282288
0.7959347367286682
0.21537794172763824
0.20155100524425507
0.8024188876152039
0.8012934327125549
0.19561176002025604
0.20176072418689728
0.19914838671684265
0.19299426674842834
0.19317840039730072
0.8021458387374878
0.20318271219730377
0.7957308888435364
0.8103655576705933
0.7980244755744934
0.8028680086135864
0.201431542634964
0.8004465103149414
0.19350053369998932
0.20423351228237152
0.7791658043861389
0.27854782342910767
0.20187444984912872
0.19550929963588715
0.2066906839609146
0.1968899369239807
0.19591829180717468
0.19864150881767273
0.7939460873603821
0.20450633764266968
0.2002633959054947
0.8021263480186462
0.7957523465156555
0.20348700881004333
0.1878090500831604
0.8003371357917786
0.8002353310585022
0.7980626225471497
0.8092929124832153
0.21169959008693695
0.20735673606395721
0.18386316299438477
0.801514744758606
0.199025496840477
0.7969197630882263
0.19851265847682953
0.21148042380809784
0.8006112575531006
0.799645721912384
0.7981696724891663
0.7947287559509277
0.19169045984745026
0.8053310513496399
0.20099911093711853
0.2047247588634491
0.18994852900505066
0.7875389456748962
0.7945041060447693
0.8029905557632446
0.19089031219482422
0.7891471982002258
0.7931880354881287
0.7981396317481995
0.199810191988945
0.2098904699087143
0.39489907026290894
0.8016042709350586
0.8045668601989746
0.20246870815753937
0.8047708868980408
0.7967813611030579
0.8037300109863281
0.19262073934078217
0.19994419813156128
0.20273077487945557
0.19602833688259125
0.8070768713951111
0.1945001482963562
0.20330943167209625
0.19650332629680634
0.8024901151657104
0.7956743836402893
0.8092305064201355
0.8057533502578735
0.20242519676685333
0.8020020723342896
0.1935177892446518
0.791553795337677
0.7982070446014404
0.20197726786136627
0.21159982681274414
0.7819662094116211
0.7999714612960815
0.20932865142822266
0.8084983229637146
0.20548486709594727
0.8002786636352539
0.27456802129745483
0.8069362640380859
0.7844900488853455
0.7986550331115723
0.19627423584461212
0.7848150730133057
0.7178442478179932
0.559418797492981
0.394610732793808
0.7821024656295776
0.21683473885059357
0.21500040590763092
0.20501717925071716
0.20539921522140503
0.21174447238445282
0.7878443002700806
0.21993321180343628
0.8019512891769409
0.5586666464805603
0.7980042695999146
0.4457203149795532
0.37959593534469604
0.7841405272483826
0.37315255403518677
0.7891526222229004
0.7826852798461914
0.5811703205108643
0.23646557331085205
0.3881509006023407
0.21964475512504578
0.19332543015480042
0.20920901000499725
0.2002144306898117
0.7465636134147644
0.7851946949958801
0.21528208255767822
0.7597663402557373
0.20719030499458313
0.7818036079406738
0.2070024311542511
0.45303288102149963
0.799326479434967
0.7734009623527527
0.7890242338180542
0.20687134563922882
0.23129130899906158
0.7689420580863953
0.7700533866882324
0.6549196243286133
0.7535099983215332
0.21231761574745178
0.5903337001800537
0.7895442247390747
0.7793096303939819
0.7939075827598572
0.7920234203338623
0.5980358123779297
0.7812742590904236
0.7907106876373291
0.7891679406166077
0.2058897614479065
0.23593442142009735
0.20955169200897217
0.20139890909194946
0.21429140865802765
0.21651428937911987
0.6021139621734619
0.7890322804450989
0.20675018429756165
0.23572836816310883
0.7995720505714417
0.786805272102356
0.7909039855003357
0.2144424170255661
0.785163402557373
0.21920610964298248
0.5411520600318909
0.798985481262207
0.20251862704753876
0.3813474178314209
0.7957774996757507
0.7961048483848572
0.7693378925323486
0.8065269589424133
0.622945249080658
0.21365965902805328
0.7845655083656311
0.7974947094917297
0.20203562080860138
0.21341736614704132
0.20902693271636963
0.28288567066192627
0.21729080379009247
0.19901002943515778
0.2231479287147522
0.2067464143037796
0.23492738604545593
0.790519118309021
0.7938970327377319
0.7870053052902222
0.2584579288959503
0.7816846370697021
0.20114164054393768
0.7832505702972412
0.21415653824806213
0.7953755259513855
0.7277718782424927
0.4180205762386322
0.7806061506271362
0.23163822293281555
0.2387675940990448
0.7939996719360352
0.7967085838317871
0.20410074293613434
0.2082718312740326
0.2314378172159195
0.22675764560699463
0.2109369933605194
0.20723387598991394
0.21512645483016968
0.42638418078422546
0.6207468509674072
0.22903358936309814
0.3022231459617615
0.7097891569137573
0.7794404625892639
0.7688578367233276
0.7825198173522949
0.7884169220924377
0.2850639820098877
0.7897133827209473
0.7458431124687195
0.21515265107154846
0.21219447255134583
0.7721933722496033
0.7983599901199341
0.20752432942390442
0.21501058340072632
0.2053963541984558
0.19937121868133545
0.49750152230262756
0.20834891498088837
0.22065915167331696
0.20276156067848206
0.27798405289649963
0.2853636145591736
0.20396734774112701
0.7960702180862427
0.8010139465332031
0.203156977891922
0.7796676158905029
0.7807531356811523
0.7641144394874573
0.20604200661182404
0.7986711263656616
0.7977074384689331
0.7819610238075256
0.7809303402900696
0.8050594925880432
0.7873361110687256
0.21482080221176147
0.21238596737384796
0.2114662230014801
0.7914025187492371
0.19675636291503906
0.7882737517356873
0.20221392810344696
0.19964028894901276
0.7654144763946533
0.21174027025699615
0.7810513377189636
0.1983313262462616
0.7997876405715942
0.7473114132881165
0.26081570982933044
0.2417583167552948
0.7848220467567444
0.215512216091156
0.7950490713119507
0.7883868217468262
0.2840682864189148
0.20013189315795898
0.19844527542591095
0.49627068638801575
0.2106759250164032
0.7549222707748413
0.22672295570373535
0.21681377291679382
0.211356982588768
0.7955377697944641
0.1939525455236435
0.7916350364685059
0.20911161601543427
0.7846382260322571
0.4433463513851166
0.2036435306072235
0.24823462963104248
0.7959871888160706
0.7879283428192139
0.7893115282058716
0.8019858598709106
0.20157946646213531
0.2032894790172577
0.26409247517585754
0.19831156730651855
0.20850294828414917
0.20522646605968475
0.21244129538536072
0.7513547539710999
0.7723904252052307
0.7860586643218994
0.20599573850631714
0.21473029255867004
0.7940046787261963
0.26272717118263245
0.20559489727020264
0.5542640089988708
0.800373911857605
0.21020790934562683
0.21838314831256866
0.20921200513839722
0.22032566368579865
0.21213451027870178
0.21753370761871338
0.2067309319972992
0.4293631315231323
0.7982094883918762
0.21383695304393768
0.44887304306030273
0.22977299988269806
0.7578675746917725
0.7735400199890137
0.2127895951271057
0.7919845581054688
0.2217869609594345
0.5269532799720764
0.19695785641670227
0.5437915921211243
0.7717515230178833
0.4651552736759186
0.7986998558044434
0.2045682966709137
0.21916328370571136
0.7907968163490295
0.3835732638835907
0.787924587726593
0.790582001209259
0.7627053260803223
0.7862053513526917
0.2779558300971985
0.21346265077590942
0.8045616149902344
0.7770086526870728
0.20075330138206482
0.2500060200691223
0.7704564332962036
0.20117469131946564
0.2012428343296051
0.7962461709976196
0.7930849194526672
0.7813999056816101
0.721839189529419
0.7861149907112122
0.20883981883525848
0.20469515025615692
0.2110738605260849
0.7885755300521851
0.7889014482498169
0.4259636402130127
0.7855316996574402
0.20603592693805695
0.7831514477729797
0.3357327878475189
0.5317264795303345
0.21831631660461426
0.21772687137126923
0.501831591129303
0.7775940299034119
0.7869215607643127
0.7928000688552856
0.21878698468208313
0.2285526543855667
0.7845703959465027
0.4429737627506256
0.7618888020515442
0.7859264016151428
0.79407799243927
0.7715564966201782
0.7865692973136902
0.20874443650245667
0.7818527817726135
0.7873662710189819
0.546637237071991
0.20911623537540436
0.21358497440814972
0.20483385026454926
0.207362562417984
0.2668716311454773
0.7991021871566772
0.3806345462799072
0.20046602189540863
0.2357540875673294
0.21825461089611053
0.8022440075874329
0.7722910046577454
0.795244574546814
0.39286884665489197
0.7921247482299805
0.798242449760437
0.7993581891059875
0.7794368863105774
0.800083577632904
0.7560088038444519
0.2121729850769043
0.20418065786361694
0.22035358846187592
0.21254640817642212
0.4179021716117859
0.21615906059741974
0.21156905591487885
0.5603153109550476
0.2051871418952942
0.7897286415100098
0.7949068546295166
0.21341656148433685
0.20125910639762878
0.20773540437221527
0.2338544726371765
0.32352906465530396
0.7848673462867737
0.2039240151643753
0.2058524489402771
0.20133936405181885
0.20204846560955048
0.22410856187343597
0.7858941555023193
0.5434046983718872
0.7579864263534546
0.20130006968975067
0.7211559414863586
0.23265044391155243
0.37732988595962524
0.2104891836643219
0.2159898430109024
0.7850101590156555
0.20353993773460388
0.7845327258110046
0.7887758016586304
0.3370057940483093
0.20691271126270294
0.7965996861457825
0.7925289869308472
0.21256403625011444
0.792406439781189
0.7964765429496765
0.7948529124259949
0.8002270460128784
0.7825455665588379
0.7799973487854004
0.7783793210983276
0.23743067681789398
0.21264787018299103
0.20675235986709595
0.7964005470275879
0.4892505407333374
0.49213531613349915
0.7899072170257568
0.5979251265525818
0.37530314922332764
0.6764307618141174
0.3950935900211334
0.19997264444828033
0.7820689082145691
0.8023998737335205
0.20414648950099945
0.7847237586975098
0.7988147139549255
0.29403868317604065
0.7859598398208618
0.7875453233718872
0.2065104991197586
0.7910730838775635
0.7891588807106018
0.7716883420944214
0.1984063982963562
0.3196471333503723
0.7961077690124512
0.5696159601211548
0.30660367012023926
0.20559312403202057
0.7829926609992981
0.20538398623466492
0.2303437441587448
0.6431673765182495
0.21917730569839478
0.7988287210464478
0.20277170836925507
0.2073669135570526
0.2114865630865097
0.2006630152463913
0.2137562483549118
0.775260865688324
0.7985102534294128
0.2168097347021103
0.44046664237976074
0.7859361171722412
