313288_313368
0.20761901140213013
0.20062680542469025
0.31653881072998047
0.8053162693977356
0.2610391080379486
0.778994619846344
0.21362145245075226
0.20355762541294098
0.5256797671318054
0.8140761256217957
0.7950592637062073
0.7885662913322449
0.23576678335666656
0.7737650275230408
0.7919431924819946
0.21197541058063507
0.20748358964920044
0.7901434898376465
0.4536117613315582
0.19458889961242676
0.5741245150566101
0.19936606287956238
0.20634354650974274
0.788616418838501
0.7862248420715332
0.8028912544250488
0.2215551882982254
0.21815279126167297
0.29388195276260376
0.20990151166915894
0.21014240384101868
0.7942184805870056
0.7762356996536255
0.2312270700931549
0.7828770279884338
0.20407818257808685
0.7688135504722595
0.7960037589073181
0.7729543447494507
0.772666335105896
0.7786824107170105
0.7979186177253723
0.7771303653717041
0.7918557524681091
0.23156316578388214
0.7969326376914978
0.21449591219425201
0.7844399213790894
0.2124561369419098
0.2090436965227127
0.7911392450332642
0.6348012089729309
0.44574493169784546
0.7718321681022644
0.7970160841941833
0.21399402618408203
0.7936443090438843
0.20994651317596436
0.5621598362922668
0.20865993201732635
0.7811282277107239
0.22632558643817902
0.3278779089450836
0.5622094869613647
0.8021315932273865
0.2629251182079315
0.20956513285636902
0.7692846655845642
0.27674299478530884
0.7809258103370667
0.7731645703315735
0.2133001685142517
0.8055788278579712
0.7968304753303528
0.620888352394104
0.21731877326965332
0.7801584005355835
0.21127834916114807
0.8105071783065796
0.2122170776128769
0.38046908378601074
0.7780032157897949
0.21573671698570251
0.7948688864707947
0.7785181999206543
0.45997071266174316
0.7589630484580994
0.7620192766189575
0.7693702578544617
0.789354145526886
0.7840934991836548
0.20084317028522491
0.248228520154953
0.21604272723197937
0.7878336310386658
0.2263418287038803
0.2813684046268463
0.21699486672878265
0.7930229306221008
0.6239195466041565
0.19795136153697968
0.694612979888916
0.7835642099380493
0.7942609786987305
0.20241385698318481
0.772085428237915
0.7899827361106873
0.7840075492858887
0.789969265460968
0.7889583706855774
0.7770190834999084
0.36448830366134644
0.7836597561836243
0.2274661362171173
0.20109286904335022
0.20751646161079407
0.7970978617668152
0.20954574644565582
0.7960350513458252
0.20023103058338165
0.22120948135852814
0.7871693968772888
0.7957463264465332
0.4078119397163391
0.8034465909004211
0.7630329132080078
0.20784348249435425
0.1946595460176468
0.7789562940597534
0.23140084743499756
0.8026819229125977
0.5847688913345337
0.23164817690849304
0.7937993407249451
0.22090835869312286
0.7892254590988159
0.780258297920227
0.7830593585968018
0.7888714671134949
0.1948351413011551
0.23456698656082153
0.7877593636512756
0.8018568158149719
0.20894986391067505
0.2218398004770279
0.7914150953292847
0.7497400045394897
0.3786841928958893
0.20644350349903107
0.7823121547698975
0.7932276725769043
0.1990717500448227
0.8024559617042542
0.21489182114601135
0.2022983431816101
0.7921034097671509
0.8007990717887878
0.6907936930656433
0.21586129069328308
0.7906650304794312
0.8006083965301514
0.787318766117096
0.5237745046615601
0.20465829968452454
0.2014632672071457
0.25860103964805603
0.20652392506599426
0.7909514307975769
0.3580770790576935
0.5387743711471558
0.8039343357086182
0.7971070408821106
0.7954766750335693
0.6050873398780823
0.32080578804016113
0.7991964221000671
0.7712926864624023
0.20250454545021057
0.7876206636428833
0.2025214433670044
0.7849682569503784
0.5262673497200012
0.7836613655090332
0.5248262882232666
0.22065041959285736
0.7880064845085144
0.4351044297218323
0.2125740945339203
0.20469653606414795
0.2083989828824997
0.7724575400352478
0.7840420007705688
0.20119360089302063
0.21351060271263123
0.22651273012161255
0.7979417443275452
0.22886893153190613
0.8073341846466064
0.21314431726932526
0.19693195819854736
0.22687731683254242
0.7887914180755615
0.7832841873168945
0.7912804484367371
0.19919200241565704
0.19842594861984253
0.7656623125076294
0.7736661434173584
0.7678108215332031
0.21490535140037537
0.20348984003067017
0.20868323743343353
0.2069682627916336
0.20539845526218414
0.20308677852153778
0.21461807191371918
0.7982990741729736
0.7930698394775391
0.20318660140037537
0.21312250196933746
0.778741717338562
0.7790402173995972
0.7965959310531616
0.19082008302211761
0.6865394115447998
0.24268971383571625
0.21679580211639404
0.2136218249797821
0.23340314626693726
0.7887938022613525
0.26319146156311035
0.22043564915657043
0.7808440923690796
0.793720006942749
0.784645676612854
0.794450581073761
0.2006710320711136
0.6965329647064209
0.29728585481643677
0.8009857535362244
0.7663898468017578
0.2141452133655548
0.7993404269218445
0.26185277104377747
0.20797400176525116
0.793491780757904
0.7968504428863525
0.21270716190338135
0.20243270695209503
0.7734888792037964
0.7790314555168152
0.5208194255828857
0.21283023059368134
0.20294499397277832
0.19607926905155182
0.7820777893066406
0.36973369121551514
0.2186267077922821
0.7874153256416321
0.7719515562057495
0.7473341226577759
0.7730298042297363
0.7909649014472961
0.20719055831432343
0.7803774476051331
0.7987005710601807
0.21784751117229462
0.4736533463001251
0.7897919416427612
0.21550224721431732
0.7848789095878601
0.3923654854297638
0.2092655897140503
0.2083604782819748
0.20500606298446655
0.33741843700408936
0.7749177813529968
0.21512633562088013
0.7667750716209412
0.799493134021759
0.35540544986724854
0.20493237674236298
0.209296315908432
0.7912116646766663
0.7750023007392883
0.2418694645166397
0.2196105420589447
0.7623730301856995
0.7927809953689575
0.20612356066703796
0.20785529911518097
0.21212804317474365
0.7744522094726562
0.7941576242446899
0.7741900682449341
0.7908338308334351
0.2079615592956543
0.49729111790657043
0.7985094785690308
0.21848921477794647
0.20244796574115753
0.20644941926002502
0.7909164428710938
0.7946143746376038
0.780632734298706
0.7937106490135193
0.3484846353530884
0.6666703820228577
0.7921348214149475
0.2075134664773941
0.7905125021934509
0.8012394309043884
0.2190086543560028
0.632254421710968
0.7865864634513855
0.21217359602451324
0.2953702509403229
0.21326857805252075
0.778989851474762
0.24895374476909637
0.20756937563419342
0.20396025478839874
0.6186168193817139
0.7874301671981812
0.20528490841388702
0.20892152190208435
0.20572425425052643
0.20541447401046753
0.7715340852737427
0.21999207139015198
0.8063687682151794
0.7930733561515808
0.8004993796348572
0.7869496941566467
0.21572770178318024
0.8000349998474121
0.19681255519390106
0.19800731539726257
0.7334040403366089
0.7767209410667419
0.1961211860179901
0.2072608768939972
0.7822936177253723
0.22613905370235443
0.4306481182575226
0.2203240990638733
0.23213805258274078
0.7726626992225647
0.8004068732261658
0.7811300158500671
0.20987296104431152
0.7926511168479919
0.2551959455013275
0.21011342108249664
0.19426652789115906
0.19906480610370636
0.7934266328811646
0.21191170811653137
0.7747487425804138
0.2003154307603836
0.27897951006889343
0.3032476305961609
0.7874835729598999
0.547069787979126
0.7652653455734253
0.7840853333473206
0.21521784365177155
0.2916124165058136
0.8050425052642822
0.7926045656204224
0.20772629976272583
0.2035728394985199
0.7769319415092468
0.2258490025997162
0.8000256419181824
0.7917819619178772
0.7821529507637024
0.8020926117897034
0.2081901729106903
0.8011054396629333
0.21042607724666595
0.7663482427597046
0.7966193556785583
0.8000961542129517
0.7681628465652466
0.7870790958404541
0.3839327394962311
0.7862386703491211
0.39093756675720215
0.21138301491737366
0.7920023202896118
0.22453469038009644
0.7918016910552979
0.7659151554107666
0.7924330830574036
0.7839706540107727
0.8031590580940247
0.3756628632545471
0.21909356117248535
0.40322405099868774
0.7786765098571777
0.6276843547821045
0.2379942238330841
0.801132321357727
0.7700144052505493
0.2331942915916443
0.21572759747505188
0.8013240098953247
0.4384198784828186
0.5394464135169983
0.22661566734313965
0.7851276397705078
0.7856681942939758
0.20596860349178314
0.24536998569965363
0.7806932330131531
0.770836353302002
0.6259521245956421
0.791668713092804
0.7976534366607666
0.7806068062782288
0.26301494240760803
0.7735476493835449
0.20020748674869537
0.5715852975845337
0.7850731611251831
0.22391663491725922
0.21579882502555847
0.21508081257343292
0.7818019390106201
0.41536253690719604
0.7859212160110474
0.21121704578399658
0.19782844185829163
0.7760559320449829
0.7913113236427307
0.7805009484291077
0.7903117537498474
0.19924500584602356
0.21289552748203278
0.7911674380302429
0.20342794060707092
0.7812111973762512
0.20773866772651672
0.2103792279958725
0.777665376663208
0.7746990919113159
0.7870969176292419
0.20951589941978455
0.41731584072113037
0.7772592306137085
0.800100564956665
0.8001109957695007
0.77862948179245
0.20901165902614594
0.21211235225200653
0.5222062468528748
0.2078111171722412
0.7900972366333008
0.21547606587409973
0.21363800764083862
0.21033108234405518
0.21286287903785706
0.3565712869167328
0.7646434903144836
0.21588125824928284
0.22306866943836212
0.7874079346656799
0.7727344036102295
0.21272850036621094
0.21592608094215393
0.6772937178611755
0.20439130067825317
0.2200634777545929
0.7078478336334229
0.7806814908981323
0.4133801758289337
0.7848228216171265
0.23158299922943115
0.7989044189453125
0.2085288166999817
0.7858301401138306
0.7322713732719421
0.8022811412811279
0.22383998334407806
0.7900407314300537
0.8013035655021667
0.2029927521944046
0.21276533603668213
0.782065749168396
0.22302362322807312
0.7578234076499939
0.7869431376457214
0.6983143091201782
0.7106009721755981
0.7903287410736084
0.7925427556037903
0.7858685851097107
0.7899196743965149
0.4916604161262512
0.381474107503891
0.46105363965034485
0.2155608832836151
0.21249060332775116
0.7704484462738037
0.20279082655906677
0.7959438562393188
0.8037652969360352
0.7824181914329529
0.7958077192306519
0.2060648649930954
0.23430657386779785
0.3266519010066986
0.22199954092502594
0.2113642692565918
0.2108982801437378
0.4170096814632416
0.2121618390083313
0.7845888137817383
0.7851743102073669
0.7934334874153137
0.8022010326385498
0.7665936946868896
0.7680785059928894
0.7921929359436035
0.21088570356369019
0.7881060838699341
0.3455125391483307
0.7691845297813416
0.21568888425827026
0.2517172694206238
0.7901227474212646
0.7910335659980774
0.7776061296463013
0.6088387370109558
0.7769097685813904
0.7957816123962402
0.793023943901062
0.21271726489067078
0.6957924365997314
0.19955411553382874
0.23180080950260162
0.22190405428409576
0.2084362655878067
0.19812709093093872
0.7896557450294495
0.21998104453086853
0.7911109924316406
0.5218213200569153
0.21230772137641907
0.7852789163589478
0.2606300115585327
0.7633132934570312
0.19997839629650116
0.7494207620620728
0.40708884596824646
0.5205861330032349
0.7919532656669617
0.2154507040977478
0.785761296749115
0.7886057496070862
0.21612940728664398
0.772365391254425
0.7782847881317139
0.4070301949977875
0.21003703773021698
0.7962744235992432
0.2285051792860031
0.7898919582366943
0.7831235527992249
0.779667854309082
0.7784196734428406
0.21151158213615417
0.23345932364463806
0.2183087319135666
0.20551669597625732
0.7864522933959961
0.7922557592391968
0.5076298117637634
0.22261002659797668
0.27081596851348877
0.760398268699646
0.21548941731452942
0.20939013361930847
0.7954428791999817
0.7725638151168823
0.7932901382446289
0.38139110803604126
0.7742730379104614
0.19493325054645538
0.20737388730049133
0.8014354705810547
0.656760036945343
0.19785672426223755
0.22860321402549744
0.7795015573501587
0.1985042840242386
0.794177234172821
0.7940323948860168
0.2028358280658722
