313261_313284
0.2887690655867987
0.0890441250216738
0.4518010273723407
0.9100905782409358
0.19766239129373797
0.9603908846904318
0.12207055999629482
0.09050380535133834
0.56016625469132
0.9284296383816011
0.8730767506464773
0.8617016092313884
0.17958094927356677
0.848735414862249
0.7973087026866285
0.06404290613365674
0.30786973740291157
0.9751630368698073
0.44539819885823045
0.09492004896131033
0.2331634351023916
0.10483531329010827
0.07190405645151465
0.677095397753685
0.8051614705218484
0.9550768908706211
0.4033483261588833
0.4182068828748221
0.4813889506773532
0.029512719559184435
0.1162548531604698
0.715298056871647
0.8911486736883962
0.49075238594112347
0.7813177735304675
0.12292480228772591
0.7524108326189538
0.9665634887346078
0.6214024489301933
0.7780434498950386
0.6172610394986997
0.9231806541507341
0.7882380858429476
0.8623964667438967
0.5124664812313251
0.9344569106977675
0.1649749011200291
0.8552117477148524
0.1286832947565512
0.4050763981472813
0.9501004033996251
0.6099881140190824
0.39576272270268803
0.7834975266328681
0.9133209100403274
0.1292520448539844
0.8927162032541208
0.39815863322194145
0.7112357255942684
0.0812818432047838
0.9312372301331984
0.18071585568795628
0.5872391993403638
0.6873920640453828
0.8728326995679918
0.3297956624004226
0.25705227528972296
0.7274469337174565
0.3629069435247323
0.7482686536002493
0.9209174406853983
0.2563584588772905
0.9133598137176652
0.8164096778343518
0.7748900301062652
0.08582905409717964
0.7720669148400466
0.4987920652788656
0.9373604970982836
0.25220894138186356
0.3118700121242265
0.837672110386721
0.48613035894295675
0.9674787998819567
0.7028528854653505
0.6592051848057354
0.732287347296934
0.7196792436587935
0.7675525329757671
0.8054182224347366
0.37212587296230715
0.07963685726680314
0.30459161802427337
0.2590952660534793
0.8255023145213354
0.11725971357412417
0.439459850612293
0.3150055137781941
0.8955122894080214
0.5672534103915134
0.0770933731740929
0.3671562657951078
0.44916866136427114
0.811162966236348
0.10833937193745224
0.7800707364405568
0.5409556727799338
0.6386358574242509
0.9704985555025811
0.8641377416204256
0.7861011070968452
0.4282374175837459
0.4642458213281377
0.18210340979172585
0.04474413368836759
0.259902909799384
0.7548239928133657
0.16945549109267422
0.6938587081256383
0.04433081392638084
0.13386022552929508
0.7809202680655908
0.8798904597077654
0.36218512579337947
0.5912232132277853
0.8925131033572848
0.1024450019143035
0.05034532372943318
0.9395179365753281
0.3226621359552002
0.9421390341942069
0.5081776317433673
0.4040610449516563
0.9099053333183587
0.05974834227599788
0.8548922527497199
0.5487302271470228
0.7805105263183358
0.7964236645665761
0.17163179530228018
0.3100805112814338
0.7238587502605849
0.9546393839391618
0.23109450475308183
0.19106703326759406
0.7861039008240452
0.5100131793812439
0.12400550628339649
0.10897930330096321
0.17048847562962557
0.8125498492939741
0.09345473825320791
0.9413135443789237
0.1658726036127593
0.2949184892554267
0.4796205182231127
0.9534211751061946
0.8403269531160664
0.5538343739034332
0.574889378130509
0.7610368205378664
0.9324513411832459
0.5373776043811376
0.13038664729380758
0.08330516838867259
0.15364213790466041
0.4072146600704234
0.9659978902325446
0.14040846714832364
0.39437332561957406
0.9284186136275426
0.7183410404782405
0.5121063793221745
0.5035481607038322
0.39002386125359517
0.8758811426057797
0.7820863529257472
0.11286228147803971
0.864310622752391
0.1373509171819225
0.6907055181453476
0.22019703587812453
0.8545694407424994
0.5406242908507133
0.11959772550369159
0.4187685978460802
0.40446032986888153
0.24296220281122927
0.12534289027097562
0.16918498617451086
0.7953039234202383
0.9596206146300119
0.0956769325800546
0.3805422192022458
0.23180109501054896
0.9019174060371504
0.10593602428206354
0.8851156485629877
0.2915548913389819
0.08057939689221565
0.1487792690793041
0.9006251519148402
0.9297090621632954
0.7692776687748869
0.24993782834240727
0.033903907464104634
0.8469480798140043
0.9196407412592136
0.8743866190800704
0.3395273642262719
0.1400091526002446
0.11191787042500667
0.18592156047255198
0.11458159903782554
0.06737248490991402
0.2767095375213232
0.9566850448461484
0.9781023829687069
0.02328406968425977
0.1147333062265015
0.7609083870620509
0.8785487394822395
0.27523522125965155
0.16300839711131956
0.42548393963703407
0.3773866750430213
0.08065845510636485
0.10781313404112111
0.35449923085657664
0.8264717091963212
0.3651541288545627
0.13037963551089166
0.7944915378920651
0.6544609020026642
0.7661842357365467
0.8381544060074304
0.3863862027744653
0.3311956452325625
0.41729158549275186
0.9465195387553607
0.5508680037322319
0.24175193454354615
0.9032857406022743
0.3434199039161518
0.08756114268713236
0.9399600396476353
0.883406865322408
0.12420629999325913
0.33611018442266427
0.6559791101085646
0.6726891521359973
0.643880693049151
0.18826859620021433
0.4123710530529908
0.09616988754407899
0.9300308654844738
0.48591493763767507
0.0906316799490258
0.8736879472054732
0.9474091567832366
0.8620953144171792
0.9715240811077562
0.9455193201605627
0.19402030788169455
0.8369255454501152
0.8676595632312314
0.18248522737215683
0.25766996834515143
0.9535948039699494
0.03647920620057396
0.674769146754195
0.5947376432281883
0.0899262367135157
0.24352339265816575
0.1141231705002654
0.12289328589370896
0.8193478236391163
0.2692790318625772
0.7160438279077432
0.9379348573248745
0.4764917720693817
0.18063668939760372
0.28118938547849237
0.7803214679904882
0.9388237747521453
0.20430699968889576
0.10032872407299447
0.6536398013403019
0.874036237040276
0.17645779272794582
0.12361648147268225
0.12655293404680645
0.7946421054366166
0.8992234040384641
0.9455591581546203
0.8875155402277365
0.20057935933901755
0.7325330858574609
0.8305940173698936
0.5828245700921741
0.1569691596228863
0.2191057032341924
0.8237338619334469
0.8590698496394188
0.6074410144723545
0.9550242642467837
0.2179081700702815
0.6579959606467831
0.7383474235274973
0.11397874927380372
0.5953880252097359
0.858265978010893
0.34419582530282744
0.585769651082469
0.9701681211331834
0.14199412303134445
0.3333546825793787
0.06654603719677045
0.9415602998950063
0.5238736328771632
0.06433361878934445
0.053343255201084586
0.4924375862287526
0.9449200829743631
0.15895680900887474
0.21046159716666848
0.07305265423351617
0.5204468824633388
0.7478249468292768
0.2492505894045438
0.9784936679375992
0.9175742846211514
0.9486818446263454
0.7291553396324842
0.07825083893338028
0.8604302418693294
0.03604901695642212
0.056376922625658445
0.5362828503829171
0.7630829405780788
0.20804929122850946
0.04418994330989216
0.961130604046906
0.11675713654543725
0.5586057450080537
0.07950340370182585
0.11819579862938842
0.5729560658217852
0.8855658347695355
0.7952439477903471
0.16175398666791535
0.839267358471913
0.26993128434796027
0.1357363917990933
0.03824720888609191
0.08353180907362212
0.9720247483053932
0.6072349184277687
0.8945508255941208
0.02481479909719897
0.16165655333031653
0.10876131507387635
0.7608426211840524
0.5744001154059447
0.77756548138086
0.47744463097130474
0.3833515036641266
0.19551092812664395
0.918855099049942
0.9608715132488375
0.1798533981102054
0.07707116064512394
0.3576795052900789
0.3533050004614441
0.7272165461073297
0.889668809060292
0.8493277817903276
0.9091067501685414
0.20963983324191598
0.9694460665398253
0.17602829687793295
0.7006098625945592
0.8214224606924819
0.8984915827703219
0.6005378472636564
0.7213893731062561
0.25865330804502623
0.6342983858904031
0.20770381538666785
0.30034587610309743
0.8219748582949871
0.2846936285431806
0.861923622083609
0.6640741541039776
0.9380996493893351
0.6873809369517685
0.9127230415242181
0.4342110523085071
0.11050145306718147
0.442804107365416
0.823993193307655
0.5985299197661677
0.20177082942103644
0.7555554423839885
0.9691299800500195
0.16273938612664124
0.13317958743534114
0.97966931460641
0.587580561459436
0.22299688662076927
0.13493257237912132
0.8741482950142101
0.8838909198928786
0.17522602950013383
0.48729448698565125
0.7552219991378503
0.7777676660525944
0.39330058670120915
0.8698910170628811
0.7667933626933351
0.516468565394726
0.2266795098666185
0.7718323629700448
0.35831351548591667
0.5153410737516232
0.7629089793428104
0.17569731144373232
0.39309741215680816
0.3047677034329943
0.38917595589404463
0.18253611131329198
0.7871463143516861
0.2300287434341403
0.12720175201524248
0.7016562179262735
0.6095727160027218
0.6115176481261216
0.8579333884661837
0.19781608167595038
0.0561835112784909
0.9614246560463379
0.29143437373199743
0.8285471261016418
0.10057762957860268
0.1729677935764075
0.8643117174019723
0.8418032884393936
0.9487954861727597
0.3908431237328812
0.3685562358609707
0.8297497940549391
0.9120009006433396
0.7522398423127837
0.48706710088984445
0.13204921071785392
0.1217187359624774
0.6329475091040646
0.17365441446794536
0.8681554689485269
0.28591144270632823
0.2683741686007729
0.1303064818980427
0.1472405101840573
0.15560196977496257
0.8841266148921948
0.14319746627722835
0.5651534039323677
0.9397309421842334
0.7371820043315511
0.1774060525542333
0.5850704958318481
0.600154076354087
0.2966397946702329
0.23858670535568166
0.8450143933121286
0.9192083091827911
0.44071964968622684
0.6705944474777235
0.28435544078183794
0.9113308708971889
0.30825513826361384
0.9591464015154717
0.655698040180357
0.9431691981019114
0.2470398486187256
0.7184162350854628
0.7525402167686399
0.1425769381244377
0.40546431751413453
0.5622714149957831
0.17990298156481782
0.5922370594721813
0.9234902001201875
0.6958151270718095
0.6498213710131042
0.8441640003804423
0.7397808349966754
0.8985262150590858
0.9073352399836091
0.3839376143729795
0.3554102495414756
0.7263919732666643
0.24341833585068895
0.09866604034705628
0.8261032513605292
0.3490984281597321
0.7796388847481153
0.8572074180352341
0.9434469224491714
0.9292012345268132
0.06491835494626882
0.3118638165016956
0.4619089089400883
0.409557447841659
0.3360929740727149
0.10336208464014147
0.5149723596882362
0.09562253054647332
0.6456300541827583
0.895517303148716
0.8408487465951427
0.8377371627991567
0.6387481809201206
0.4357545557247474
0.8034101618404783
0.14285326281761507
0.9413042143709468
0.23837750660875084
0.6891031141848414
0.2329629708685043
0.6164706308358323
0.9231345170071625
0.8188573758026525
0.677215842450223
0.5808504006148757
0.4868622941967028
0.82915742103561
0.9791650200195269
0.1421030992995335
0.6766571688535221
0.15398838771085835
0.29788080895789787
0.16099605761870173
0.14174807928892283
0.0751791154393074
0.8602347959200859
0.15827715167540563
0.720097983968641
0.6497438482662498
0.13180358973211073
0.42695025994821345
0.3164052340370009
0.6259178801399274
0.2619043888436703
0.631115485855465
0.2763994251395618
0.6912737696278113
0.8666516747491297
0.13187255140292028
0.7899229867473821
0.7695142992005445
0.19422168218605115
0.5860788974613479
0.826886716321507
0.5387060636910964
0.2864364879725783
0.8468632221026864
0.19512502024642794
0.5211761739412737
0.640047259803529
0.6890613688716701
0.8014293724344952
0.17595448487491896
0.23728545329593928
0.41329477637060263
0.12452467835019498
0.8211062509458177
0.6686430667037099
0.6335917380462661
0.20082676277003336
0.4061019583345182
0.8814225391925214
0.2154587520628562
0.11578590573622735
0.7604569921561887
0.763296577375437
0.9274174372013185
0.4499190293075717
0.5504182279334355
0.03690492725399312
0.10096111160390664
0.9632845250567434
0.25077219912200605
0.18019629730503767
0.29510913666818084
0.8675515286644021
0.42113344603875885
0.937125250877975
0.9322128857895221
0.027400954035803855
