313261_313284
0.4943617582321167
0.22063155472278595
0.44526708126068115
0.7849764823913574
0.2681364119052887
0.7922085523605347
0.2606067657470703
0.2243485450744629
0.6146355867385864
0.8256692290306091
0.7297546863555908
0.8158357739448547
0.3076878488063812
0.7604510188102722
0.6125799417495728
0.20919595658779144
0.3688473105430603
0.8435571789741516
0.4361785352230072
0.2044786959886551
0.4966164529323578
0.20234352350234985
0.15013381838798523
0.5798413157463074
0.7499628067016602
0.7971377968788147
0.44846147298812866
0.2959156930446625
0.42394816875457764
0.2249375879764557
0.2600076198577881
0.6651821732521057
0.7452520728111267
0.43245697021484375
0.6772586703300476
0.3688674867153168
0.4514080286026001
0.8322705626487732
0.5765939950942993
0.716390073299408
0.5693698525428772
0.8397837281227112
0.5940349698066711
0.663457453250885
0.42206665873527527
0.7326527833938599
0.2081494927406311
0.7825608253479004
0.2899723947048187
0.39435696601867676
0.8071622848510742
0.6401933431625366
0.6118720769882202
0.6172570586204529
0.714607834815979
0.2531925141811371
0.5717143416404724
0.20512764155864716
0.5453667044639587
0.1962692141532898
0.7722960114479065
0.24649852514266968
0.3939626216888428
0.3966696262359619
0.8070462346076965
0.3473624587059021
0.3037492632865906
0.5274844169616699
0.440390944480896
0.7876767516136169
0.7300558686256409
0.2361171394586563
0.7929792404174805
0.768541693687439
0.6538078188896179
0.18929100036621094
0.5639998912811279
0.3476877808570862
0.8138720393180847
0.18856671452522278
0.3752453327178955
0.626261293888092
0.4493910074234009
0.7926166653633118
0.7026032209396362
0.4804065525531769
0.576191782951355
0.6965710520744324
0.6714202761650085
0.6941203474998474
0.4643980860710144
0.24709217250347137
0.4693141579627991
0.4831337630748749
0.5872685313224792
0.2986549139022827
0.4056229293346405
0.2624542713165283
0.6979563236236572
0.5343636274337769
0.17225190997123718
0.5711706876754761
0.7405217885971069
0.7358757853507996
0.2678951323032379
0.7187378406524658
0.6195228099822998
0.6895997524261475
0.8616983294487
0.6746524572372437
0.6722666025161743
0.43268468976020813
0.6567018628120422
0.3161831200122833
0.18991924822330475
0.3059142827987671
0.7147043943405151
0.26472654938697815
0.7087249755859375
0.1336812674999237
0.14290159940719604
0.7267235517501831
0.7319470643997192
0.45172804594039917
0.5455142259597778
0.7047230005264282
0.23707391321659088
0.16629277169704437
0.8111388087272644
0.43203508853912354
0.8031963109970093
0.5165773630142212
0.28684693574905396
0.7736178040504456
0.12864495813846588
0.6617884635925293
0.6628820300102234
0.6422978639602661
0.5922117233276367
0.2186654508113861
0.3362950384616852
0.5803717374801636
0.7698498368263245
0.2965528964996338
0.44776269793510437
0.685670018196106
0.5132102966308594
0.29774728417396545
0.21832714974880219
0.5165178775787354
0.7373064160346985
0.2117140293121338
0.8240114450454712
0.22800903022289276
0.22740216553211212
0.6184400320053101
0.8185402750968933
0.7669946551322937
0.32980671525001526
0.7945622801780701
0.7391833066940308
0.7816742062568665
0.4505901336669922
0.1485612988471985
0.214079812169075
0.32861509919166565
0.45459404587745667
0.8540921807289124
0.283161997795105
0.5009094476699829
0.7373849153518677
0.6347115635871887
0.5373308062553406
0.5175772309303284
0.5374206900596619
0.8081333041191101
0.7099340558052063
0.3795599937438965
0.6416745185852051
0.26929351687431335
0.613623857498169
0.5074189901351929
0.618602991104126
0.5305111408233643
0.27075451612472534
0.4960073232650757
0.3301071524620056
0.24975284934043884
0.1960514634847641
0.20948998630046844
0.6740626692771912
0.8335332274436951
0.18247921764850616
0.32131263613700867
0.3433729410171509
0.8316323161125183
0.2294435352087021
0.7144410610198975
0.2708916664123535
0.20428252220153809
0.22832946479320526
0.7502617239952087
0.682042121887207
0.7635151147842407
0.21591679751873016
0.11865755170583725
0.7061935067176819
0.8381056785583496
0.7738199830055237
0.3213721513748169
0.2372387945652008
0.39766350388526917
0.2629753649234772
0.23505614697933197
0.20627883076667786
0.3111882507801056
0.8260672688484192
0.8629573583602905
0.1468508392572403
0.23985718190670013
0.7064693570137024
0.7435448169708252
0.6922175884246826
0.24764461815357208
0.6867435574531555
0.31278130412101746
0.248943030834198
0.21102173626422882
0.28090810775756836
0.6976253390312195
0.2633843421936035
0.3265426754951477
0.699639618396759
0.6851149797439575
0.6742569804191589
0.7807386517524719
0.24677497148513794
0.49093371629714966
0.3760872781276703
0.7415952682495117
0.5473784804344177
0.3895251452922821
0.8666384816169739
0.28759750723838806
0.25025123357772827
0.8462897539138794
0.7798412442207336
0.26920536160469055
0.3060879707336426
0.6328433752059937
0.7119513750076294
0.6442820429801941
0.3093290627002716
0.47534307837486267
0.15614064037799835
0.8636972308158875
0.4057861566543579
0.23433932662010193
0.7628718614578247
0.7177212834358215
0.7448328137397766
0.8481882810592651
0.8211108446121216
0.27397218346595764
0.8072381019592285
0.8644704818725586
0.39754611253738403
0.41372308135032654
0.6868866086006165
0.15783968567848206
0.6056231260299683
0.5160630941390991
0.14065392315387726
0.33937692642211914
0.21792826056480408
0.3870018422603607
0.6845031976699829
0.23769111931324005
0.6727449893951416
0.8217811584472656
0.4565744698047638
0.2595990300178528
0.18100735545158386
0.7305302023887634
0.8288807272911072
0.39721331000328064
0.2172521948814392
0.5973215103149414
0.705697774887085
0.13435938954353333
0.16058778762817383
0.2962659001350403
0.7365156412124634
0.8510806560516357
0.6679359674453735
0.7537850737571716
0.2902292013168335
0.5126226544380188
0.6895842552185059
0.5694400072097778
0.24615073204040527
0.2668681740760803
0.7668871283531189
0.6721959710121155
0.6791510581970215
0.8899027109146118
0.4202174246311188
0.48189622163772583
0.6169971227645874
0.2655209004878998
0.6247872710227966
0.7965415716171265
0.3929869830608368
0.5603870749473572
0.8634532690048218
0.22581566870212555
0.3750292658805847
0.14302730560302734
0.7761415839195251
0.3414420783519745
0.20014114677906036
0.1991201788187027
0.6575786471366882
0.8447462916374207
0.29577675461769104
0.29073214530944824
0.22610247135162354
0.31613269448280334
0.7655864357948303
0.23119163513183594
0.871423602104187
0.7465754747390747
0.8240215182304382
0.687664270401001
0.2384926676750183
0.8045599460601807
0.16330130398273468
0.18645861744880676
0.45747295022010803
0.6508667469024658
0.18888252973556519
0.1868617832660675
0.8576781749725342
0.32925987243652344
0.44903242588043213
0.21094422042369843
0.3126696050167084
0.48631876707077026
0.7596032023429871
0.6719852089881897
0.21911385655403137
0.8168331384658813
0.2941443920135498
0.2388889491558075
0.15214593708515167
0.19666434824466705
0.8670752644538879
0.43994081020355225
0.8170813918113708
0.1412316858768463
0.4030401110649109
0.21755540370941162
0.6203370690345764
0.5411055684089661
0.7568327188491821
0.6122609376907349
0.40540459752082825
0.3301559090614319
0.7711313962936401
0.8595615029335022
0.2233767956495285
0.23619212210178375
0.6191609501838684
0.35682085156440735
0.7241424322128296
0.7761743664741516
0.7433176040649414
0.7765254378318787
0.20101240277290344
0.85488361120224
0.24606269598007202
0.587784469127655
0.7178601026535034
0.7920673489570618
0.5512990951538086
0.634227454662323
0.2765694558620453
0.7437227368354797
0.2601684331893921
0.3077206015586853
0.7068923115730286
0.34301719069480896
0.7523102164268494
0.40403586626052856
0.8544833064079285
0.7184388637542725
0.8098953366279602
0.485973060131073
0.22824229300022125
0.5144392848014832
0.767615795135498
0.6221507787704468
0.3712761104106903
0.6993355751037598
0.8513930439949036
0.3354295790195465
0.20569726824760437
0.8561605215072632
0.507672905921936
0.4467475116252899
0.255734384059906
0.7520835399627686
0.7392374873161316
0.2184525430202484
0.4690198600292206
0.642810046672821
0.5394801497459412
0.5273063778877258
0.7238232493400574
0.7348730564117432
0.5458709597587585
0.26682016253471375
0.5678760409355164
0.22103923559188843
0.5372477173805237
0.7428076863288879
0.25549179315567017
0.3928973972797394
0.34342941641807556
0.6854211688041687
0.3939937949180603
0.6518419981002808
0.1891239881515503
0.2723866105079651
0.5718228220939636
0.6798555254936218
0.5972126126289368
0.8261229991912842
0.3299066722393036
0.23541732132434845
0.866827130317688
0.2704538404941559
0.6684190630912781
0.1921176314353943
0.3081217408180237
0.8210577368736267
0.6935346126556396
0.7936286330223083
0.32063496112823486
0.38033390045166016
0.673498272895813
0.8214982748031616
0.6979063749313354
0.5863965153694153
0.22626745700836182
0.1937599778175354
0.5508661866188049
0.3520801067352295
0.7264676690101624
0.38086897134780884
0.3388924300670624
0.21662133932113647
0.2658722698688507
0.369181752204895
0.789216160774231
0.23950430750846863
0.4980715215206146
0.8189495205879211
0.6377887725830078
0.29588082432746887
0.5045315027236938
0.5453267097473145
0.2880052328109741
0.23315277695655823
0.593202531337738
0.815683126449585
0.4402090013027191
0.6826257705688477
0.2804734408855438
0.7612689137458801
0.2910061180591583
0.8467522859573364
0.6844213604927063
0.7524843811988831
0.5047847032546997
0.7038298845291138
0.6806427836418152
0.23974914848804474
0.3738148510456085
0.7353073358535767
0.2757681608200073
0.660789430141449
0.8083409070968628
0.7781535387039185
0.4682152569293976
0.6747599244117737
0.7476356029510498
0.7532876133918762
0.7596669793128967
0.40557408332824707
0.4757832884788513
0.4609181582927704
0.34642744064331055
0.19864848256111145
0.6080822348594666
0.24665385484695435
0.7105425596237183
0.8066378235816956
0.8235558271408081
0.8021300435066223
0.21391308307647705
0.33446305990219116
0.4733837842941284
0.3324066400527954
0.2641430199146271
0.22086918354034424
0.4394063651561737
0.1513146162033081
0.5999396443367004
0.7058652639389038
0.7162522077560425
0.6046980023384094
0.6203821301460266
0.6259276866912842
0.6661829352378845
0.25294366478919983
0.8453347682952881
0.5099086165428162
0.7244594693183899
0.3252258002758026
0.4140024185180664
0.7897278070449829
0.6603494882583618
0.552740752696991
0.6335733532905579
0.6811102032661438
0.7402264475822449
0.864129364490509
0.4247845709323883
0.5224870443344116
0.22280095517635345
0.44098323583602905
0.3721602261066437
0.3048413395881653
0.17877021431922913
0.8162639141082764
0.21274161338806152
0.5774815678596497
0.6165865659713745
0.2155417501926422
0.6903917789459229
0.3591369688510895
0.631547212600708
0.2950531244277954
0.6109029650688171
0.40298891067504883
0.616793692111969
0.7864842414855957
0.23997998237609863
0.7245570421218872
0.6456709504127502
0.31918758153915405
0.5508188009262085
0.7146591544151306
0.3808148205280304
0.32855597138404846
0.8032985329627991
0.312751442193985
0.5036083459854126
0.7813876271247864
0.695408284664154
0.6654877662658691
0.2652396261692047
0.38452157378196716
0.39269474148750305
0.26844313740730286
0.7634580135345459
0.5742385387420654
0.6053107380867004
0.5076993703842163
0.4321037232875824
0.8567073941230774
0.2961602210998535
0.21928489208221436
0.5818768739700317
0.6508668065071106
0.8175812363624573
0.4738326072692871
0.4987577199935913
0.13761252164840698
0.23765990138053894
0.8310368657112122
0.5186432003974915
0.27912458777427673
0.3670499920845032
0.6558272838592529
0.4372968375682831
0.7897694110870361
0.7908470630645752
0.1423855423927307
