329522_305826
0.42624742
0.29212207
0.3989711
0.6229135
0.50450265
0.74000984
0.50450265
0.480679
0.3866988
0.7048337
0.7015827
0.71217597
0.50450265
0.6359955
0.56429344
0.36885086
0.40851608
0.7966719
0.550866
0.28956938
0.48493874
0.26919818
0.25737998
0.46863165
0.5967416
0.6658933
0.21705273
0.47848973
0.31531096
0.16684486
0.480679
0.64883417
0.6359955
0.47848973
0.52593565
0.56201977
0.56429344
0.7966719
0.5477575
0.59101135
0.35883275
0.74000984
0.6755378
0.6658933
0.60908467
0.6145266
0.24962072
0.6359955
0.37150612
0.27624962
0.7345189
0.6341023
0.74000984
0.55925536
0.5493442
0.46318075
0.57920897
0.25486404
0.44359478
0.3293565
0.6658933
0.5130832
0.38700882
0.6318904
0.71217597
0.47174376
0.49113044
0.5483843
0.5596454
0.7345189
0.7015827
0.36231813
0.6439088
0.73668176
0.6702223
0.26919818
0.73668176
0.37013325
0.65793747
0.41594037
0.6175162
0.7345189
0.31531096
0.6216404
0.63032085
0.49236023
0.5130832
0.43673444
0.5872477
0.5627128
0.5872477
0.4341206
0.50450265
0.42624742
0.73668176
0.47777298
0.3878077
0.50450265
0.6702223
0.55257726
0.22771241
0.48471043
0.48847964
0.67525023
0.267096
0.43673444
0.6052668
0.6755378
0.74000984
0.56201977
0.5627128
0.40340102
0.48847964
0.37558863
0.2386029
0.29212207
0.59101135
0.30789232
0.41866332
0.17301802
0.20836478
0.67525023
0.7015827
0.5483843
0.5786043
0.6359955
0.47777298
0.28927884
0.71217597
0.267096
0.6439088
0.5627128
0.36772558
0.6658933
0.25737998
0.6277257
0.64249104
0.4759307
0.6082389
0.26517174
0.42648575
0.6082389
0.65793747
0.26938844
0.42624742
0.59101135
0.27624962
0.40761313
0.3033232
0.6318904
0.6942495
0.36885086
0.7345189
0.2616438
0.25486404
0.6238848
0.65793747
0.7720577
0.45435327
0.74000984
0.6658933
0.7345189
0.54335874
0.22332112
0.21705273
0.5130832
0.3989711
0.7966719
0.41346103
0.3989711
0.73668176
0.6341023
0.6702223
0.27624962
0.49773997
0.74000984
0.5647218
0.38700882
0.4759307
0.27624962
0.5483843
0.701571
0.5627128
0.6335657
0.27624962
0.6032338
0.3878077
0.41622525
0.34318107
0.24302076
0.41866332
0.7966719
0.27057707
0.43320158
0.46318075
0.7124447
0.31531096
0.6145266
0.37013325
0.26919818
0.29212207
0.7015827
0.73668176
0.74000984
0.28655985
0.16351266
0.6639268
0.661607
0.67525023
0.3293565
0.25486404
0.38700882
0.27624962
0.29949456
0.2616438
0.50450265
0.7051652
0.74000984
0.17301802
0.45619437
0.5872477
0.63032085
0.5627128
0.25486404
0.64249104
0.41594037
0.2617032
0.50450265
0.44228703
0.464926
0.42053473
0.36784494
0.6082389
0.41346103
0.55257726
0.6755378
0.40761313
0.5596454
0.38132218
0.6229135
0.47999567
0.42624742
0.7720577
0.6772645
0.30917898
0.7966719
0.464926
0.27624962
0.27624962
0.59101135
0.60162616
0.4035075
0.37230033
0.50450265
0.3033232
0.6702223
0.6772645
0.3783017
0.6229135
0.6658933
0.56429344
0.7966719
0.7670405
0.3989711
0.64249104
0.67525023
0.38700882
0.45619437
0.50769216
0.2451217
0.5872477
0.5477575
0.16684486
0.6238848
0.29212207
0.60158837
0.5268931
0.48069674
0.5627128
0.6755378
0.5627128
0.29949456
0.41594037
0.5647218
0.67525023
0.51129586
0.48380536
0.50769216
0.6082389
0.43413803
0.25737998
0.31531096
0.6238848
0.7966719
0.5477575
0.76703054
0.50450265
0.66421604
0.5268931
0.60908467
0.37558863
0.3201564
0.6439525
0.6082389
0.5483843
0.7720577
0.31687504
0.50662774
0.5483843
0.3033232
0.5493442
0.67525023
0.49364877
0.50450265
0.7966719
0.3293565
0.45619437
0.25737998
0.6755378
0.43320158
0.2617032
0.25486404
0.60158837
0.67525023
0.50450265
0.31531096
0.25486404
0.49773997
0.67525023
0.28956938
0.74000984
0.63032085
0.7345189
0.59101135
0.27624962
0.67525023
0.31934702
0.3033232
0.6356058
0.6238848
0.48069674
0.24302076
0.74000984
0.3783017
0.50769216
0.22332112
0.36784494
0.5493442
0.6145266
0.6082389
0.50450265
0.67525023
0.41622525
0.42632085
0.19934645
0.2616438
0.74000984
0.6015059
0.60162616
0.210166
0.5188451
0.48664966
0.5477575
0.42632085
0.6439088
0.6318904
0.42624742
0.36772558
0.6755378
0.74000984
0.25486404
0.22363557
0.51922655
0.3989711
0.464926
0.60162616
0.67525023
0.65793747
0.32525554
0.74000984
0.3904772
0.38364926
0.6755378
0.6439525
0.50450265
0.73668176
0.5108112
0.72426504
0.50450265
0.31531096
0.6658933
0.4054752
0.4273405
0.45478493
0.67525023
0.62555885
0.7124447
0.44228703
0.28956938
0.50450265
0.6082389
0.50450265
0.64379984
0.5477575
0.6934119
0.37150612
0.3783017
0.74000984
0.44228703
0.5477575
0.3293565
0.7670405
0.5975336
0.37150612
0.6015059
0.65568435
0.6694451
0.5108112
0.6229135
0.464926
0.5872477
0.4273405
0.5647218
0.25486404
0.50450265
0.67525023
0.30768636
0.61550623
0.47848973
0.62555885
0.50450265
0.59101135
0.2991333
0.43413803
0.5872477
0.62555885
0.5872477
0.66740596
0.37230033
0.42868888
0.74000984
0.42648575
0.46863165
0.25486404
0.49773997
0.67525023
0.5130832
0.76703054
0.480679
0.59101135
0.74000984
0.76703054
0.59101135
0.6238848
0.3042182
0.3541451
0.43320158
0.30789232
0.65793747
0.31531096
0.44228703
0.29949456
0.3293565
0.38700882
0.67525023
0.29212207
0.55925536
0.67525023
0.46863165
0.28956938
0.37849537
0.5477575
0.44228703
0.40902832
0.43320158
0.64283377
0.49782416
0.43673444
0.50450265
0.6145266
0.49773997
0.74000984
0.46573922
0.6145266
0.42624742
0.4759307
0.5544105
0.25486404
0.43320158
0.6755378
0.44228703
0.54335874
0.6755378
0.7720577
0.56429344
0.7670405
0.59101135
0.6229135
0.65793747
0.38700882
0.5028197
0.3878077
0.42624742
0.19459587
0.5477575
0.40340102
0.45619437
0.76703054
0.67525023
0.67525023
0.3033232
0.45619437
0.60162616
0.44228703
0.50450265
0.27624962
0.4035075
0.22363557
0.47999567
0.53631693
0.5544105
0.70829266
0.35263306
0.60908467
0.46502715
0.37558863
0.7384351
0.5627128
0.55925536
0.36600083
0.5975336
0.6359955
0.6639268
0.3878077
0.55925536
0.6755378
0.6658933
0.7720577
0.37558863
0.61550623
0.37230033
0.42624742
0.3201564
0.49782416
0.480679
0.67525023
0.31531096
0.5544105
0.40851608
0.3033232
0.64249104
0.5130832
0.46620378
0.29212207
0.6934119
0.5483843
0.6015059
0.65793747
0.3293565
0.6578644
0.6695807
0.5188451
0.3813267
0.5975336
0.62196606
0.46318075
0.464926
0.50450265
0.47999567
0.6439088
0.50769216
0.6695807
0.26938844
0.42624742
0.44228703
0.50450265
0.74000984
0.59101135
0.46620378
0.42624742
0.38700882
0.7966719
0.29212207
0.27624962
0.53631693
0.59688693
0.76703054
0.49773997
0.41346103
0.17301802
0.28655985
0.7051652
0.5188451
0.25486404
0.50662774
0.45619437
0.3989711
0.76703054
0.67525023
0.17301802
