329522_305826
0.3005970982142857
0.1450046875
0.5116984375
0.8062448660714285
0.437978125
0.8642156249999999
0.30936406250000004
0.1852645089285714
0.49414709821428576
0.8400093750000002
0.767705357142857
0.8277697544642857
0.3730508928571429
0.7114868303571429
0.6426379464285714
0.167375
0.3474171875
0.8649828125000002
0.4565046875
0.20119464285714286
0.5558482142857143
0.19435781249999998
0.1428328125
0.7688771205357142
0.7248265624999999
0.7813468749999999
0.46323660714285714
0.42652879464285715
0.5172734375
0.13154375000000001
0.14930513392857142
0.6622
0.7305741071428571
0.45535401785714286
0.696509375
0.31891796875
0.5349015625000001
0.8910910714285712
0.6465457589285714
0.7326796874999999
0.67752421875
0.7651578125
0.6422546874999999
0.7302187499999999
0.5187328125
0.795533482142857
0.27061216517857145
0.7911736607142856
0.23373950892857145
0.31806964285714284
0.8449236607142856
0.4885624999999999
0.45612890624999997
0.5879004464285714
0.8082066964285712
0.2495703125
0.8022587053571427
0.28282734375
0.5712261160714286
0.14079375
0.7846200892857143
0.2455109375
0.4571698660714286
0.5048374999999999
0.7799363839285715
0.5238953125
0.283121875
0.58734375
0.48978437499999994
0.6565546875
0.767446875
0.24885357142857142
0.8568160714285713
0.7148472098214287
0.5818234375000001
0.212809375
0.7398310267857143
0.320959375
0.7979667410714286
0.21430535714285714
0.49291562499999997
0.7574792410714286
0.257146875
0.8906761160714285
0.6687143973214286
0.51395625
0.5857765625
0.6819258928571428
0.595364732142857
0.7574225446428571
0.574265625
0.24358303571428572
0.45869375
0.34589709821428566
0.6660895089285713
0.32791718750000004
0.40034843750000004
0.3493830357142857
0.7140671875
0.499190625
0.16280234375
0.50013046875
0.6491883928571428
0.7099671875
0.29532935267857147
0.6272609375
0.6858271205357142
0.7037214285714285
0.8717
0.7835781249999999
0.6829761160714285
0.46798683035714284
0.6729562499999999
0.18687131696428572
0.204828125
0.2748
0.8037292410714285
0.2892872767857143
0.6284667410714286
0.12229486607142859
0.16173872767857142
0.6668623883928572
0.82167578125
0.5941171875
0.6474421874999999
0.7599299107142856
0.2554203125
0.142709375
0.8821796875
0.554965625
0.7680718750000001
0.5243406249999999
0.29031718749999996
0.7853625
0.1105859375
0.7968176339285715
0.5799122767857142
0.7344174107142856
0.684621875
0.20786707589285713
0.37144999999999995
0.657335044642857
0.7899890624999999
0.2814308035714285
0.38857321428571434
0.7452737723214286
0.5039453125000001
0.2263609375
0.16491562499999998
0.46445379464285713
0.7990453125000001
0.16418794642857143
0.8007035714285714
0.18762656250000004
0.21866785714285714
0.594521875
0.8465537946428571
0.7499881696428571
0.4299953125
0.6988687499999999
0.7106500000000001
0.8133234374999999
0.4336245535714286
0.17229263392857141
0.1930330357142857
0.28390334821428576
0.48890290178571433
0.9025109374999999
0.2998671875000001
0.39590625
0.8107828125000001
0.6434984374999999
0.46268080357142866
0.294684375
0.3203457589285714
0.806827455357143
0.619653125
0.23973191964285712
0.6188054687500001
0.20155044642857145
0.7126886160714286
0.3724975446428571
0.7506513392857143
0.36812343750000004
0.22863459821428572
0.5447125
0.4531649553571428
0.4160087053571429
0.29970647321428573
0.2414609375
0.6062703125
0.8650238839285714
0.17982544642857143
0.32283124999999996
0.2829171875
0.8524212053571428
0.189475
0.723359375
0.3452671875
0.197290625
0.16831875000000002
0.83134921875
0.7884261160714285
0.5978484374999999
0.2518734375
0.12210390624999999
0.742865625
0.8560037946428571
0.6289703124999999
0.31295145089285714
0.1428453125
0.2741703125
0.22641562500000004
0.166834375
0.1442357142857143
0.2693439732142857
0.8513823660714285
0.897478125
0.12110267857142855
0.23426205357142854
0.6063699776785715
0.7437847098214286
0.3911227678571429
0.2340456473214286
0.35568125
0.3763796875
0.30643125
0.19922142857142858
0.365590625
0.6634531249999999
0.4478000000000001
0.21208749999999998
0.6911746651785714
0.5628109375
0.6259310267857142
0.8157765625000001
0.35175000000000006
0.5049765625
0.5323854910714284
0.7431654017857143
0.45986830357142855
0.38068549107142857
0.87459375
0.3802200892857143
0.14782834821428573
0.8858419642857143
0.75536875
0.22989218749999998
0.2170122767857143
0.7642870535714286
0.701734375
0.44027566964285714
0.26008437500000003
0.3818738839285714
0.17578013392857145
0.7528654017857143
0.3830203125
0.2503
0.7148127232142857
0.7316437499999999
0.749215625
0.8888703124999999
0.8666448660714285
0.26132901785714285
0.8491535714285714
0.7886296875
0.303484375
0.330415625
0.7674495535714285
0.13185
0.6388569196428572
0.4634671875
0.09924241071428572
0.37173125
0.1808953125
0.3722729910714286
0.6552058035714285
0.2784546875
0.5362147321428571
0.8347656249999998
0.5244921874999999
0.1872875
0.39929698660714286
0.7652015625
0.8300156249999999
0.29532924107142855
0.2601734375
0.6386999999999999
0.5683768973214286
0.18965580357142856
0.19784955357142858
0.28067767857142856
0.729375
0.8792794642857144
0.7095133928571429
0.7443995535714286
0.30372700892857146
0.5813506696428571
0.7577359374999999
0.5488640625
0.2091171875
0.21511093750000002
0.7540843749999999
0.68654375
0.554190625
0.88650390625
0.4768729910714286
0.639953125
0.7382986607142856
0.21490747767857143
0.6649453125
0.8408410714285713
0.3013747767857143
0.4667502232142857
0.9122455357142857
0.22259107142857143
0.3000087053571429
0.13056406250000002
0.8319745535714287
0.38575535714285714
0.18946093750000004
0.1690546875
0.50990546875
0.8209029017857143
0.327321875
0.2096611607142857
0.17930937500000002
0.3811046875
0.7258814732142856
0.25115089285714287
0.9074662946428571
0.7861218750000001
0.8517774553571429
0.7688359375
0.2508569196428571
0.7961578125
0.14791082589285712
0.1541984375
0.6187874999999999
0.7126649553571429
0.206471875
0.13255323660714285
0.8775212053571428
0.28625625000000005
0.5142921875
0.20377332589285715
0.31710312500000004
0.5792362723214286
0.7787904017857145
0.5467265625
0.3633540178571428
0.8468602678571429
0.4987375
0.22257656250000002
0.13798906249999998
0.1637859375
0.9028156249999999
0.4090417410714286
0.8071912946428572
0.12441763392857143
0.2745578125
0.27189665178571426
0.6898558035714286
0.330934375
0.6824253348214286
0.5749828124999999
0.31082499999999996
0.3622918526785714
0.7707015625
0.8991352678571429
0.2669602678571429
0.13262421875000002
0.4394265625
0.41016383928571426
0.61315
0.8409897321428571
0.814584375
0.7883185267857142
0.16982410714285714
0.8982883928571428
0.234459375
0.588390625
0.8351526785714285
0.8137470982142857
0.56796875
0.6945662946428571
0.33268984375
0.7866310267857143
0.3511752232142857
0.27061796875
0.7421891741071428
0.38577566964285714
0.7324328125
0.63135
0.8569595982142857
0.5936531249999999
0.8492687499999998
0.3584620535714286
0.3022785714285714
0.385634375
0.6597954241071429
0.48193861607142857
0.42205
0.61989375
0.8823671875
0.33708749999999993
0.2838546875
0.869910044642857
0.6821609375
0.31256216517857144
0.21801406250000002
0.8182276785714284
0.7703169642857142
0.262409375
0.40808214285714284
0.5944238839285714
0.6958491071428571
0.3842462053571428
0.7233196428571428
0.7137075892857142
0.5417261160714286
0.2995785714285714
0.7445167410714285
0.27574799107142856
0.508722544642857
0.6378658482142857
0.31415
0.5144281249999999
0.41645111607142854
0.4548640625
0.36002656250000004
0.6964046875
0.21573705357142856
0.17950859375
0.5989546875
0.6301281249999999
0.5802169642857142
0.7539546875
0.2619227678571428
0.21004486607142855
0.8573151785714286
0.3710390625
0.7777468750000001
0.1419919642857143
0.22863124999999998
0.7722457589285713
0.7029578125
0.8173198660714285
0.498625
0.6460386160714285
0.5604935267857143
0.7723433035714286
0.7850828125
0.5475544642857143
0.21596718750000005
0.3318890625
0.5799218749999999
0.21399441964285715
0.7099524553571428
0.3359061383928571
0.4024499999999999
0.16786874999999998
0.15063080357142858
0.3138470982142857
0.8385618303571429
0.20082265624999998
0.4298395089285715
0.8390986607142856
0.71311328125
0.22185156250000004
0.64505625
0.5355955357142856
0.37607500000000005
0.2146863839285714
0.6365848214285713
0.8338437499999999
0.4275506696428571
0.6294031249999998
0.35860156249999997
0.8043593750000001
0.32387499999999997
0.8903430803571428
0.6156566964285713
0.8391640625
0.3229171875
0.6337111607142857
0.7146406249999999
0.2378271205357143
0.3274816964285714
0.6829374999999999
0.24054843750000005
0.46463593750000004
0.8316335937499999
0.5477797991071429
0.5855372767857142
0.77416796875
0.7537421874999999
0.6778749999999999
0.8183158482142856
0.40401361607142855
0.34458593749999994
0.44856830357142863
0.2882328125
0.13346450892857142
0.6955031250000001
0.3044566964285715
0.7340908482142856
0.7939712053571428
0.8044354910714285
0.8177640624999999
0.16381808035714288
0.3206294642857143
0.5184301339285714
0.47845781249999997
0.3481948660714286
0.2412703125
0.3994796875
0.15926707589285713
0.5727350446428572
0.8159796875
0.6788531250000001
0.756346875
0.6341362723214286
0.4963828125
0.6877658482142858
0.2127314732142857
0.826965625
0.29541395089285716
0.581796875
0.23230625000000002
0.5427901785714286
0.779275
0.7262828125
0.6087761160714286
0.4897964285714286
0.6166015625
0.7677379464285713
0.8862912946428572
0.19039665178571427
0.53042265625
0.23638883928571428
0.3653678571428572
0.24627812499999996
0.33880312500000004
0.1333484375
0.8214234375
0.19847611607142857
0.7225011160714286
0.43789620535714285
0.17341406249999997
0.5144427455357143
0.40048906250000005
0.6760223214285714
0.20812187499999998
0.6635808035714286
0.42173470982142863
0.6288082589285714
0.7719750000000001
0.18020982142857142
0.7415656249999999
0.6645062500000001
0.346403125
0.6207995535714286
0.5760953125
0.5109285714285714
0.31458125
0.7672156250000001
0.3397265625
0.4839834821428571
0.6051265625
0.6324934151785714
0.6830978794642856
0.19127020089285715
0.27671328125
0.3695339285714285
0.30729285714285715
0.8091689732142858
0.6896167410714286
0.4997468749999999
0.34395334821428575
0.4009830357142857
0.8406390625
0.23442779017857143
0.2502640625
0.7241082589285713
0.695003125
0.7783776785714285
0.439415625
0.5214833705357144
0.111803125
0.18471205357142856
0.8865499999999998
0.3287078125
0.2663
0.4075140625
0.7280899553571428
0.3817957589285714
0.8107984375
0.7711897321428572
0.12242187500000001
