"proba"
0.2780203700336125
0.014939995073827282
0.07575753779444122
0.9841388199270222
0.16514790649891697
0.993298908248596
0.17786969682834972
0.019322112130771986
0.38330142627455704
0.9894806165909762
0.9872542826681111
0.9965395895565812
0.40271665595185824
0.8307078072619153
0.9257945791135958
0.008853605745598788
0.027825772095022728
0.9972055229041279
0.5802905601116158
0.030665463232158793
0.7556647877050287
0.0016612909542040987
0.04265754734271867
0.9892319949415255
0.9731468098608015
0.9939844946258526
0.041340500252516545
0.11426354895308483
0.6307067527057222
0.017600814617374012
0.00829856038991022
0.7430454916820911
0.8456971182014142
0.18353391309310357
0.9552926935639247
0.2322829971728624
0.5455951282338939
0.997539335083166
0.8105824511790154
0.9638722135421128
0.8129357532212202
0.9321445213679477
0.7042802283724328
0.9264405598351816
0.26277402490210566
0.9802040063764125
0.07229632649960507
0.8491932239103847
0.07546295376947033
0.06942858242146452
0.9926354345623541
0.6438223639818469
0.28461768896987444
0.9044187582647858
0.9780379324554295
0.07586499868662815
0.9823247382953987
0.05204437305219316
0.8187340561902968
0.008781593926986695
0.967742001744543
0.02897058116121324
0.25275977630920815
0.5885850181865846
0.9912002279840735
0.26585885083261745
0.009854868546766291
0.9068003350196581
0.16193073694077634
0.9761976685834902
0.947218244605744
0.02336754429463035
0.9743962857790338
0.9795119416394629
0.7719885454354198
0.016156367432609627
0.9310920292008158
0.07615962929061984
0.9958894444869024
0.04452804653595293
0.3978990806668584
0.9471640772080672
0.1647417459912265
0.9938902839319841
0.7797084210833255
0.44297345109120356
0.7582550361093159
0.8604801366214695
0.8722751406657916
0.9170373153448222
0.8918576124545684
0.019717717720433525
0.18945101668879574
0.2385938751725901
0.949366857963043
0.1007085164438322
0.12079150244552904
0.06507373340485885
0.9805101422371251
0.5394320994369852
0.00793561269579472
0.5871844432415809
0.6825296230127201
0.9944056922293232
0.044832968741889995
0.8864454127677662
0.5301514895332816
0.9394639669478574
0.9977289497528525
0.7676684338117343
0.9593551719588744
0.27554969291495196
0.6350095044296981
0.09758279507779613
0.008916839986689176
0.129600392073108
0.98439645703687
0.07314561753054694
0.9837374832366573
0.003802531749641201
0.01188642127025952
0.7734404568757887
0.9813692573168129
0.5988339838693266
0.9560162493579465
0.893218582979078
0.05684769071448264
0.0020189576429687516
0.9820400182409877
0.12612270697291786
0.9671226680937253
0.2160435188728482
0.015650172837955657
0.983358977784745
0.009246991070603873
0.9427456459119941
0.8610993945826024
0.9649241874537527
0.9601224425949968
0.007145885118396457
0.33307508399335417
0.8028825402160754
0.9532891785130989
0.025672091902060466
0.1913275334768018
0.9743497659532508
0.42169325321761947
0.14322346155450502
0.012628416916471825
0.5226542196498267
0.9708944349084987
0.009167224383395725
0.9743259523613029
0.027391969418685855
0.05999502141817427
0.5638020156945095
0.9907846039985175
0.8340028702751687
0.1344942726307976
0.9272087463578703
0.9782721712623128
0.9806713248663127
0.6756577764545257
0.006591215119570431
0.017962193033002366
0.028835404393746558
0.04289096186919837
0.9938659822807535
0.6841807742212167
0.2510028482251113
0.984050959896857
0.8180973722140548
0.29655152742071966
0.10220797212600809
0.7003800988304496
0.9949446066550379
0.7515504196974628
0.15189138281515208
0.5910643933299995
0.049487792226817526
0.884551150400896
0.2733052654515592
0.9142492605463849
0.1364465599409774
0.026121702008400832
0.4196594282614221
0.3097221620866758
0.13150331572572593
0.016817180811569056
0.031138954119817402
0.8962730733070529
0.9896336797521014
0.015048871621795976
0.043205259749739267
0.32339310150973194
0.9838918891521197
0.020712883024825945
0.9678299346086012
0.04884603407330525
0.009454088621273164
0.020432327239411817
0.9754931862491842
0.9828438253842504
0.7880463070246785
0.010344639337568537
0.006064951926219907
0.3801103367223066
0.9712423095654767
0.9330052085126873
0.2100641240460225
0.04492637214922113
0.2346994637341009
0.04413998739869825
0.011224886878089797
0.008769458747376061
0.10935594552837419
0.9813442823423858
0.9969286771712697
0.011751989628725068
0.07362694685945267
0.8133871390557692
0.9863238903868338
0.6711256209262574
0.012440126421556832
0.5731105105975263
0.49523238877053233
0.12535337624359505
0.012692237490208157
0.03342576655991153
0.9594984940649447
0.28505531949465873
0.05929106822181384
0.9468006059018775
0.7661064737459705
0.739711072698927
0.9763795657682575
0.1310016637460011
0.39245869690287405
0.13130310813956508
0.9898121612760943
0.5454944010388019
0.059297241380713246
0.9962639848165353
0.16830504473079672
0.025796423241302133
0.991330961652483
0.9814565210181273
0.026745131399748125
0.020179101610168827
0.8194861374213072
0.6091161401026581
0.3086602821731707
0.013161395820699565
0.05975246881296263
0.016139308800968637
0.9725620737017013
0.1550605531559038
0.2276340725301236
0.9426261946641747
0.9757157912334361
0.9428526166238387
0.9787317630297038
0.9850980491909467
0.042697780676550987
0.9538071540126741
0.9828984545577748
0.1070556682402366
0.8758196364657732
0.9485527189133491
0.02514769659760677
0.8560906162751206
0.17896100680214752
0.008491806941024842
0.25268784476519446
0.0147129628267356
0.342381562912899
0.6640151470946225
0.02735012197224326
0.5950629113263727
0.981558935777461
0.34102485944741756
0.049228363625079104
0.033744325128834005
0.9736821414652044
0.9833420823163782
0.543727363099103
0.1792986568519433
0.8160538613537541
0.9111627940724839
0.008342698288010705
0.020280405712175195
0.054915779861533176
0.9212324136738823
0.9888288192785024
0.8258998047597652
0.9834804709067579
0.1403775726355763
0.8131019028999245
0.9656208204020308
0.7430845772296935
0.02951874903374279
0.04548142799298605
0.9845885381403261
0.8790857876388208
0.8734414791500156
0.9988255295360059
0.3258232105412334
0.37055207477342694
0.938642634241284
0.04297498259482707
0.9044511751532434
0.9816674875526432
0.13149971730422544
0.6226932191596223
0.9924974641399714
0.03147506599351339
0.6685372855722881
0.013299120496765023
0.9561749091571633
0.4780834502218069
0.02561283906598016
0.006814918882831723
0.43661801078339013
0.9832431974742648
0.20241676656594726
0.0636020449861215
0.022603645383145368
0.2001088330635998
0.8575385342392743
0.01813727988344697
0.998295991163463
0.9858503463876932
0.9787692096784341
0.8828497224746026
0.018242504307702592
0.9875944525615357
0.006885390822822463
0.005822978290166761
0.3133629821163611
0.8416278858395676
0.015238371786194152
0.02755243219732833
0.9831841723191552
0.2226849125545308
0.7674692648133294
0.005401766674260902
0.21414411816142082
0.6719213312006577
0.9805891855838839
0.8041677416790004
0.09521855483766282
0.9894610723506565
0.21936657393528605
0.05546584877151499
0.009216168792399561
0.008754901999594564
0.9937401534263093
0.14101137504811947
0.9926510339413879
0.0031278494563345112
0.13325902842350504
0.05197022290309579
0.9381709153657012
0.5444944366119341
0.9622004128400661
0.8854929767079532
0.14823668277582328
0.17208788255720767
0.892101686566322
0.9982108295032126
0.014481917253091581
0.023866961342241658
0.17924253900182333
0.0862066316841999
0.771217951912864
0.9569077423919222
0.9637263569521342
0.9881694638554919
0.021443492976215086
0.9943871992284936
0.03781427281503757
0.7704897230421432
0.9668794462642504
0.9733636582662056
0.45948118535471355
0.9201525179951876
0.5065771279332411
0.829369841883308
0.1753045561461052
0.04309910917040312
0.9635744394534326
0.47853395181561587
0.947175039120133
0.5626200460720222
0.9804612055096206
0.8885938117261832
0.9743305520498586
0.47033679052701327
0.054245755219628225
0.20855651237303138
0.9082775190418102
0.4578938635826423
0.5252529424716033
0.9705591757138806
0.9709185104451264
0.04194879968150616
0.07686469837678354
0.9974206525306356
0.311830817894288
0.1738216919777739
0.015299723563826804
0.9844296984739415
0.9507721628194641
0.045289033028383587
0.3299679623907879
0.8981485427820662
0.8936229477704652
0.2499084996537633
0.9304200423427346
0.9739302637018138
0.843044256949845
0.29560453235842127
0.7272771195710611
0.10162620367235965
0.36447282026981775
0.8359132908711739
0.03845025503301205
0.15717513037828937
0.14690539091385493
0.6666787007140625
0.8096350787766299
0.8817671156573147
0.03269027462384943
0.0207537520701004
0.8144864516600236
0.6128888891089214
0.8727624065080585
0.972397505528331
0.029960248369618577
0.017919436892666594
0.9934340221064555
0.023299198314617256
0.928358738162242
0.0034722540829353393
0.04761854629364975
0.9482439912629396
0.8864201856173743
0.9459481645611872
0.09473468905265402
0.7271056809676454
0.948213800870192
0.9635512945217687
0.9670575782040474
0.501102982298394
0.104848891020551
0.011706822947230794
0.8275084109617046
0.11414518312047392
0.9763987371656825
0.10129820999535956
0.47847594443073016
0.01956896211500845
0.06696104707916176
0.4682827426378201
0.984454225951443
0.01468373540814835
0.151203972421783
0.9811843053557802
0.994357855681414
0.10676303985556217
0.4837262665164419
0.7126466347102323
0.07909432322265056
0.11652279632863183
0.47748855312884236
0.9864202244440595
0.3799284457489895
0.8634604237465919
0.05306802933143672
0.9617346097474444
0.05432647637349303
0.9954817939851598
0.36797636489387453
0.9686005490302332
0.2535314117131959
0.899728345392627
0.8919486166331367
0.010111350679476954
0.24118304616841796
0.9582191817654421
0.06492288810121427
0.8264609356974223
0.986950155101512
0.6739520989638746
0.717131792100097
0.7868066343791801
0.9906697787533548
0.9550914271595988
0.9889846060557544
0.5909284869646171
0.08319607564351157
0.2651795630040698
0.035144110512108584
0.00923876463083498
0.8820833102368101
0.08268824857887432
0.9087254070868365
0.990597341036738
0.9734555796032208
0.9646290423580316
0.017375847431929416
0.3589447396346503
0.29371471400911675
0.08779417404632958
0.18214371605777158
0.06167804994782561
0.6608786007462928
0.013708718272515557
0.6577834049078312
0.9854349941556142
0.912956489566495
0.8798330796492608
0.7634058233578408
0.774530578247603
0.743909580430118
0.027707327459052973
0.9894679207990023
0.3815722618789794
0.8260472999112899
0.2613642512933733
0.5553460391712337
0.9644623567261199
0.9625648247749626
0.8509816702130686
0.871820018962933
0.9582224972480945
0.8872609435903568
0.9844949722184105
0.07868840528774637
0.7796141572778053
0.016921337203943124
0.2606542673997422
0.07406097909795982
0.2075691246267455
0.040227715929209956
0.9874639155971692
0.016960021873548232
0.7414713393823652
0.18139531038402198
0.019718343611851773
0.6262913761348788
0.11076134653394167
0.9062868026518035
0.02466020467023228
0.6644136669450685
0.6607733184742425
0.476379925624604
0.9900127206735267
0.01752263218756727
0.9181896536898224
0.9341572637731657
0.31062563078301986
0.6893565766300187
0.7586357597183147
0.4195102737517219
0.18977151647610327
0.9906494074931204
0.10043048003448904
0.6420156562654851
0.9658775121662385
0.4403671612644844
0.9215736982864032
0.024478177689776302
0.05606940692134282
0.5252772868905727
0.1491808494096599
0.9788194018901292
0.8848059336328279
0.6671614446194216
0.4342375652900589
0.3095018189293486
0.9963217564252158
0.07213427639131703
0.014758230486018506
0.9480120202487246
0.9451654753374531
0.9870495385188942
0.44077952307587526
0.46565178805856333
0.008773235570203292
0.006435528858066764
0.9932040079720266
0.1526856095949687
0.021836333700223302
0.12156548854106136
0.9010887695802237
0.06716220957315829
0.9848630331066258
0.9684057821913103
0.0115758764413012
