"proba"
0.3925346061948962
0.07585945641989941
0.3338811603236124
0.8109991878992795
0.42783662019774366
0.8837108903127657
0.3914707307117803
0.10483296634463
0.4681901721556272
0.898617420957466
0.8411378312780908
0.8117568592471562
0.38144539391179577
0.7282764767312605
0.7831413181124471
0.10358244409414709
0.34947515344485763
0.9594876982929346
0.5926521503783398
0.18038598120186095
0.6112195428940528
0.2693887839426701
0.12701008571775532
0.5677059043303208
0.7269423332326678
0.7450638307492919
0.3538223326805905
0.2734670731095706
0.46637832973455445
0.1427171421871589
0.1780562577231415
0.6123126868664948
0.6539123395065688
0.2948005244102916
0.6179670938680275
0.3536597726748568
0.6236378064366903
0.9581251503871563
0.6345344154495628
0.7443365585315039
0.4957557478764159
0.8275132749553186
0.7200503693050532
0.707730568196373
0.4406208296506405
0.8431944595642754
0.11767422391851519
0.7661360155807238
0.3741376530903465
0.2753476771384241
0.9201276840490347
0.42849174739982243
0.5752966365140791
0.6911907853895464
0.7913867645407794
0.15962547560565352
0.7759148696287975
0.08843705242483298
0.5656325586891106
0.11175936336796224
0.8172297678894217
0.4138729475015409
0.4105890119474152
0.573334103667883
0.8436470127367711
0.3740170087377896
0.18148593987905293
0.6099167068847897
0.5493645665976381
0.8118484934711916
0.7995687044233426
0.13661399897286297
0.8864787050678655
0.8183296547623312
0.5835708343979977
0.23323465140859834
0.8166838347219441
0.1780285143092186
0.8371894380145007
0.15324901989192427
0.48585454977357345
0.8232057278213047
0.29652770563361647
0.9063468596046432
0.7136311580584094
0.40237931355574846
0.5620431473839934
0.6738897626249852
0.6909995197927505
0.7010767464114949
0.5794241996340838
0.11347592983210929
0.442454725062064
0.3855383372485659
0.7775705942143976
0.3437832813871243
0.4821018978446964
0.2890759228441428
0.5910714452412282
0.5815261687356408
0.16867170000169274
0.5489349068445556
0.6434094312503049
0.8512248485844035
0.36721197377931775
0.6517828728325272
0.6448599837702907
0.7246696975769961
0.942802027978899
0.7775361142965951
0.6836702281854433
0.2349095360859585
0.744234654313375
0.14108895069169178
0.11807644856852019
0.16616006263950558
0.7258186157497247
0.2812093069794226
0.6401849619799771
0.024978735808673186
0.20232712800572852
0.6509756595929876
0.860053161526945
0.5593722230574845
0.7328345339550637
0.7399091875445056
0.30365133217722523
0.0591477415902789
0.8948062739707627
0.3493724750658903
0.8972945971986158
0.6353023107286189
0.20299092610954522
0.7921226681798798
0.32297748345358146
0.7389044874746474
0.6286226011647953
0.7338060958810135
0.6815817933314988
0.30430605825396795
0.36304464772256534
0.6816764526285165
0.8342425717388064
0.2881989674379358
0.38116765077848536
0.7412349436852983
0.5954811823063746
0.2814468276618162
0.2801399172807763
0.5537435484653148
0.7824130916300465
0.09154112397898105
0.8992661936688268
0.12112776510672368
0.10567561322345914
0.6242137917359354
0.7897944098550256
0.692740956013874
0.3790610562864375
0.7189210871577125
0.7373700550890773
0.8854922878049171
0.575652535635043
0.052730937000503394
0.294931177374916
0.47669451765076487
0.3497815070971127
0.9540659745336812
0.2637351657555725
0.23187104988785667
0.851893236500355
0.6306471447285539
0.4199388631735396
0.44521891276224307
0.4522510149334095
0.8854271122530951
0.6498508080297293
0.3256078181570081
0.6946382849255107
0.21047004846101192
0.6001084063673185
0.3481585631906363
0.7076542244507058
0.4019279498317305
0.33198966163746857
0.5954141774962067
0.5334672414586217
0.30731904295798135
0.2281255783237884
0.08346379369704673
0.6604565564872735
0.9618913859210252
0.17502081388066906
0.30137699431564785
0.218823642798234
0.7932834686199464
0.18949392113351304
0.6844855952502336
0.16148196597062445
0.2903283218143279
0.08793030932962445
0.7247013389348199
0.8152621232467699
0.4989074285143658
0.052237486045274534
0.04726356021871688
0.7374604491952653
0.9346118341396576
0.7285402503067502
0.25134425094924095
0.10216073004787482
0.33361278349739903
0.2486090922888742
0.13096836387831873
0.15170855414229553
0.25827452569697895
0.9241222374846653
0.953845058416008
0.05482165503325509
0.3735203669559835
0.6984751343173122
0.694424276202907
0.6427228948231062
0.13196940733232457
0.42438398301784824
0.36915985069266316
0.1473327493888692
0.36796390912960414
0.33124605714666294
0.7374241894227429
0.45650445041690696
0.3034384934481515
0.6982974939511932
0.5489154725927223
0.6524841158353183
0.8444545666599933
0.34865450605508475
0.6375338792602505
0.3744655769313864
0.7890342672692144
0.616756208381949
0.3432272844854298
0.9425707541700197
0.297989966858495
0.13242078396827034
0.9051984804871815
0.7446556236032394
0.29239136793913895
0.2147264661082269
0.7157971763235881
0.6384851019092217
0.41335902043788425
0.29201411770687186
0.32440970311646133
0.30832953398138135
0.7028090102108862
0.3818250547056002
0.20409783252727243
0.6177969272804472
0.7600792704770513
0.6910102340050887
0.9224410833515995
0.9490304492182199
0.23515357255126665
0.8304692182282051
0.8701980140958965
0.33120229519533995
0.4964211113018182
0.7209865754076792
0.0899231084679321
0.6293992402716654
0.4153703821470449
0.023894644867809303
0.34582325226644817
0.06179935517848276
0.46077592583291466
0.656410821569089
0.18218615836214178
0.6242461173846073
0.874134459762575
0.6362482911807901
0.19885407507639377
0.143408867685099
0.6858237284529488
0.8328029261538799
0.27412543378066206
0.35545953176387207
0.6771653984067245
0.682822606186152
0.2931519815979951
0.1547673708474746
0.34194745112556696
0.7026934703418373
0.9001443349283674
0.6721335540528144
0.8711684918446392
0.32835426257572103
0.5907702083307999
0.7104809260493685
0.4956734230101982
0.1436999798969871
0.4955933359206601
0.7634922645319344
0.6874471809271112
0.5926352349422679
0.9526563621865284
0.391296696718957
0.5320495923403906
0.6861294092557301
0.29454935859587017
0.6499961141020665
0.8556326977222949
0.44500382621570894
0.4710024379594739
0.7500928629232085
0.07549745045002187
0.43865639119921024
0.20500830871576695
0.8454832331245946
0.40609979858626766
0.1741261566179742
0.0673134895353068
0.4876874581062129
0.9048414559959875
0.3354188493995171
0.3169830161819743
0.26344655938201783
0.4496264390188544
0.7003043320420589
0.19189583640455526
0.9634300606612203
0.8313746613296675
0.9234829500876716
0.724229972612807
0.27905742441310183
0.9334369552434602
0.10326524525485631
0.23581968374943668
0.6377938398666143
0.6573365095174125
0.13362383558621535
0.11053401971136337
0.914448987015867
0.3646375038795736
0.6301050709247448
0.059960011831074654
0.2855212295384338
0.5503447628003283
0.7760744696446961
0.6897112702010766
0.43098160023952914
0.8810323196129476
0.4062170743537371
0.18859008468365376
0.06026374862583632
0.12506165619869397
0.9637955777329693
0.41050218262939286
0.7852250312958767
0.040528595013683597
0.35051396365779036
0.3113528715850323
0.5955281935097659
0.3520067280848522
0.8685477574360799
0.6286391761929585
0.4103343218644404
0.4297960631354824
0.7648052778906835
0.9627547788530239
0.08811162317570889
0.053120335545460515
0.564388093288002
0.3064145251463961
0.7167182099073651
0.8992841229105677
0.8657029065066235
0.804243938022308
0.14666481638419562
0.9291437990602868
0.2188030518324597
0.5811506857407744
0.8637053012138654
0.8431604150693012
0.41453441687503434
0.7996573886668371
0.3992268379056306
0.7553214802574728
0.43454607375907495
0.24258422870614504
0.773066352142024
0.26007016734819116
0.753590081374109
0.6128474559492848
0.8952021388854121
0.7251196921563631
0.8458360776359986
0.37943712455509915
0.19107530113420013
0.35945179680476014
0.6463684702489255
0.43384301797228575
0.36347030895610194
0.6286220135520774
0.9349351575691174
0.4034254580803537
0.35200269744346424
0.8950227875023592
0.4690230201538322
0.39229041584516683
0.3012028329888464
0.8797525186215854
0.7104441789894884
0.2919983177020248
0.46858356813834623
0.6267968697909838
0.5626037646346398
0.46345130730531486
0.7755590432992372
0.7883234557005749
0.6464987389245144
0.42518702802724945
0.6975915213740215
0.1839383203384833
0.42739444452266817
0.6125242235150231
0.39496718014898957
0.42133155214529466
0.3280230512811458
0.7460601026951348
0.37674608268764564
0.7083597309228844
0.19261525177103034
0.13836007404056194
0.6507663275766778
0.6532488317633207
0.6170160564685426
0.8948688620823338
0.2530456356715414
0.18146468964278448
0.9463387424637464
0.3480377831834231
0.6488971316391107
0.16794589779714034
0.18959432278880986
0.7581752938242758
0.6532611357293344
0.8032632037953934
0.1898581179861895
0.482435002880221
0.6550716836969596
0.7771484067205139
0.7306193395675373
0.6390698814406581
0.12279774128102525
0.188015402992939
0.34565995962313495
0.2564573663055129
0.6878048940664492
0.2108457633874634
0.41696490892377774
0.1322879716744809
0.2871860405780229
0.39666615140624356
0.8361376458315668
0.06545896481739308
0.5280165995329525
0.899304641997075
0.6020280020479053
0.15812996972172932
0.5548679690771016
0.5440537572650597
0.3279231571051026
0.17830795468143937
0.5368977510919488
0.8799451997958102
0.4590318468104744
0.6482385254291599
0.4261263883929664
0.8000164711514307
0.29562555850092814
0.9636123555377881
0.6618600692441552
0.8522753968892528
0.407818255664507
0.6183707842132443
0.7036710069047721
0.15027054312560603
0.41212073249589815
0.742075266824273
0.3302386610081534
0.5965674877497767
0.8663269027812088
0.5860568072210571
0.641223237792074
0.8243982634062583
0.7666449175397687
0.7830083624636857
0.8086463682078658
0.4089060795556506
0.43715961802154074
0.4640522799045252
0.381290462139696
0.22181319485862586
0.6781406480761926
0.1246564126421966
0.758461757568455
0.867602910771196
0.8770912596732104
0.886807513304947
0.28448702179219626
0.38881519680630194
0.5792617282619945
0.37321037875772584
0.3073233655951554
0.23147071601770375
0.3098286211474945
0.21724595175626016
0.6605044487534328
0.8462273639344607
0.695814624071094
0.5792388578230686
0.48641276857769794
0.5335839488951881
0.5756096513405359
0.30241378312557354
0.875532499542344
0.6222392510657435
0.8229567015242946
0.212754925606481
0.5707171427647033
0.7658471047079931
0.7754902441456483
0.5976205223351482
0.5482772395449523
0.7861083234721622
0.7782108750110442
0.9576984402474578
0.47820775331722637
0.6208106822893185
0.1700091289006562
0.5564659663057477
0.19694706346747878
0.2730971051522909
0.1640353275012285
0.8830110609940188
0.2459070746722284
0.6366174694175791
0.45751429379541253
0.28756483326306603
0.5940158110698934
0.5794261525352713
0.6148066946577165
0.12682477522079647
0.7399944314854872
0.5455858663066466
0.5277697515476927
0.7767031049400284
0.10412681397189621
0.7960933709677106
0.7658904870904386
0.3902945442132752
0.5224414064277789
0.6519817472429963
0.4758269931297519
0.3618309968303933
0.6667136593783021
0.3226692209906362
0.591791335365011
0.8139986918085997
0.6610036861612336
0.7674195089761149
0.3245840420835751
0.3899550180338972
0.4204155736645647
0.3920949982124458
0.8980796983922962
0.6874760868548583
0.40309998110103396
0.3783911975022535
0.4108323215914652
0.8240683582533177
0.5291085088245459
0.2062012674965119
0.7132089195197913
0.5970245842907854
0.8387757830604088
0.4751717213748707
0.4874766188995115
0.09691616925051476
0.09011450907428833
0.8571343202534473
0.4013631672593135
0.1348490992328192
0.37966956169322486
0.8489409173481628
0.3176852895507313
0.8815952145992658
0.8650786026848645
0.11211731487819154
