"proba"
0.12199485
0.03751498
0.14420147
0.9612943
0.3199572
0.98504436
0.56679326
0.04301651
0.29674488
0.97325575
0.98706484
0.9711846
0.7290927
0.8314698
0.96791774
0.1094923
0.08154184
0.9943528
0.7663422
0.037672043
0.8428742
0.012042451
0.10738987
0.8752177
0.87488216
0.9519446
0.048541814
0.064518504
0.30020818
0.016670424
0.0501794
0.9288201
0.6686454
0.20831174
0.9477868
0.121356584
0.4307583
0.9920501
0.78281736
0.83999276
0.7765468
0.9485751
0.8485513
0.91550714
0.27626294
0.91131955
0.01849557
0.92737484
0.1485777
0.08586345
0.9840762
0.39922217
0.16348352
0.88860303
0.9306342
0.1076662
0.9658558
0.030117584
0.85109055
0.010249033
0.92099494
0.07004764
0.13052158
0.62397027
0.9944351
0.11248851
0.01520637
0.67121834
0.47071567
0.9578627
0.9343353
0.037676454
0.9652071
0.94170845
0.82520515
0.047312036
0.881349
0.052447714
0.98776776
0.043077312
0.38348126
0.85087067
0.2123863
0.9693312
0.8445253
0.42940223
0.5222911
0.7893301
0.92926687
0.8315733
0.683414
0.017939787
0.585863
0.30076292
0.8643103
0.08049474
0.17717154
0.05786172
0.9404127
0.59292305
0.008621048
0.7335149
0.9141005
0.9924229
0.15302739
0.8486401
0.32066187
0.8434651
0.996203
0.61587566
0.7734777
0.48237547
0.8407148
0.0696852
0.012525567
0.18682425
0.9441549
0.13847952
0.8987518
0.0053941556
0.022973394
0.76347065
0.9745341
0.6107988
0.59053826
0.9411984
0.15641315
0.0064780083
0.98196936
0.21024212
0.9911273
0.1486307
0.13780554
0.9368214
0.018457435
0.9450527
0.9771821
0.94200635
0.90793484
0.017131407
0.1013184
0.82631284
0.96257
0.04041484
0.2664563
0.84472626
0.2195973
0.30008703
0.03838506
0.61984456
0.93883973
0.022725215
0.9609724
0.037363797
0.03893981
0.74028903
0.87830985
0.82917756
0.30142084
0.92998934
0.9263092
0.93533164
0.55974585
0.020610215
0.033590537
0.202012
0.073695555
0.9918624
0.79804766
0.056289565
0.9803334
0.93288696
0.42427614
0.29561433
0.4206973
0.99587053
0.6659494
0.18656549
0.44587782
0.117387176
0.88192725
0.28537136
0.8849063
0.21131153
0.047925696
0.6828858
0.36399522
0.09492047
0.017506097
0.056420118
0.94907475
0.9822082
0.035478607
0.029615968
0.3069094
0.93875915
0.03926257
0.8532153
0.06221343
0.025867738
0.038787033
0.9551711
0.9729479
0.75783217
0.014278806
0.0041195783
0.88109607
0.9626512
0.8351196
0.062932275
0.017096885
0.23455893
0.04742554
0.046969462
0.022495832
0.076575175
0.9770817
0.99410075
0.013451078
0.20375983
0.6357794
0.95361066
0.37487158
0.08730398
0.5668363
0.5371378
0.07953425
0.046304904
0.2936688
0.86962664
0.30911493
0.046527345
0.942183
0.7070638
0.71509963
0.9406347
0.23933299
0.7563631
0.10157581
0.92596966
0.7486205
0.19366184
0.9953869
0.13417089
0.02555241
0.99153453
0.9251918
0.27374
0.03482454
0.37323925
0.7512246
0.1807626
0.11543982
0.10984615
0.035141796
0.90255326
0.3723548
0.13888906
0.9038775
0.87873805
0.93812525
0.9758204
0.9768322
0.048998993
0.95566785
0.9702746
0.078345455
0.9143366
0.8424753
0.016150873
0.8246283
0.25253737
0.018946698
0.17199206
0.022925904
0.3035747
0.79664075
0.03797242
0.51073277
0.981791
0.31591654
0.033790246
0.035389174
0.91567034
0.99172616
0.23252544
0.15545063
0.735619
0.8630615
0.058374453
0.0509474
0.09709808
0.8951613
0.97040796
0.69038254
0.9736084
0.23511912
0.7604894
0.89887035
0.62846434
0.039449386
0.038004015
0.88204706
0.9361886
0.86028975
0.99598736
0.35059577
0.27586576
0.90339315
0.08591636
0.8953562
0.9825501
0.07260626
0.5872566
0.98764324
0.061278723
0.6727731
0.019846778
0.9157565
0.4202783
0.060478557
0.011775989
0.431661
0.98460984
0.21753624
0.06607446
0.027375162
0.4375077
0.9087972
0.04202679
0.99566597
0.96818024
0.9646953
0.91341203
0.15545078
0.97783
0.03021345
0.022623243
0.49467322
0.7012136
0.020556903
0.05766392
0.9860108
0.15386821
0.7113169
0.020359332
0.28496137
0.62773657
0.8885899
0.63937914
0.3668477
0.98412305
0.8286173
0.03061907
0.013042937
0.02374854
0.99229676
0.20929682
0.9733193
0.007923322
0.15800686
0.25212392
0.9506332
0.11569968
0.9625603
0.87372816
0.09208712
0.18130271
0.9755662
0.994028
0.044246968
0.0076015117
0.47006327
0.13815765
0.7890131
0.955847
0.9664599
0.94409895
0.03331472
0.9890058
0.036886614
0.75802547
0.8652771
0.98548627
0.36666694
0.8539971
0.6723715
0.8523286
0.63015234
0.024190608
0.9018969
0.1931063
0.9035577
0.7160513
0.98863065
0.94302595
0.90251124
0.31180614
0.06451668
0.16707666
0.8062312
0.30332237
0.2755024
0.94227415
0.9944674
0.055838987
0.32612956
0.9956591
0.79575485
0.38420087
0.08341806
0.97403145
0.96741074
0.055889066
0.43881541
0.5970488
0.6968339
0.41437903
0.97038776
0.91343254
0.9016192
0.64109874
0.7194351
0.093311794
0.38569817
0.78440726
0.13767205
0.32773998
0.14109766
0.58865005
0.76230645
0.80284053
0.013192834
0.037947748
0.55083346
0.7395549
0.6225607
0.964575
0.08635063
0.027231466
0.99040973
0.04504225
0.8593973
0.013241227
0.039180983
0.7893881
0.9534959
0.9585513
0.06756904
0.6493379
0.7119601
0.95690477
0.8332096
0.63032424
0.052460212
0.055875793
0.38597947
0.2799836
0.92012745
0.19212562
0.21141756
0.020508949
0.081614524
0.48334977
0.9537978
0.034784555
0.20367405
0.97456044
0.97074527
0.06265218
0.30615023
0.5342872
0.112992056
0.120712176
0.50849235
0.9604366
0.2596121
0.56924933
0.2181506
0.9523903
0.049253803
0.9930515
0.46689513
0.92871314
0.46051902
0.7223509
0.86302674
0.037775293
0.15747762
0.85575414
0.06536566
0.7883315
0.9493119
0.41293752
0.7293662
0.87722784
0.9317709
0.9270559
0.94975936
0.73383766
0.21421726
0.348802
0.07262245
0.01756085
0.73821646
0.091039434
0.9139786
0.9870179
0.9704406
0.95833135
0.02770822
0.46337596
0.63846534
0.19184819
0.5498381
0.27229533
0.22310778
0.014161544
0.8113747
0.96865654
0.9071175
0.9573857
0.8077304
0.62048066
0.47906587
0.1550766
0.9869573
0.26880768
0.7380877
0.17233789
0.13627551
0.8105059
0.9610903
0.42270613
0.6672523
0.9609907
0.9472669
0.98824406
0.14338395
0.7500142
0.04861703
0.34524432
0.07682931
0.31192723
0.11895
0.9906769
0.037071835
0.8617075
0.55372053
0.04275347
0.73748
0.32908058
0.905806
0.106394306
0.7529108
0.5673082
0.19698858
0.7986425
0.037574425
0.9604338
0.9128229
0.22975704
0.4333007
0.77751535
0.43073142
0.35868865
0.9820602
0.41359758
0.79551464
0.9669814
0.5487331
0.8986649
0.05874029
0.11932933
0.39503708
0.1992355
0.9582795
0.8601725
0.39629716
0.33765477
0.12193819
0.9722295
0.11552578
0.06233106
0.88908994
0.92306024
0.97141784
0.65992326
0.4352308
0.0064613894
0.024332764
0.98607266
0.07719399
0.0344942
0.3015718
0.9181472
0.055156898
0.9663923
0.986416
0.020824755
