268906
0.988000
0.988000
0.716000
0.000000
0.812000
0.000000
0.980000
0.932000
0.580000
0.128000
0.000000
0.036000
0.892000
0.044000
0.040000
0.996000
0.756000
0.020000
0.784000
1.000000
0.980000
0.912000
0.784000
0.064000
0.004000
0.000000
0.576000
0.804000
0.364000
0.920000
0.984000
0.020000
0.064000
0.832000
0.016000
0.936000
0.112000
0.000000
0.184000
0.000000
0.092000
0.000000
0.064000
0.004000
0.920000
0.000000
0.996000
0.020000
0.932000
0.864000
0.012000
0.692000
0.900000
0.256000
0.004000
0.536000
0.008000
0.708000
0.004000
0.976000
0.000000
0.896000
0.740000
0.276000
0.156000
0.868000
0.892000
0.024000
0.428000
0.336000
0.008000
0.796000
0.132000
0.096000
0.080000
0.992000
0.040000
0.592000
0.040000
0.856000
0.596000
0.080000
0.600000
0.000000
0.460000
0.048000
0.288000
0.008000
0.076000
0.000000
0.480000
0.964000
0.800000
0.984000
0.248000
0.784000
0.588000
0.856000
0.036000
0.540000
0.924000
0.332000
0.732000
0.144000
0.980000
0.080000
0.024000
0.544000
0.000000
0.004000
0.004000
0.592000
0.532000
0.996000
0.920000
0.808000
0.004000
0.980000
0.188000
0.908000
0.976000
0.276000
0.000000
0.308000
0.748000
0.000000
0.728000
0.996000
0.220000
0.368000
0.028000
0.572000
0.760000
0.000000
1.000000
0.060000
0.220000
0.004000
0.540000
0.996000
0.696000
0.292000
0.000000
0.992000
1.000000
0.000000
0.304000
0.968000
0.788000
0.660000
0.240000
1.000000
0.000000
1.000000
1.000000
0.616000
0.000000
0.096000
0.720000
0.524000
0.000000
0.000000
0.656000
1.000000
1.000000
0.936000
0.512000
0.000000
0.952000
0.588000
0.000000
0.460000
0.444000
0.844000
0.880000
0.044000
0.256000
0.996000
0.036000
1.000000
0.012000
0.996000
0.068000
0.340000
1.000000
0.536000
0.952000
0.940000
0.796000
0.896000
0.056000
0.004000
1.000000
0.848000
0.796000
0.004000
1.000000
0.000000
0.548000
1.000000
0.960000
0.000000
0.000000
0.104000
0.596000
1.000000
0.080000
0.000000
0.084000
0.440000
0.936000
0.992000
0.944000
1.000000
1.000000
0.916000
0.000000
0.000000
1.000000
0.996000
0.024000
0.000000
0.916000
0.988000
0.872000
0.348000
0.988000
0.968000
0.800000
0.012000
0.264000
0.864000
0.228000
0.332000
0.028000
0.192000
0.960000
0.240000
0.772000
0.140000
0.696000
0.872000
0.000000
0.856000
0.984000
0.000000
0.000000
0.888000
0.992000
0.008000
0.208000
0.480000
0.960000
0.596000
0.880000
0.000000
0.600000
0.980000
0.008000
0.172000
0.084000
0.036000
0.000000
0.832000
0.000000
0.012000
0.996000
0.960000
0.000000
0.996000
0.052000
0.004000
1.000000
0.820000
0.956000
0.964000
0.100000
0.328000
0.104000
0.000000
0.492000
1.000000
0.220000
0.000000
0.012000
0.964000
0.996000
0.076000
0.016000
1.000000
0.696000
0.992000
0.076000
0.000000
0.000000
0.000000
0.892000
0.172000
0.000000
0.576000
1.000000
0.776000
0.000000
0.004000
0.696000
0.056000
0.624000
0.012000
0.020000
0.960000
0.432000
0.068000
0.996000
0.596000
0.000000
0.996000
0.936000
1.000000
0.000000
0.396000
1.000000
0.996000
0.464000
0.044000
1.000000
0.952000
1.000000
0.220000
0.328000
1.000000
0.068000
0.000000
0.000000
0.000000
1.000000
0.028000
0.940000
1.000000
0.656000
0.020000
0.884000
1.000000
0.000000
0.984000
0.344000
1.000000
0.992000
0.348000
0.016000
0.204000
0.912000
0.016000
0.868000
1.000000
1.000000
1.000000
0.000000
0.292000
0.276000
1.000000
0.860000
0.984000
0.080000
0.728000
0.092000
0.688000
0.940000
0.972000
0.004000
0.000000
0.988000
1.000000
0.644000
0.960000
0.148000
0.000000
0.016000
0.068000
1.000000
0.008000
0.996000
0.404000
0.216000
0.000000
0.012000
0.116000
0.816000
0.112000
0.988000
0.864000
0.028000
0.996000
0.000000
0.280000
0.016000
0.352000
0.016000
0.612000
0.984000
0.744000
0.076000
0.580000
0.996000
0.016000
0.000000
1.000000
0.996000
0.000000
0.068000
0.968000
1.000000
0.040000
0.008000
0.980000
0.864000
0.084000
0.032000
0.764000
0.000000
0.068000
0.240000
0.800000
0.024000
0.236000
0.204000
0.096000
0.776000
0.736000
0.624000
0.420000
0.824000
0.000000
0.952000
0.780000
0.064000
0.156000
0.196000
0.056000
1.000000
1.000000
0.000000
0.480000
0.008000
1.000000
0.932000
0.000000
0.024000
0.000000
0.696000
0.444000
0.120000
0.036000
0.008000
0.456000
0.996000
0.996000
0.348000
0.972000
0.000000
0.700000
0.784000
0.956000
1.000000
0.992000
0.168000
0.912000
0.544000
0.000000
0.016000
0.828000
0.392000
0.244000
0.764000
0.768000
0.000000
0.008000
0.836000
0.180000
0.980000
0.000000
0.540000
0.000000
0.252000
0.000000
0.808000
0.368000
0.000000
0.968000
0.416000
0.304000
0.940000
0.484000
0.036000
0.212000
0.276000
0.008000
0.008000
0.000000
0.068000
0.480000
0.492000
0.108000
0.992000
0.996000
0.016000
0.420000
0.076000
0.060000
0.000000
0.140000
1.000000
0.884000
0.220000
0.424000
0.848000
1.000000
0.568000
0.980000
0.416000
0.024000
0.032000
0.044000
0.012000
0.388000
0.000000
0.984000
0.004000
0.896000
0.000000
1.000000
0.036000
0.128000
0.048000
0.584000
0.192000
0.564000
0.000000
0.124000
0.992000
0.192000
1.000000
1.000000
0.988000
0.980000
1.000000
0.004000
0.988000
0.012000
0.248000
0.964000
0.772000
0.796000
0.256000
0.996000
0.352000
0.712000
0.336000
0.012000
0.996000
0.040000
0.004000
0.964000
0.092000
0.068000
0.564000
1.000000
0.016000
0.888000
0.236000
0.168000
0.344000
0.148000
0.980000
0.996000
0.540000
0.928000
0.188000
0.080000
0.104000
0.976000
0.972000
0.028000
0.964000
1.000000
0.064000
0.064000
0.036000
0.832000
0.380000
1.000000
0.936000
0.000000
0.876000
1.000000
0.520000
0.092000
0.388000
0.000000
0.016000
1.000000
