268906
0.671613
0.698336
0.629407
0.291411
0.663769
0.294153
0.684905
0.689465
0.393256
0.296260
0.315222
0.293118
0.692418
0.312029
0.304444
0.692212
0.594365
0.285151
0.667024
0.696210
0.665466
0.694563
0.698207
0.363387
0.318766
0.297955
0.517340
0.673071
0.578547
0.704169
0.708634
0.305358
0.312554
0.665253
0.324540
0.686714
0.339514
0.307521
0.322962
0.313756
0.335880
0.300692
0.319553
0.311978
0.662196
0.291001
0.694971
0.315725
0.697030
0.672965
0.294204
0.513652
0.652978
0.321861
0.289696
0.691341
0.298399
0.673044
0.340337
0.699585
0.293741
0.683924
0.662822
0.582207
0.294697
0.640637
0.697622
0.324405
0.448792
0.330672
0.302467
0.687878
0.296152
0.298604
0.321569
0.691590
0.310158
0.572206
0.293606
0.682659
0.634821
0.315538
0.656287
0.303776
0.336246
0.381677
0.333195
0.331013
0.307314
0.316491
0.522006
0.692658
0.668021
0.661742
0.309542
0.678950
0.655431
0.673578
0.322024
0.528385
0.714436
0.376312
0.479860
0.300776
0.686315
0.324580
0.318219
0.342091
0.293957
0.324767
0.312159
0.387504
0.460033
0.689492
0.696748
0.666218
0.316427
0.700961
0.312464
0.701202
0.703883
0.328971
0.299681
0.489833
0.322027
0.326785
0.688054
0.694981
0.293677
0.384416
0.307082
0.458663
0.690947
0.311211
0.698575
0.318352
0.326119
0.311239
0.352723
0.695334
0.639172
0.335426
0.293590
0.700046
0.679358
0.335490
0.576043
0.691010
0.691134
0.667843
0.314480
0.694485
0.299009
0.691019
0.695967
0.361770
0.287553
0.308385
0.656599
0.355761
0.323481
0.296540
0.630517
0.698686
0.697818
0.689692
0.586368
0.290489
0.686180
0.650001
0.305136
0.350603
0.494084
0.662309
0.480332
0.309134
0.313323
0.681289
0.305469
0.710727
0.358802
0.659051
0.305824
0.405711
0.703855
0.530666
0.659202
0.682167
0.696383
0.691136
0.302614
0.303923
0.700948
0.677649
0.684502
0.296107
0.689108
0.314530
0.676327
0.700007
0.695982
0.290213
0.298540
0.312310
0.685379
0.696365
0.313404
0.289999
0.316419
0.689447
0.689610
0.692951
0.688589
0.691744
0.694959
0.691643
0.293256
0.296972
0.681463
0.679145
0.311226
0.311523
0.480140
0.691529
0.507481
0.548178
0.699956
0.681193
0.682508
0.327249
0.612212
0.681017
0.311083
0.430150
0.336242
0.294489
0.675844
0.364636
0.676829
0.296173
0.548976
0.689121
0.296946
0.677149
0.691249
0.300447
0.293897
0.697622
0.684821
0.310942
0.329757
0.595152
0.694857
0.663229
0.695347
0.304280
0.655571
0.684849
0.303414
0.301820
0.313930
0.286281
0.294511
0.689002
0.291627
0.288983
0.674169
0.646212
0.313293
0.693554
0.334339
0.364869
0.690200
0.681060
0.688737
0.674587
0.324629
0.655428
0.331520
0.297716
0.504229
0.684762
0.574648
0.308429
0.303151
0.661487
0.683898
0.324180
0.312752
0.698600
0.696643
0.690309
0.315503
0.296949
0.291606
0.293553
0.683483
0.446286
0.316072
0.412070
0.694476
0.692736
0.303208
0.321101
0.406064
0.294278
0.689328
0.344542
0.314931
0.703986
0.361235
0.288631
0.678808
0.432519
0.293507
0.698526
0.650841
0.695112
0.283452
0.576174
0.697399
0.684756
0.584246
0.299266
0.687429
0.693589
0.698421
0.582126
0.310888
0.683194
0.284417
0.299508
0.300297
0.328088
0.706546
0.290017
0.695626
0.706208
0.408210
0.306473
0.690315
0.692407
0.292183
0.692518
0.613134
0.694713
0.674445
0.402932
0.296813
0.324201
0.699579
0.297398
0.688073
0.691426
0.699855
0.682423
0.295691
0.655135
0.291995
0.699000
0.679897
0.682619
0.320107
0.638211
0.297083
0.369596
0.678754
0.660425
0.310848
0.292075
0.694022
0.699046
0.509494
0.673872
0.311811
0.291638
0.299669
0.305722
0.687556
0.300108
0.693596
0.363930
0.310959
0.289336
0.352300
0.312842
0.687830
0.308572
0.690878
0.694577
0.321119
0.688287
0.306185
0.355358
0.310312
0.332671
0.294673
0.671539
0.688836
0.670206
0.309536
0.420780
0.668956
0.304444
0.291291
0.687575
0.696991
0.294194
0.340939
0.690776
0.693958
0.296383
0.309647
0.691487
0.652942
0.309869
0.320136
0.640215
0.295854
0.300207
0.391815
0.687547
0.317791
0.690053
0.412884
0.317851
0.691353
0.652493
0.669537
0.504897
0.673727
0.325360
0.686605
0.679140
0.329869
0.345392
0.338501
0.287545
0.675606
0.686761
0.291299
0.678312
0.317677
0.694540
0.694035
0.299264
0.298505
0.294445
0.679668
0.510774
0.330996
0.320893
0.332611
0.311669
0.684302
0.688879
0.408968
0.663133
0.330656
0.682066
0.648534
0.688618
0.691876
0.678659
0.291440
0.691501
0.599082
0.302981
0.320662
0.693581
0.380416
0.360734
0.673576
0.693141
0.343241
0.314164
0.587221
0.336998
0.667353
0.295852
0.684914
0.288484
0.329303
0.303144
0.665045
0.412158
0.307080
0.695859
0.663861
0.312809
0.687180
0.444539
0.298190
0.338967
0.385784
0.305464
0.314972
0.295922
0.311125
0.625180
0.508815
0.504104
0.684214
0.708882
0.314891
0.682330
0.305172
0.304130
0.297663
0.285407
0.694001
0.687617
0.544188
0.632686
0.682388
0.692192
0.658241
0.703850
0.484627
0.299852
0.308302
0.309882
0.315448
0.336471
0.302553
0.689173
0.297388
0.650036
0.315944
0.690158
0.527283
0.311426
0.329341
0.375753
0.347439
0.333240
0.304848
0.292557
0.670848
0.402602
0.693054
0.669813
0.675783
0.674044
0.701298
0.296533
0.687434
0.342881
0.467120
0.685025
0.392333
0.671007
0.315719
0.683027
0.330215
0.660578
0.369215
0.295259
0.698279
0.308455
0.320488
0.665401
0.357031
0.324851
0.604240
0.682147
0.296259
0.682941
0.513923
0.353717
0.325539
0.308850
0.688201
0.685161
0.544494
0.692174
0.309063
0.332432
0.439659
0.680887
0.656234
0.313511
0.682737
0.692537
0.322788
0.308180
0.305111
0.648983
0.367133
0.694851
0.689801
0.294219
0.662883
0.690422
0.643307
0.294598
0.538596
0.296928
0.297291
0.698672
