313325_313342
0.19304078437327726
0.07354799878958251
0.46483940208988245
0.9224077005220229
0.35854297193205253
0.9209324824551938
0.26400957311949796
0.11928285139710332
0.49845149565226254
0.8925298221579083
0.8622607381451787
0.8643193812213633
0.22746618958498266
0.7889082540337632
0.7737920505820066
0.11467016606293254
0.3525391295774785
0.9443044597510334
0.3332234328406318
0.07676293095300371
0.36621193500559346
0.11325778332957892
0.06709328339772758
0.6825835892938557
0.8324080380368392
0.9105898092881812
0.5007063650722288
0.33026114411507823
0.40648586320641505
0.08268272896174488
0.11088587678085846
0.7487461306215236
0.8163525028535655
0.30628337849811027
0.8055508545216558
0.2270439685220552
0.6913823204766346
0.9404189638857848
0.7317491106786589
0.892991798533196
0.6692065765138369
0.8642246935296811
0.6435608446561898
0.838586279771158
0.371468430838476
0.9085843620641729
0.20675050961735725
0.8161124195040916
0.18159588559040674
0.29346793175291913
0.9414319579233061
0.38769384726442246
0.3614804653452607
0.7085991617717735
0.9062901813964273
0.1533295033986094
0.897742937768688
0.26394873349325554
0.7274482266879905
0.09800276246510511
0.8975587394179697
0.17551696461025307
0.5597928826069102
0.5123870946032831
0.7868125508818792
0.4486004711274583
0.2158104457835655
0.7699251129948925
0.4845284310360678
0.7129258317710154
0.8855898392252511
0.19776006197852314
0.9168759141903607
0.7759486034165936
0.7254190398140383
0.1473507539033602
0.8122366306221043
0.4336099749924056
0.8970892955141556
0.19707986513537257
0.41192834547188306
0.7906827994185074
0.4020388153480044
0.9356353398907353
0.6801370195336699
0.7367005914858731
0.6943292252610728
0.7731483635293905
0.7599680442285556
0.8626859390730276
0.46582090575252366
0.1104264763300151
0.37739805382355346
0.24303970315733417
0.7587461234528671
0.18943128684981037
0.436116935096139
0.2729102415721123
0.724714408238615
0.48767103861398264
0.14265642109990803
0.6120229594194984
0.49564553093812264
0.7908951968093524
0.1915825618984808
0.7556533455567764
0.7796659902509954
0.6399028079413872
0.9066390847504512
0.848789704492102
0.8155410104033372
0.5923535518439169
0.49065039218064876
0.1545885379904314
0.1231533100693081
0.2292876980873343
0.8309340587350004
0.15566704430373282
0.6615519185111156
0.06967022333744931
0.14450317679367208
0.7149710445050366
0.8952307615374149
0.45790632750766674
0.5672636290251742
0.8687406848795094
0.18405734570257182
0.09419571894283246
0.9203023766823192
0.5291322559859452
0.8989601649498913
0.44016380429969465
0.2768964282955242
0.85527283042169
0.06905232171285107
0.8236152507892203
0.5367107252620709
0.8324751097380255
0.6510837971957307
0.1811032393722612
0.2866777138470874
0.7591377286756591
0.9133081825548632
0.23700575617742634
0.1828938335585069
0.8288148148676506
0.48719603018590424
0.11895036699155861
0.12063900586256057
0.2614401239206017
0.6818752696954676
0.1502228578078815
0.909037580677112
0.14877648473723584
0.1489181058638098
0.49271168237879615
0.9319633869775507
0.849601910947732
0.42420671122198617
0.524621039529308
0.8151706208805766
0.9216929589212134
0.3496523152949161
0.1717019022686277
0.09459251859111073
0.2079253592120824
0.48205210788222086
0.9372556447785454
0.16981615797641741
0.4239448848705496
0.8982862487385431
0.6495513304518896
0.38565465990178577
0.42395483296274045
0.3364480586732157
0.7855048223144001
0.7837848067332823
0.156307285541052
0.7781867838815215
0.08157982885525822
0.7329481013770417
0.2279965463965271
0.8582773595768571
0.4386844271510836
0.1592062040735277
0.4945986735083795
0.3510774747543105
0.21303603587307915
0.1707849483240932
0.17724108542029435
0.665172956052539
0.9215189065687777
0.09521865548423954
0.3157817048026827
0.23351147455588378
0.8865217686000804
0.15080920255176022
0.852540615538038
0.3865013404531731
0.11557503224716031
0.13584155042668838
0.8820029929175415
0.8984803718644095
0.6755866718589026
0.23396088070114446
0.07384132343523095
0.7634200134938909
0.8759052891501176
0.7482247588838133
0.34862788069653855
0.11775138105543766
0.1406162317838352
0.12827160050022451
0.1036422754996594
0.06159141526355402
0.17955325610340697
0.9194359677752905
0.9491959070860823
0.07035000544848148
0.14521644447446067
0.8058276778633132
0.8718025871812042
0.2899997107158957
0.09323089993633515
0.3549713715472472
0.37593641820220147
0.09367505859240755
0.13739449753895172
0.3588963977539617
0.8270408054692966
0.3218473871965385
0.1491403116364743
0.8125606156211459
0.5544884002247279
0.7125031129833137
0.8132108514213675
0.30164430706955864
0.5344144016704526
0.4785315308500133
0.8774361371174264
0.39295789322622215
0.3066843358443132
0.9064584555675703
0.33698934142396453
0.09425044003908856
0.9001142470627346
0.876772168030708
0.1892978673160698
0.23828260915627775
0.753511966245382
0.6106345060975107
0.49103771758552384
0.22447212127006042
0.3708886467253703
0.12649088119817217
0.8045364542033375
0.38673543438089286
0.1368951643377757
0.8301461603974145
0.9022722705084312
0.8490621451605369
0.933319349037714
0.934923255033895
0.15941698750695288
0.8486714086019909
0.8434195625001074
0.2229779184024484
0.22189310709180718
0.8933962148634186
0.09742534418476778
0.729269738349749
0.6761008024487416
0.0740581180088653
0.3010424459011859
0.16041281551406783
0.19756858929616977
0.7905009294610023
0.41254589062270525
0.5730451645072984
0.9316787536129648
0.5145407312424873
0.18796017450433017
0.4835000146081615
0.8484789183975041
0.9120640313447319
0.24010836622305265
0.19180301378454442
0.7642519954013964
0.7984923901833194
0.1428984186841984
0.14241025885788788
0.19508374780460525
0.7671411457841414
0.8793791092754506
0.8800386507469105
0.8328092144870866
0.2038878264536105
0.5291559130910566
0.8584347449203
0.4966147596867512
0.12837238491455566
0.2147684283702933
0.8394389574746095
0.8129672907277035
0.642421002559467
0.9513094863019294
0.41843655285365244
0.740345719992735
0.831088181122672
0.1098912988102978
0.6260674815695468
0.864626897286731
0.23775365089181455
0.5338115543372519
0.9238046680002181
0.16417091074965096
0.27506459369393776
0.09494647207151057
0.9246774116639849
0.5213981548424881
0.09705139998415502
0.09086027730609894
0.46877677400834483
0.8946466207056463
0.17448883282738709
0.1454465305120583
0.13005832087368516
0.3760646654065064
0.8192482376121332
0.1828275725026728
0.9501687376600906
0.8909466880366318
0.9370531610914657
0.8319636083613211
0.09484829670195591
0.840233807865143
0.12189917011374644
0.10419321660852197
0.525498907474198
0.8370903074090716
0.23087364285893763
0.09315303474598047
0.9276953440552433
0.15244045372177142
0.5063808809152832
0.1621129770155846
0.17452250894794108
0.4567453531229917
0.8650363152727596
0.6981191982009591
0.20856133881290412
0.9320047262142153
0.31469527997047786
0.11714574452462151
0.06416377184637675
0.08267832545767387
0.9319434489977956
0.42016235943188207
0.8076760000038838
0.053174560235520446
0.15106642709745324
0.2060713165182997
0.783664270503528
0.40790123333356876
0.684813317790405
0.5496683082166535
0.23575600550545686
0.31896339791773987
0.8530500286245392
0.9263570773409325
0.17513730111930692
0.1260146802183942
0.4927010596580679
0.2780555403066137
0.6897091443481934
0.8917487867166124
0.8286827383900036
0.8640594709095877
0.15491117045251698
0.9351866622108365
0.12239513351432474
0.589064453714245
0.8373491558705577
0.894597225592647
0.6941481268705963
0.7562132134202786
0.20632985006224083
0.7586148475182071
0.23450977739333898
0.26122005641491863
0.8054402769088402
0.23509879345559265
0.8093987969111458
0.636741509347038
0.879062122396701
0.7206014593538252
0.9329508600478705
0.35761547032150237
0.12405823470317957
0.34978865201471554
0.7422545437223693
0.5248444261326278
0.25786780471713594
0.7734065688681501
0.9205181515556207
0.20924297473754266
0.22507455808414514
0.951962008188213
0.764588499002304
0.29396930398425203
0.16234017204729717
0.8909052766188013
0.8535770725655236
0.17749979411284905
0.3047467499157908
0.7231927668135485
0.7328705671393871
0.30721310178545835
0.851408016572174
0.8050912752327268
0.5549966118087925
0.2626395808772512
0.808005524572219
0.3096429998986597
0.616594760297954
0.7786061065437696
0.21011491070931043
0.3999818879465206
0.349593183829502
0.5463035904785802
0.2563588509886698
0.7877387765667543
0.25723593295067587
0.13711126652144376
0.6892226063268934
0.6486255759718886
0.5776729821287202
0.8092428877164729
0.18873209074129263
0.09861913513036318
0.8880642055723753
0.3154184149037448
0.8563291924062756
0.06911293625765794
0.1263648471205063
0.7868146286878375
0.8250156677451872
0.8875940868098059
0.474263884901626
0.419860969800518
0.6876310574182541
0.7909732354396696
0.8623203949804347
0.6602559234903795
0.1854248216858403
0.20253515817257225
0.6108218210884041
0.18174503921648638
0.826174161718014
0.28813323904005406
0.29784248678610065
0.11919319236219608
0.10615068961788543
0.17654488878164323
0.8364132916680028
0.11672653109683818
0.5216276175382083
0.9307356963334127
0.7846994179374157
0.12989965427909927
0.6325181179734395
0.6650092384297761
0.34524231105133035
0.23911225115456353
0.7177527343360743
0.9047601768323466
0.42507432499874964
0.690245251716791
0.2672310630098528
0.9081715676009151
0.316668725994912
0.9384087439158734
0.5629024053758205
0.929238377488262
0.27065490792603264
0.6978634743901069
0.8434563400310493
0.2007141878732313
0.3652916841855124
0.7152844202632581
0.17710594304256463
0.47568273835867625
0.9125914142213422
0.6538463351243802
0.6691071493034425
0.8852908736081244
0.8208412339158873
0.8336733085009467
0.840122416603298
0.29776236388777394
0.501307624032839
0.5123066719008695
0.16437882827651001
0.1551743154565911
0.8281903062680593
0.335203398440155
0.7821983780699339
0.7897750406384184
0.8712961676873489
0.8674872351768308
0.12265606732504564
0.27593448800490994
0.4671503754548564
0.46141020890736073
0.24650206005300712
0.11692031749566889
0.40260662341095976
0.10780778722963605
0.5042276035365841
0.8618576499322381
0.8279635282366687
0.8647703823492089
0.7136605037846203
0.5667477237764054
0.809011576558483
0.10900539273747559
0.8430924265182854
0.21813349581857933
0.7188541433109965
0.16192921136811156
0.6321834677356375
0.8760169955754198
0.740305419987257
0.5689772350141266
0.5463591431491659
0.6453221745801927
0.8853763717580068
0.9419550798352975
0.17921005432776316
0.6322363492954003
0.13817394808793687
0.20668374282241384
0.2354401396226312
0.21639015374478118
0.08132801275600368
0.8697193338749244
0.10122155919552019
0.8078329870481278
0.5516313767480424
0.10588767701548368
0.3601610252940004
0.2294230459737104
0.7886499941995697
0.1690485267985871
0.5403813303766424
0.3260388644267398
0.6260096879223889
0.884126704207083
0.1485042781290736
0.8334949116866961
0.753142788723489
0.16788954444364917
0.723800964054929
0.7348818650209965
0.5519957260849616
0.23728551936135836
0.8797512648593677
0.23917545271277935
0.41830703048541024
0.6400249650862944
0.7621798614680177
0.7923731018804242
0.16882572933002443
0.17779505270170684
0.42978455029975454
0.2309180024051617
0.8138518062987901
0.7336851742518269
0.673881831536451
0.1820107254513721
0.2743718866440241
0.8397239960298193
0.20021199324093542
0.10827971266759483
0.6726838375906864
0.8236024481047691
0.8170535186857819
0.4183139280752577
0.6256514213738074
0.07690082158238966
0.14578850564220686
0.9148908858799054
0.19635706716501217
0.20851433661941404
0.5050340542961096
0.8584066137716148
0.45149067732534287
0.8689756404223291
0.8810386790630003
0.05373611250800856
