313325_313342
0.2323800699840944
0.051430984035692594
0.47909863216002924
0.9453470934697586
0.16174269765837676
0.9384358669323115
0.15159825577862754
0.1241472731235309
0.5035383576558117
0.9379096870984092
0.8972688332890638
0.9210962586441628
0.20130892241444645
0.8591453077921454
0.7222556868089056
0.0635636541492033
0.3588995206639551
0.9408990399300153
0.3415155399782562
0.08148678019984018
0.3156476238938438
0.08621272709594544
0.05795644827907591
0.7348086898966744
0.7757913794143501
0.950750268841372
0.5651405374765396
0.15454554550699917
0.3284546293868636
0.07156037169087866
0.07053649762879383
0.8641113511470389
0.8210385382739471
0.3878941181306176
0.830491183659295
0.14649345177938503
0.4081189061073905
0.8877412333971103
0.5311180399056842
0.8541193269998869
0.7930712281355113
0.9592626287950874
0.799434535933014
0.8138082427136765
0.4302218345121525
0.9272487080006866
0.12111678771178312
0.8826626844038215
0.07663345399949062
0.20399894588069423
0.9309414483253222
0.4837998052722463
0.4761545175180725
0.7145757894280171
0.9015640210612883
0.14136249514419927
0.8805195636157859
0.1197894410464114
0.6850832828324205
0.1353062380661688
0.9292542181938599
0.14838672511155857
0.17479962244070038
0.32542092556422986
0.9593856852808463
0.4087720306219863
0.1831481759373331
0.6332588395585046
0.34011210393471764
0.8937003614074451
0.8876768885939295
0.11666223572432191
0.942563109551217
0.8600962193441246
0.7187249255048759
0.08900177955144381
0.7236356328049683
0.3783282471399594
0.9404961794496158
0.06725131495901636
0.46827047512759434
0.5651841148802268
0.3110245479108882
0.9578107557216667
0.9071889223098034
0.5073868741547677
0.7933176081242844
0.7239046527819815
0.8180290607878277
0.7902100063842551
0.4709985057388636
0.14609659368149108
0.31675168326154296
0.25488679454134483
0.6434494039028089
0.2057793063686711
0.25989028143166415
0.09362484223476135
0.6719204213812956
0.4572103472519524
0.09874610983773979
0.7003504587041153
0.8260079668193145
0.8472536295060956
0.14386537824765064
0.7267413010286469
0.7154355843638855
0.782820952335302
0.9341636916787333
0.8539520342063331
0.8366016822196124
0.6936220434557111
0.8088106981269382
0.10732093470008525
0.07411211401176285
0.11660590492159827
0.7779740896534821
0.16024169193189486
0.7917662287309952
0.0846878023411737
0.08175218205471468
0.839352822032605
0.8875745376123227
0.2950328025281645
0.8692854805347928
0.8028811007118383
0.20188663731155682
0.09365817311708502
0.8919928969901632
0.6269805082484616
0.9069347517905494
0.3980774262139726
0.17058887900064945
0.8966829099250456
0.05870024470772358
0.8201591125439734
0.6175844852515109
0.8032723804438339
0.7263578998695192
0.13353654591145184
0.17878825668283269
0.5651143829626679
0.8914242980509963
0.15707938352825782
0.34422498358291775
0.7996575209317308
0.6463117161288194
0.2644174452140927
0.05221470052126029
0.4176279342602419
0.8575016349250979
0.0756430145500251
0.9527011856422737
0.12467369992564613
0.14709155720793488
0.6297694024424046
0.8919557988282922
0.8801748364240466
0.3937088301619987
0.9153960727178202
0.8575722376834634
0.8625615399087725
0.4212426451130792
0.11771135204366498
0.09655478416013798
0.11397026533185209
0.4150895085403154
0.8737029700208325
0.17519221752687072
0.20716040133147276
0.8948913764821121
0.7298109219022373
0.6757781950421292
0.6125357310960042
0.4329544843924711
0.8950593437695123
0.7445771278670453
0.17879120971920445
0.6928279732906497
0.08029332485690203
0.5566499389670374
0.5493831394951446
0.771371950834893
0.6183152027603164
0.1410578394697513
0.5661580656552132
0.17844256087432586
0.12729732331118465
0.12107718127278874
0.19345643114946523
0.925495718091998
0.8466097286974977
0.06294344147175675
0.2133998929833463
0.16118844423459266
0.9484988689979768
0.09610914521817333
0.8982020223407662
0.18508507489219103
0.06961798165372202
0.12081399912572685
0.9291597709646866
0.8800041325628692
0.7894914143400567
0.13000590190677075
0.09346447265141135
0.8846173322638262
0.9312898779476253
0.844102506497984
0.39453453382199904
0.12160380519970375
0.217047609236539
0.08458979123010878
0.07219819300806585
0.06324166163628175
0.14995360128202515
0.9107273075578967
0.9502280438111951
0.06285031368979324
0.1458099564751292
0.8205377847201627
0.847091385377497
0.6092593404818888
0.06716958367786945
0.6658064893182575
0.3935417828568251
0.14013435387722412
0.07877200668704698
0.13657277207375243
0.9343403014884951
0.12760497677776725
0.1604542712071397
0.753303293131001
0.8614183590256085
0.7882158565644016
0.8701590550212873
0.18901160291049754
0.4703154602471437
0.13226712207488017
0.8308176277620278
0.5567305958295673
0.30742358555534743
0.9171232757222907
0.24948546296590646
0.15197310858380586
0.9437390851120642
0.9294430140364188
0.09808485790316349
0.14032816155185832
0.7745038260616016
0.7340384122484866
0.6254156234989066
0.19337392776242612
0.4591158410533288
0.061834063445528976
0.8876675364908323
0.326547254913681
0.12454437521806548
0.8994624661782273
0.8913366458883734
0.8702077923341979
0.8709574298229013
0.8998637425500509
0.17833324304590598
0.8273609756267074
0.9005456469428912
0.26491984229634524
0.307594960284325
0.739784078015541
0.04538442454419609
0.6665992867544925
0.5354758668956974
0.048068194715828995
0.35385609001957125
0.10490623143922455
0.33754042919186
0.7188553458023206
0.18416274839549224
0.7327160390737466
0.9484600910773505
0.42987806792081557
0.08555431219068972
0.1256259860431381
0.796990355023042
0.9358786359025985
0.45050920307769504
0.1159107664551607
0.7137591264806624
0.8339372837373595
0.08157400841957616
0.11185542766302928
0.20827343486553732
0.8769267068856899
0.9201419817963359
0.6878049730029342
0.9110364701509539
0.13689864621634065
0.3940199000465681
0.8577858440426085
0.463993102646338
0.11534971334048157
0.17375876159182876
0.9095739211916516
0.7608630213637824
0.7076178938004933
0.9510168968409827
0.27105555096292594
0.6604328852697507
0.6269095724841361
0.11529813212478873
0.6580867220390165
0.9261304363926192
0.255494484824483
0.5494918473231517
0.9411675725119677
0.06707988850702426
0.14710778075630265
0.04782206549139244
0.8900516908818666
0.12393695036708799
0.09043662196570307
0.052330905834941974
0.4821995024275961
0.9517651833441839
0.19297330917448344
0.11221490875035187
0.05223578935431134
0.3894218488963525
0.9160506024327485
0.15658234052226022
0.9483990435980847
0.8913601942953054
0.9487551122609239
0.8414063104922126
0.08667559276536405
0.9334471503861749
0.06779539594785047
0.0653242718505105
0.5485575803893479
0.6797433668414892
0.10393242465990862
0.10401406365428197
0.9368818942808622
0.18731083755606662
0.33820649895253035
0.12766019659586783
0.2995747739334383
0.6242670281364928
0.9296595809925191
0.6685070456450762
0.14479552540461682
0.9188945026097713
0.3691441460333958
0.15937558074097322
0.03359945944551613
0.06975890877378005
0.9228565950716101
0.33183949301444304
0.9360080492213908
0.076658489093255
0.18594994133965326
0.10064296211652914
0.7847229974119238
0.40503651927733286
0.8423079891518673
0.7122094537241437
0.18897555470921773
0.21239671205732602
0.8277473537816559
0.9704963538783579
0.21917976831653743
0.10227914041258808
0.6109369625788451
0.19283760288497906
0.8956391150316229
0.8433997009284887
0.8546982971964022
0.8969010287403605
0.12069282814285047
0.9272586450340271
0.17191934215061444
0.5725607016047174
0.8946039616092659
0.923919881504262
0.7026645758113146
0.8307426690231865
0.17722787940197313
0.7478752866718962
0.1007932607083386
0.1565215333576444
0.7611090408728718
0.36181936634534106
0.8937032835737619
0.5446894160226321
0.9580466316805756
0.7118572220484051
0.9153039396809822
0.4609280526276979
0.08068949102943303
0.4895141750090874
0.7645003956577116
0.5297191720343242
0.3258174982847594
0.7743100515523916
0.9560236083937365
0.14663827862619722
0.08832109692266395
0.9326956424886665
0.624232223490445
0.4797665778694932
0.12359035192535105
0.759447402705035
0.8689072878052851
0.09912206368066062
0.3262069429795865
0.7652160392746148
0.39027777686540016
0.525468797351101
0.9448498547994268
0.8699054266744582
0.5826228356775303
0.13587711484357248
0.7456034188580031
0.13340933683103492
0.7500085750725749
0.8590363964327196
0.09382690597800218
0.24590700363514162
0.3938358353527586
0.6159887146962622
0.20647616103842784
0.7450549114427888
0.10611100149570817
0.18804665276731772
0.7031207862429844
0.5550868149917726
0.7209550792444007
0.8823643400699821
0.14990144296247554
0.10254321203908714
0.9454594162440849
0.18383506835915214
0.8852432496635112
0.08966055230022141
0.14441946077880105
0.8762367726275285
0.8037757728280509
0.9531266153450519
0.19322064903899372
0.3252882957384735
0.6463324867997963
0.928163457279503
0.8112009279278242
0.7202244311803042
0.15116941293886005
0.13818483104959564
0.49565292827745977
0.1821964807953652
0.8871485228302984
0.1173593045365936
0.17034488489396613
0.10271616897178137
0.13573475406042115
0.37265990577465724
0.9450550446853776
0.05403497831566926
0.3173844760586689
0.9075101036468138
0.7125805717490947
0.2216318849203074
0.42150936580069703
0.6145219172700372
0.16526257061438693
0.12496606575672985
0.7462756721498979
0.9291832973523511
0.29994849913003196
0.8101810203901351
0.1092187934826431
0.9384095733868136
0.29096543926719914
0.9657800896932813
0.535634849714655
0.8891685589002744
0.25843669340006536
0.9099239862404458
0.7912054483390042
0.12593836717232024
0.35618760309658676
0.8029043873480741
0.15495830960977652
0.7807255424540372
0.9054903351320548
0.7006352759780943
0.5536343073998978
0.8854818595872026
0.8678197711972326
0.8713998985059991
0.8795861500682932
0.31308901376467413
0.5002929302092488
0.2956132877749436
0.08714574650854827
0.17131440073999502
0.6828257331787366
0.14638326531250592
0.8940432006735761
0.9300332589203937
0.9269640704517337
0.8949474038926278
0.07525761166560446
0.2657200703195329
0.4562178924439627
0.3436027799189156
0.1550405081886321
0.12675919949626396
0.35713998482613424
0.06116903995362136
0.6511340212529602
0.9203881413960863
0.8656854373386916
0.8641046841565214
0.7531206013584031
0.7472520580746442
0.7386782120609451
0.0986502729160963
0.871619427381565
0.5489640738248583
0.7271550531935492
0.23922429300304424
0.2805616056605912
0.8652998436526682
0.6786654788262462
0.5034501008329875
0.5346567021270127
0.7891871641468435
0.8966289065139461
0.9274843313706365
0.1136899996589105
0.41280505341410734
0.11113875933543976
0.21040606155106958
0.20312821366048078
0.18442962856575962
0.17077149228824934
0.927717416546771
0.0881500926119486
0.7516503776722808
0.8015262646242451
0.05408633443201402
0.7240493239271835
0.24123617527258526
0.8347448140968173
0.1866274020079902
0.7513847510376251
0.569977119107355
0.7313281043502232
0.9285927834722764
0.15446780454259376
0.9135360801093426
0.7719362631053923
0.18594898288052078
0.5827636699078655
0.8044530335243151
0.31422099449890534
0.19820774621284099
0.9374642782873002
0.1539733512568314
0.6242564169626789
0.8785191521533643
0.7890038628259478
0.7773139942201857
0.0947957288276117
0.15533029271885782
0.3970650446898124
0.1074247144180104
0.9150735555741283
0.6862569801503591
0.7372007230742842
0.31310312201181667
0.19209129997185526
0.9298496149575142
0.16805651216360368
0.1535436072113724
0.8412705505878837
0.6676299495504509
0.9206827685413217
0.5207395545678442
0.6567638245264087
0.05045740484184269
0.17758571219171745
0.8883620808380519
0.27518697548037396
0.21783991702302535
0.3308580004768917
0.8972035732860352
0.5081755426674001
0.8417926348277351
0.8984972724856753
0.07855155344209117
