"313201_313212"
4.097835421562194824e-01
4.117607176303863525e-01
4.234924018383026123e-01
5.972639918327331543e-01
4.124836921691894531e-01
5.976232886314392090e-01
4.084006845951080322e-01
4.283032119274139404e-01
5.795715451240539551e-01
5.940858721733093262e-01
5.924003720283508301e-01
5.946167707443237305e-01
4.085421562194824219e-01
5.913160443305969238e-01
5.952028632164001465e-01
4.149751365184783936e-01
4.113369584083557129e-01
5.973156690597534180e-01
4.193679690361022949e-01
4.063739478588104248e-01
4.128223061561584473e-01
4.082232415676116943e-01
4.062875807285308838e-01
5.904805660247802734e-01
5.991026759147644043e-01
5.951130390167236328e-01
5.950200557708740234e-01
4.119658172130584717e-01
5.920826792716979980e-01
4.116380512714385986e-01
4.121453464031219482e-01
5.903833508491516113e-01
5.906593203544616699e-01
4.115301668643951416e-01
5.917381644248962402e-01
4.120561480522155762e-01
5.922066569328308105e-01
5.980354547500610352e-01
5.761209130287170410e-01
5.904284715652465820e-01
5.966703295707702637e-01
5.920373797416687012e-01
5.897127985954284668e-01
5.961240530014038086e-01
4.134527444839477539e-01
5.943809747695922852e-01
4.172021150588989258e-01
5.972897410392761230e-01
4.114960134029388428e-01
4.138194918632507324e-01
5.985715389251708984e-01
4.103377461433410645e-01
4.090948700904846191e-01
5.931974649429321289e-01
5.948752164840698242e-01
4.108094274997711182e-01
5.950285792350769043e-01
4.364352524280548096e-01
5.940922498703002930e-01
4.147800207138061523e-01
5.966258645057678223e-01
4.107842743396759033e-01
5.831611156463623047e-01
5.884989500045776367e-01
5.922203660011291504e-01
4.167661070823669434e-01
4.306440949440002441e-01
5.944759845733642578e-01
5.873426795005798340e-01
5.908970236778259277e-01
5.968206524848937988e-01
4.139465689659118652e-01
5.973824262619018555e-01
5.886462330818176270e-01
5.882790684700012207e-01
4.078621268272399902e-01
5.948894619941711426e-01
4.296965301036834717e-01
5.966491103172302246e-01
4.138445258140563965e-01
4.105406999588012695e-01
5.983980298042297363e-01
4.126332104206085205e-01
5.987506508827209473e-01
5.916996598243713379e-01
5.985063910484313965e-01
5.984613299369812012e-01
5.962255001068115234e-01
5.925595760345458984e-01
5.970712304115295410e-01
4.122695624828338623e-01
4.185358285903930664e-01
4.158795177936553955e-01
4.066118597984313965e-01
5.927549600601196289e-01
4.128430485725402832e-01
4.127797782421112061e-01
4.173442423343658447e-01
5.892575383186340332e-01
5.904858112335205078e-01
4.182187914848327637e-01
5.957764387130737305e-01
5.903129577636718750e-01
5.838562250137329102e-01
4.086764454841613770e-01
5.963152647018432617e-01
5.922685861587524414e-01
5.910752415657043457e-01
5.944250822067260742e-01
5.962143540382385254e-01
5.966342687606811523e-01
5.953005552291870117e-01
5.918130278587341309e-01
4.122662544250488281e-01
4.094876646995544434e-01
4.129678606986999512e-01
5.897127985954284668e-01
4.131138026714324951e-01
5.937980413436889648e-01
4.103952944278717041e-01
4.147537648677825928e-01
5.727922916412353516e-01
5.971962213516235352e-01
4.218249917030334473e-01
5.891260504722595215e-01
5.957763791084289551e-01
4.070212543010711670e-01
4.111376106739044189e-01
5.980478525161743164e-01
5.942565798759460449e-01
5.940001606941223145e-01
4.081637263298034668e-01
4.243262112140655518e-01
5.936504602432250977e-01
4.063474237918853760e-01
5.930455923080444336e-01
4.869599640369415283e-01
5.897064208984375000e-01
5.889936089515686035e-01
4.081689119338989258e-01
4.057715535163879395e-01
5.966100096702575684e-01
5.933269858360290527e-01
4.186432957649230957e-01
4.089096784591674805e-01
5.916287899017333984e-01
5.852412581443786621e-01
4.094068706035614014e-01
4.071679413318634033e-01
4.082254469394683838e-01
5.991983413696289062e-01
4.126897752285003662e-01
5.984133481979370117e-01
4.056749343872070312e-01
4.176237881183624268e-01
5.889505743980407715e-01
5.926895141601562500e-01
5.931006669998168945e-01
5.861801505088806152e-01
5.915066003799438477e-01
5.921775698661804199e-01
5.990793704986572266e-01
4.118815958499908447e-01
4.109136760234832764e-01
4.144819974899291992e-01
4.067097902297973633e-01
4.114334881305694580e-01
5.982407927513122559e-01
4.072475433349609375e-01
4.232006072998046875e-01
5.953820943832397461e-01
5.841544270515441895e-01
4.192263185977935791e-01
5.464724898338317871e-01
5.789737701416015625e-01
5.964284539222717285e-01
5.962739586830139160e-01
4.083161056041717529e-01
5.805939435958862305e-01
4.111805856227874756e-01
5.923990011215209961e-01
4.086336195468902588e-01
5.967067480087280273e-01
4.098331630229949951e-01
4.126846194267272949e-01
5.930415391921997070e-01
4.095452725887298584e-01
4.116376042366027832e-01
4.192185699939727783e-01
4.114302992820739746e-01
5.904673933982849121e-01
5.970754623413085938e-01
4.064248502254486084e-01
4.077964425086975098e-01
4.125429391860961914e-01
5.989649295806884766e-01
4.136565327644348145e-01
5.946404933929443359e-01
4.245943725109100342e-01
4.067890048027038574e-01
4.140978753566741943e-01
5.942122340202331543e-01
5.958815813064575195e-01
5.863981842994689941e-01
5.948202013969421387e-01
4.090889096260070801e-01
5.954924821853637695e-01
5.976458787918090820e-01
5.851256251335144043e-01
4.139988124370574951e-01
4.176669716835021973e-01
4.079595804214477539e-01
4.097815454006195068e-01
4.074110984802246094e-01
4.050179123878479004e-01
4.098524451255798340e-01
5.985258221626281738e-01
5.985316038131713867e-01
4.073702394962310791e-01
4.080076515674591064e-01
5.955607891082763672e-01
5.929125547409057617e-01
4.187132120132446289e-01
4.144331216812133789e-01
4.129220247268676758e-01
4.123463332653045654e-01
4.108054339885711670e-01
4.106233716011047363e-01
4.143271148204803467e-01
5.924886465072631836e-01
4.118907749652862549e-01
4.128006398677825928e-01
5.942842960357666016e-01
5.859217047691345215e-01
5.916946530342102051e-01
5.940549969673156738e-01
4.161983728408813477e-01
5.943040251731872559e-01
4.278138279914855957e-01
5.955629944801330566e-01
4.137161672115325928e-01
4.095091223716735840e-01
5.976533293724060059e-01
4.100331962108612061e-01
4.078567624092102051e-01
5.962165594100952148e-01
5.967529416084289551e-01
4.200327992439270020e-01
4.134465456008911133e-01
5.875095725059509277e-01
5.912812352180480957e-01
4.121527373790740967e-01
4.115609228610992432e-01
4.165392220020294189e-01
4.059204459190368652e-01
5.865046381950378418e-01
4.122707247734069824e-01
4.116527736186981201e-01
5.954537987709045410e-01
5.960295796394348145e-01
5.940997004508972168e-01
5.973283648490905762e-01
5.941948294639587402e-01
4.152022302150726318e-01
5.941845178604125977e-01
5.938546657562255859e-01
4.079006016254425049e-01
4.107399582862854004e-01
5.939331054687500000e-01
4.140759706497192383e-01
5.949972867965698242e-01
5.827609300613403320e-01
4.095565080642700195e-01
4.201493263244628906e-01
4.123355746269226074e-01
4.076547026634216309e-01
5.961885452270507812e-01
4.151794016361236572e-01
5.887345671653747559e-01
5.988225340843200684e-01
5.835962891578674316e-01
4.058699309825897217e-01
5.835983753204345703e-01
5.967544913291931152e-01
5.912941694259643555e-01
4.101774394512176514e-01
4.095870554447174072e-01
5.911257266998291016e-01
5.885438323020935059e-01
4.045433104038238525e-01
4.100286066532135010e-01
4.104468226432800293e-01
5.969380736351013184e-01
5.986918807029724121e-01
5.912815928459167480e-01
5.968161821365356445e-01
4.129827320575714111e-01
4.188987910747528076e-01
5.992224216461181641e-01
4.121136963367462158e-01
4.088907837867736816e-01
4.113076329231262207e-01
5.907880067825317383e-01
5.875180959701538086e-01
5.894405245780944824e-01
5.998070836067199707e-01
4.193246066570281982e-01
5.934043526649475098e-01
5.938806533813476562e-01
4.066022336483001709e-01
5.914618968963623047e-01
5.960223674774169922e-01
4.148983657360076904e-01
5.890617966651916504e-01
5.987597703933715820e-01
4.153200387954711914e-01
4.079556763172149658e-01
4.065971076488494873e-01
5.973942875862121582e-01
5.844630599021911621e-01
4.096590280532836914e-01
4.110518991947174072e-01
4.124318361282348633e-01
5.903342366218566895e-01
4.139092862606048584e-01
4.115193188190460205e-01
4.126084446907043457e-01
4.124997258186340332e-01
5.933038592338562012e-01
4.144052565097808838e-01
5.969949364662170410e-01
5.951966643333435059e-01
5.990210175514221191e-01
5.884470343589782715e-01
4.091924130916595459e-01
5.938761830329895020e-01
4.122982323169708252e-01
4.090672135353088379e-01
5.882346034049987793e-01
5.930337905883789062e-01
4.084878563880920410e-01
4.073562920093536377e-01
5.950489044189453125e-01
4.103236794471740723e-01
4.133161604404449463e-01
4.120248854160308838e-01
4.098286330699920654e-01
5.956380367279052734e-01
5.928362607955932617e-01
5.931897759437561035e-01
4.123398661613464355e-01
5.954178571701049805e-01
4.120442271232604980e-01
4.100375771522521973e-01
4.130088388919830322e-01
4.072661101818084717e-01
5.979836583137512207e-01
4.125586748123168945e-01
5.908458828926086426e-01
4.095937311649322510e-01
4.075947999954223633e-01
4.134559333324432373e-01
5.848944783210754395e-01
4.135843813419342041e-01
5.817412137985229492e-01
5.955699682235717773e-01
4.084888398647308350e-01
4.138302206993103027e-01
5.973293781280517578e-01
5.995084643363952637e-01
4.174224436283111572e-01
4.113280177116394043e-01
5.842399001121520996e-01
4.153232574462890625e-01
5.947633385658264160e-01
5.918245315551757812e-01
5.899024605751037598e-01
5.973938107490539551e-01
4.136033356189727783e-01
5.986141562461853027e-01
4.074912071228027344e-01
5.887200236320495605e-01
5.963292717933654785e-01
5.907413959503173828e-01
5.894838571548461914e-01
5.839111208915710449e-01
4.151176810264587402e-01
5.976331233978271484e-01
4.071498513221740723e-01
4.163209497928619385e-01
5.956058502197265625e-01
4.180414080619812012e-01
5.972313284873962402e-01
5.784483551979064941e-01
5.930755138397216797e-01
5.878095030784606934e-01
5.977129340171813965e-01
4.122520387172698975e-01
4.117143750190734863e-01
4.167150557041168213e-01
5.856847167015075684e-01
5.819063782691955566e-01
4.087353348731994629e-01
5.859678387641906738e-01
5.977527499198913574e-01
4.065537154674530029e-01
4.187950789928436279e-01
5.949981808662414551e-01
5.953752994537353516e-01
4.094811379909515381e-01
4.129650890827178955e-01
5.913717150688171387e-01
5.892838835716247559e-01
4.116681814193725586e-01
4.110973477363586426e-01
5.837242603302001953e-01
5.915631651878356934e-01
4.100089073181152344e-01
5.974735021591186523e-01
5.931512713432312012e-01
5.950697064399719238e-01
4.130591452121734619e-01
5.943976640701293945e-01
4.483959078788757324e-01
5.782426595687866211e-01
5.896100997924804688e-01
4.128293097019195557e-01
4.092167615890502930e-01
4.233659207820892334e-01
4.168167710304260254e-01
4.206407964229583740e-01
5.798625946044921875e-01
4.123465418815612793e-01
4.065652489662170410e-01
5.935943722724914551e-01
5.874479413032531738e-01
5.950543284416198730e-01
5.948057770729064941e-01
4.074977934360504150e-01
4.080286622047424316e-01
5.972705483436584473e-01
4.085471928119659424e-01
5.925123691558837891e-01
4.111489057540893555e-01
4.097841382026672363e-01
5.961513519287109375e-01
5.985158085823059082e-01
5.995817184448242188e-01
4.237002730369567871e-01
5.911366343498229980e-01
5.831431746482849121e-01
5.996147394180297852e-01
5.911528468132019043e-01
5.917977094650268555e-01
4.074195623397827148e-01
4.134339988231658936e-01
5.910287499427795410e-01
4.141598641872406006e-01
5.949712991714477539e-01
4.131723642349243164e-01
4.192285239696502686e-01
4.085691869258880615e-01
4.118031859397888184e-01
4.134075045585632324e-01
5.936180353164672852e-01
4.153021872043609619e-01
4.122167229652404785e-01
5.942639708518981934e-01
5.926720499992370605e-01
4.130219519138336182e-01
5.918658375740051270e-01
5.792211890220642090e-01
4.150638878345489502e-01
4.147909283638000488e-01
5.883700251579284668e-01
5.995067954063415527e-01
4.102500677108764648e-01
5.921161174774169922e-01
4.125596284866333008e-01
5.962472558021545410e-01
4.151363670825958252e-01
5.982114672660827637e-01
5.934686064720153809e-01
5.960282087326049805e-01
4.084413647651672363e-01
5.890768170356750488e-01
5.983140468597412109e-01
4.170660972595214844e-01
4.122927486896514893e-01
5.958938598632812500e-01
4.156868159770965576e-01
4.148592352867126465e-01
5.988560914993286133e-01
4.142932295799255371e-01
5.931779146194458008e-01
5.973485708236694336e-01
5.896841883659362793e-01
5.957075953483581543e-01
5.935033559799194336e-01
4.117412269115447998e-01
5.962547063827514648e-01
5.896058678627014160e-01
4.103104174137115479e-01
4.102373719215393066e-01
5.897998809814453125e-01
4.280374944210052490e-01
5.928183794021606445e-01
5.967172980308532715e-01
5.917543172836303711e-01
5.930227637290954590e-01
4.077390730381011963e-01
4.079754054546356201e-01
4.209493994712829590e-01
5.910964608192443848e-01
4.103768467903137207e-01
4.085497856140136719e-01
4.101384282112121582e-01
4.197278618812561035e-01
5.930410027503967285e-01
5.962319970130920410e-01
5.931227803230285645e-01
5.993397831916809082e-01
5.965844988822937012e-01
5.868384838104248047e-01
5.850873589515686035e-01
4.099802970886230469e-01
5.898749828338623047e-01
4.158136248588562012e-01
5.950644016265869141e-01
4.115927517414093018e-01
5.907465219497680664e-01
5.921618938446044922e-01
5.943669676780700684e-01
5.899572968482971191e-01
5.938421487808227539e-01
5.903152823448181152e-01
5.950772166252136230e-01
5.997781753540039062e-01
4.118312895298004150e-01
5.922475457191467285e-01
4.115049540996551514e-01
4.065003991127014160e-01
4.177716076374053955e-01
4.110845625400543213e-01
4.132698774337768555e-01
5.928743481636047363e-01
4.108705520629882812e-01
5.951178669929504395e-01
5.868799090385437012e-01
4.080668389797210693e-01
5.848622918128967285e-01
4.061105549335479736e-01
5.967136025428771973e-01
4.174182713031768799e-01
4.156603813171386719e-01
4.145852625370025635e-01
5.891453623771667480e-01
5.953053832054138184e-01
4.128068685531616211e-01
5.956709384918212891e-01
5.906322598457336426e-01
4.091260731220245361e-01
5.981305241584777832e-01
5.829483866691589355e-01
5.876264572143554688e-01
4.126733839511871338e-01
5.961539149284362793e-01
4.127239286899566650e-01
5.985953211784362793e-01
5.822650194168090820e-01
5.974709391593933105e-01
5.913416743278503418e-01
4.089167714118957520e-01
4.078382551670074463e-01
5.903530716896057129e-01
4.093474149703979492e-01
5.888086557388305664e-01
5.924282073974609375e-01
5.976530909538269043e-01
4.066843688488006592e-01
4.116757810115814209e-01
5.941701531410217285e-01
4.179797470569610596e-01
4.072013795375823975e-01
5.958964228630065918e-01
5.909764170646667480e-01
5.960925221443176270e-01
4.114348590373992920e-01
5.924257040023803711e-01
4.083591699600219727e-01
4.083509743213653564e-01
5.978875756263732910e-01
4.081975817680358887e-01
4.150187373161315918e-01
4.221127331256866455e-01
5.948714017868041992e-01
4.105445146560668945e-01
5.966497659683227539e-01
5.927233099937438965e-01
4.089856743812561035e-01
