"313201_313212"
1.063227906470781831e-01
4.357578735336357922e-02
4.171357042781368984e-01
9.559216313819276500e-01
2.008232457127858417e-01
9.683533266748418633e-01
1.248084121572744370e-01
9.030398143889135920e-02
2.616242747471957952e-01
9.525420610214805350e-01
9.143977680722576995e-01
9.418976279184894107e-01
1.091598380385515460e-01
9.077674988438504400e-01
9.135156726136908212e-01
4.952131457627531597e-02
1.906204262907741642e-01
9.737950143685869531e-01
4.159345574531894685e-01
4.819843522010089365e-02
3.346722732114805199e-01
5.970909063879435014e-02
4.889721765054737962e-02
8.215217929047257117e-01
9.105135596892942607e-01
9.651859207067708946e-01
5.021112864395413933e-01
1.727318643680605670e-01
5.931701012882415469e-01
4.526771487504416269e-02
1.473704758922392277e-01
8.881454433991009534e-01
9.127679662387040427e-01
1.849035683702492661e-01
9.021322978582487773e-01
9.538246408933945264e-02
8.814001579794752406e-01
9.744116818273232949e-01
6.678088077177600779e-01
9.261428812573042624e-01
8.357735452822240285e-01
9.445561389487063808e-01
8.457800446490175705e-01
9.151132198098100856e-01
2.263066989807405172e-01
9.707456266346519147e-01
9.283519833292781798e-02
9.357452593455667378e-01
9.746591701001805497e-02
2.159570140718926334e-01
9.653421612347441449e-01
1.881270788044671627e-01
1.988514709804366787e-01
8.464368710560349340e-01
9.255509374076320572e-01
7.103761218579006387e-02
9.301493879244024932e-01
1.308552562901363348e-01
8.280719343866982385e-01
4.623452006838978112e-02
9.597481841065567121e-01
7.543311004889563520e-02
7.061720102520600006e-01
5.578343133561090017e-01
9.069672545843182609e-01
4.945274894285010547e-01
1.035322628942109968e-01
8.394813589653427055e-01
2.628948487405750600e-01
6.651809491165754373e-01
9.276883588480188125e-01
1.096641320681477072e-01
9.690451929179983992e-01
8.469553158845124496e-01
8.883019779780398917e-01
7.150665353126335611e-02
8.898104964089318392e-01
3.921697680909590478e-01
9.606613841417623867e-01
1.212292507897179961e-01
1.501212051461384700e-01
9.045105326702727044e-01
6.127156128684885239e-01
9.763757255618386033e-01
7.708708058079943859e-01
8.397091068722264406e-01
7.905195773649429380e-01
6.271816509743700641e-01
9.133592446569082091e-01
9.268481924317416576e-01
4.550588915753077113e-01
5.902187003743808447e-02
1.884451349931512421e-01
1.270365002900143148e-01
8.866738646591580952e-01
1.062452937534347774e-01
2.533772980290819321e-01
3.959078443415999238e-01
8.560930033130931260e-01
5.161948412469891112e-01
6.617374228094867472e-02
5.046439072141692961e-01
3.472900032161861938e-01
8.891155984108216614e-01
8.106811163326274605e-02
8.793298335346626526e-01
8.971757191209714932e-01
6.338540629809868987e-01
9.678590765233067161e-01
9.088545258823543804e-01
9.016843926464646053e-01
7.087623086223725499e-01
6.531654782389206826e-01
7.723846172538020860e-02
5.880666055647128937e-02
1.281330219783276270e-01
9.083728776361268409e-01
8.409224669217504888e-02
8.054759436345673151e-01
4.363864646821821042e-02
7.561590148114014087e-02
8.742438918098370815e-01
9.232795673178878504e-01
2.420107733608004574e-01
6.516472326246616209e-01
9.267307840633203231e-01
1.042749856528055602e-01
5.573168919130778304e-02
9.614170488603634990e-01
3.749814693588108261e-01
9.550181915104506425e-01
4.505875045002712964e-01
1.254048777914110180e-01
9.337527705519128585e-01
4.224288853101320490e-02
9.118587688415693560e-01
8.342130128996290139e-01
9.208350038661170522e-01
7.286872232899547219e-01
7.720435652508186863e-02
1.489270639660547624e-01
8.462661484870737105e-01
9.584864855038327525e-01
3.315858047376422646e-01
9.787561182707985030e-02
9.295366504104175531e-01
2.603533432305692452e-01
9.200718998895159040e-02
7.076965702769305588e-02
1.583769596284168857e-01
8.936036492365717621e-01
7.214619407733580125e-02
9.456115669461373496e-01
8.483819071308343340e-02
3.080593483105247832e-01
4.225298902527152012e-01
9.636788623949293919e-01
9.380354128880459275e-01
4.418150619565552883e-01
5.630703277733608569e-01
8.948658440423776783e-01
9.589907701955083796e-01
2.324963898386310790e-01
7.396683593687079783e-02
4.657613933178036264e-02
9.519960766686860754e-02
1.675640281603769655e-01
9.792657835893123774e-01
8.656720197506644066e-02
4.565955056261774558e-01
9.205695450543966984e-01
8.122994723717411603e-01
2.232339087208112249e-01
1.953119788554718017e-01
4.214938393562973618e-01
9.122140030448776526e-01
8.798736786915746233e-01
6.214874114445090997e-02
6.635088167447641405e-01
5.635699267278946462e-02
6.113889726258652235e-01
1.541629522723660661e-01
9.185749641900902152e-01
2.636195434129320336e-01
8.037603402013641929e-02
5.969359711779169686e-01
5.249128643094909119e-01
1.085775562402317707e-01
1.006765435986530371e-01
7.981278690334306369e-02
8.670514385787644329e-01
9.624924174653873843e-01
5.588001655581943672e-02
2.095845922965764441e-01
1.998554207792678505e-01
9.509220826822279982e-01
8.779136113300212152e-02
9.270870170124100307e-01
1.184077811332478053e-01
5.671280174638372584e-02
6.066704377557959049e-02
9.156940860996392040e-01
9.288402647757434405e-01
7.778463050013736391e-01
3.403798265625251895e-01
3.355934468495864326e-02
7.084326333607201542e-01
9.688772826985392328e-01
8.861020931860994487e-01
4.046009546050443606e-01
3.753776067513070469e-02
8.265739143990198656e-02
8.178584945631184322e-02
4.769393619143535296e-02
3.234986648059608866e-02
1.039872589398810054e-01
9.728463901105823819e-01
9.753817497726192665e-01
2.949704344978204898e-02
7.282888563996674225e-02
9.396981580360000974e-01
9.367252816318006881e-01
1.748402229945074660e-01
5.663465412787963699e-02
2.073393510889804114e-01
1.705028127683194117e-01
4.039609757988608246e-02
9.138855933970660428e-02
1.978584197723924909e-01
8.941325102727409879e-01
2.559214326910027038e-01
6.649391096318142680e-02
8.913446576959819234e-01
5.584753645382336540e-01
8.650559337962517859e-01
9.142242826732636107e-01
1.638879371015001529e-01
5.158468689750195235e-01
4.035135924043335431e-01
9.570213869355058689e-01
2.958451811584567048e-01
1.326572105002502555e-01
9.482676640229261711e-01
3.774444981945863087e-01
3.650352640749141703e-02
9.565363765833190257e-01
9.451290340530911216e-01
9.053963202254733389e-02
1.441489243657003150e-01
8.664285777682622092e-01
8.190682061921562562e-01
2.109157531471654579e-01
1.113232016379232109e-01
1.701622198675794839e-01
6.931868179911465644e-02
9.329439926234406322e-01
2.185587842145888526e-01
6.454858243559291608e-02
8.987393266799997837e-01
9.605748863184573327e-01
9.391318384549032228e-01
9.680791706968003840e-01
9.702895203543487890e-01
8.837048169878988779e-02
9.363551842693327298e-01
9.320578704035641371e-01
9.870649292390867857e-02
1.545578481178647712e-01
9.356963478406641332e-01
4.787360798674565598e-02
8.646489133630841373e-01
8.593436278076272972e-01
3.032274130229143175e-02
3.660856470049366762e-01
6.401340399706378914e-02
1.527329410367196383e-01
8.958766249816852989e-01
4.135730769717154698e-01
5.703247864467758665e-01
9.633493157077682723e-01
4.608303597706575050e-01
1.141354657987177224e-01
6.146412950462347702e-01
8.837830704877979171e-01
9.711918545067043107e-01
1.374578959229091624e-01
8.593626892551933794e-02
7.547534317589392749e-01
8.800039741899936541e-01
8.322800112522237004e-02
6.433766243987128208e-02
9.395490643159946920e-02
9.118188440294334729e-01
9.637018604960619905e-01
9.487155877703006279e-01
9.398390224110517721e-01
1.075519386412459311e-01
2.717487817456870625e-01
9.206468373554697049e-01
5.335954266753440978e-01
7.400188551779410262e-02
9.109735431425959595e-02
9.302082486330534028e-01
8.647170129783021686e-01
7.308351226484192109e-01
9.746752672931080497e-01
3.828733448627819613e-01
7.892962296114131027e-01
8.807814918877743260e-01
6.852046204480312375e-02
7.929289247225770332e-01
9.381854372137479192e-01
1.255591689592738258e-01
5.438881664911769942e-01
9.739680207860046401e-01
8.587998815111441697e-02
1.983371868791743986e-01
4.136046712794055891e-02
9.605091171832010888e-01
5.060518471694055442e-01
4.392813898956822449e-02
3.323743874130403314e-02
3.146150666069478241e-01
9.579696652021268966e-01
1.003504383597658006e-01
7.186952153611683713e-02
4.789268680101744363e-02
4.595999743019529848e-01
9.162574783083986540e-01
1.264301457156076780e-01
9.735599508085243103e-01
9.509153434185796394e-01
9.663010809406118451e-01
9.065742936450936762e-01
4.518499053239961177e-02
9.367380938385926337e-01
5.495943863995667034e-02
4.740605787662006965e-02
7.765607129292534383e-01
8.984170698418254553e-01
1.208593306387845956e-01
4.221876610772193339e-02
9.786566565475586232e-01
8.634058538437812402e-02
3.401030291732539124e-01
6.530508258436340530e-02
7.106180425376271148e-02
6.077652711748532388e-01
9.290710435778856136e-01
8.087801098392746191e-01
1.058646916707015606e-01
9.761759009008832422e-01
1.249217743362618094e-01
5.760082740685203845e-02
3.913885746733521825e-02
5.748755608578855897e-02
9.678758399887646968e-01
6.066779989526853711e-01
9.026777476307629167e-01
3.747980319794995407e-02
6.789441551528560548e-02
6.959004404850338554e-02
8.365130937816910306e-01
4.227710605171983160e-01
9.235334880311538708e-01
5.085798729843760135e-01
1.302195742119170441e-01
1.786646619131897207e-01
9.328135858070425446e-01
9.652915980241656424e-01
5.871485754615220209e-02
5.643988859472577613e-02
3.371225443925812137e-01
1.581964415629949494e-01
6.307461412090906716e-01
9.372688694581032820e-01
9.298593280854221543e-01
9.423335970721602450e-01
7.577281222276882611e-02
7.792901478208991151e-01
7.028335742819784293e-02
6.513111124668030660e-01
9.328858372552597533e-01
9.392955462470187200e-01
8.322386995539017285e-01
8.449014936623453487e-01
1.081470239111941151e-01
9.250387842835150476e-01
1.014972557806476244e-01
2.099426344732651384e-01
9.048180179104647891e-01
1.306673671531851100e-01
9.373578947414044071e-01
7.509396443710293356e-01
9.526117491763682610e-01
6.265443120821240219e-01
9.672044749357555649e-01
1.818868710689032497e-01
6.457221516855236876e-02
1.905394296400391985e-01
8.815705265638976718e-01
3.251759145807716633e-01
1.363748905039806614e-01
8.536807747750476683e-01
9.728684742679569730e-01
8.273541796583183672e-02
9.742244021584967051e-02
9.771982788196208469e-01
8.858133612358980447e-01
1.594368944769424257e-01
7.196780241218331264e-02
9.462564198409249006e-01
9.422606606089778403e-01
7.811308766793750857e-02
2.088648961399837689e-01
8.657883873725092938e-01
8.807169725007293337e-01
1.365733214246357130e-01
9.341159003432731867e-01
8.956686583690607328e-01
7.642711021446642050e-01
1.515764338938761502e-01
8.965951841389423471e-01
1.453173404046457784e-01
7.440215593957919538e-01
8.800152581260330953e-01
9.829843975572595538e-02
1.935733835243771961e-01
2.862755453957021579e-01
3.130057194772308815e-01
1.498823904189179324e-01
8.639346718883108567e-01
1.109147088468560305e-01
6.331934921106911751e-02
9.037464437747837476e-01
8.428311198394144999e-01
8.172103227469347253e-01
9.257951336658534203e-01
9.966742729730798667e-02
5.329194986299458370e-02
9.467154203185875749e-01
1.967008997018484806e-01
9.167058810432427984e-01
3.328173041627296991e-02
6.601034465852906319e-02
9.427742568150255797e-01
9.082458442156979839e-01
9.369788667414432615e-01
2.795231842165811220e-01
2.772634149585058161e-01
8.403092711377101454e-01
9.120266486618567869e-01
9.043867465367514402e-01
8.733327323720256885e-01
9.927812373195207818e-02
8.875520277019249837e-02
5.294381072783631570e-01
1.061212940904899676e-01
9.289113067790840672e-01
1.799466875951818978e-01
2.007744595129299647e-01
6.919344498161739132e-02
6.481343123552499308e-02
9.223006047729200019e-02
9.394217539075624401e-01
6.146937887104209769e-02
5.134425019393421552e-01
9.618858999971525714e-01
8.841257974586781421e-01
6.862102902805247706e-02
8.168008074307673283e-01
6.128588359780180461e-01
1.743364789427628569e-01
9.554562057434133615e-02
8.628186401165688357e-01
9.591560259759827067e-01
2.934738872574097490e-01
7.653620206716261753e-01
1.142072247491141973e-01
9.499419962675992313e-01
2.953898589876606806e-01
9.767343004026407538e-01
7.972036236481271354e-01
9.685790845145487715e-01
1.301928213700434822e-01
8.054160307892335169e-01
8.827119174450407391e-01
7.725897954525401401e-02
2.037448410252468423e-01
9.124112491698301852e-01
8.459975549240102144e-02
5.459643772497377867e-01
9.586190817038744427e-01
8.541658967827877591e-01
8.349921779733346927e-01
9.303282650276127885e-01
8.918720880005404084e-01
9.431231587533620564e-01
9.524355338458231346e-01
1.795543663796202449e-01
5.923165622297892341e-01
5.732016497834515611e-01
9.060049866880498515e-02
6.764472105967211935e-02
9.203951511023528154e-01
2.358470868818484112e-01
8.691561988112813664e-01
9.268177081139026274e-01
9.516732150731032069e-01
9.255503847221879798e-01
6.090952689593310404e-02
1.590849094621189785e-01
2.839483525000742192e-01
4.428879356548711121e-01
1.179355268066874379e-01
5.773445829129700280e-02
4.193788304844253689e-01
5.116235486687163020e-02
3.659839897190287905e-01
9.125418192931820105e-01
6.975693653412837758e-01
9.186620441521365921e-01
8.326960433360748315e-01
8.353627820573874541e-01
9.128933501287217478e-01
7.114301421555684068e-02
9.373129342844576106e-01
1.247926012757532566e-01
8.700405435284180866e-01
8.654211514790878523e-02
4.774213498394483945e-01
9.504632194249558186e-01
8.611083320079014891e-01
6.342210049919401182e-01
7.725709535944121908e-01
8.048852601957365849e-01
9.490057053705835965e-01
9.780302465928943922e-01
7.562174227805990023e-02
8.201668825842550747e-01
8.424204878616910197e-02
1.397277770289114540e-01
1.076297016097419179e-01
9.731115076945047460e-02
4.151022285189476940e-02
9.339273705741309994e-01
7.015921976978488350e-02
8.602482033195710809e-01
3.374029994080485206e-01
6.327125353306303768e-02
5.113890149036776078e-01
9.998831845354176628e-02
8.680772701786038104e-01
8.534190904565525093e-02
7.297566908698206456e-01
1.459155647760321250e-01
6.285600042684292843e-01
9.558031882602031626e-01
6.277621531772792363e-02
9.180356582738935511e-01
8.884496950257559922e-01
1.140329615830266430e-01
8.563910150516533815e-01
8.881385453779243599e-01
5.245988727546688768e-01
1.355488028312008542e-01
9.459677500264952466e-01
1.100932024470495374e-01
3.354655756963614843e-01
8.769023753632629870e-01
8.433890224750213438e-01
8.937158110336630434e-01
7.009247175715727085e-02
9.667667976558375065e-02
2.885744533421528701e-01
9.138482769353697965e-02
9.125276416066673280e-01
6.820934586160493085e-01
8.168437827776999782e-01
9.374985580387111550e-02
1.613521786133296498e-01
9.481848211331688203e-01
8.122581293703606820e-02
6.770729959058735536e-02
7.053177362868665590e-01
9.115738215592780191e-01
9.292895736188581113e-01
2.533999617036383212e-01
7.296664212126352522e-01
3.639595888969149318e-02
7.831596157027347072e-02
9.643247444978422234e-01
8.831367053437980119e-02
6.871149023813190315e-02
6.471527032656043676e-01
9.275766267052849567e-01
1.629963475109559301e-01
9.544908672084748691e-01
9.367714483765955391e-01
3.381339806740327192e-02
