"yolo iksde swag"
0.1935548287500249708958933
0.1247413071941462087144359
0.8095301206804278448814216
0.7885571584715639348317495
0.4882738880817094617725616
0.8781353862772379725853966
0.1908641092667062721943694
0.1545254368653093679508714
0.2212876144324110727623633
0.8732691335840412349966755
0.8688074157812174513892955
0.8604539309090862841955527
0.2224792719256676321037958
0.8458353432698921814392179
0.7955152984386689718476759
0.1448903896904190358174702
0.1778067009863587288887032
0.8776282507035139124340617
0.7148636039125269014959940
0.1886870422937917679551134
0.5750000602464604426700134
0.1285613148849237552528990
0.1513474157958366594911581
0.7978441490177047290544010
0.4913077198841738213452857
0.8011913421275623781170339
0.1637497255355653547059802
0.2189547885667411930565862
0.5085690276897359973773405
0.1229709400265971558363631
0.1621864824074673305798200
0.8059647527817502821179119
0.8534755421700608302160163
0.7212491572295900432720828
0.8573306709226886646035837
0.2111330144752731341473151
0.7746533627129852384030073
0.8754577423328805396707253
0.8552428130655278515348527
0.8617220839417901734336169
0.7435346966380816935426878
0.8583260993980396102998043
0.8560327920886313668447087
0.7984737403310729897398801
0.3400650603721320774930348
0.7970706894790738905598459
0.1290271331546468669415617
0.6703811628293897539876411
0.1340059379201161138261966
0.4807920485038135183231134
0.8548686280538965176489796
0.2092066250532318427701739
0.2191848858052371784577161
0.8554351784814423487190993
0.8265425466911023866245500
0.2407832127225457974351031
0.8706318594430658697191916
0.6455855281633179343359075
0.8149981027529228372330294
0.1478292343572298606080295
0.7977901483327464182693234
0.1291281829182943374778603
0.8240643435448010700739019
0.6114253300557667136772011
0.8653280015546402914594637
0.7128926194644716884951663
0.4012081253024444293941997
0.8178210141543011957310227
0.7579947228308352435988127
0.6069527870404827218919763
0.8648471263841979173037089
0.4060636764983522328797960
0.8679051375076262120344950
0.8506765391980556367812483
0.8755617351093420985819193
0.1315858730419935673783272
0.8404693384756658502965365
0.5687015826271237806111003
0.8009302218948066709458544
0.2164619084323472497644048
0.4820275173089179077123845
0.8587437824185553125744264
0.1350148553781612970059456
0.8796758489246675472017500
0.3159935342534309632434031
0.7951335281072374749911091
0.6103121385788139452444057
0.2222251042277330890239995
0.7922144693456288910837770
0.6602006121016298356707352
0.5782781713258794420440267
0.1545258003801946167232728
0.1818534614515193437167540
0.1919864473420182793272915
0.4625328958004084611843609
0.1772081934172239359170931
0.1286494949672679910523954
0.6901504564915766914978690
0.8235232265417931074580338
0.3585950137141336035995209
0.1273817667566271849555193
0.1579819353557698202727977
0.1939131290523638806444495
0.8554775397352757382307686
0.2005779366465444135680940
0.7861249250908137753413030
0.7693337769924140090438414
0.2246442419397373102540882
0.8794510144621856539970395
0.8743933661348406438662550
0.7853275037684749326771794
0.8051206214331901866998464
0.1981865413753497451310182
0.1423499616076652485308074
0.1307107770004526936524769
0.6969105913763838922037053
0.8643090651729873341579946
0.1938701155983650892267178
0.6314466555046727158639897
0.1303284863751307254275957
0.1313148760573958628850022
0.8486732373731008527428799
0.8703364866926642795519342
0.8433928485332343738534178
0.7667526279852160397965122
0.8555415354567066366087147
0.1797076163205186538629476
0.1262945771307373565850440
0.8728198047457086383715819
0.2487748199718422259518746
0.8677638233838504966399796
0.1486106733108379651664421
0.1680129666752271655472128
0.8027411034309263060393391
0.1233481131389888157956491
0.8507439415469049137641377
0.3335866198373317881298306
0.8658089679044570496913025
0.2409586412158561674612400
0.1289162245258878847220529
0.2128798533811751825250980
0.4385956578547833828451985
0.7979278902686459673532227
0.1279952398957663328715739
0.1907233831977605820195976
0.8665122658772639319124664
0.3140664690308000994711790
0.2614591493018626477962130
0.1349056885619444312585102
0.1356225027487834855488558
0.6210541816315992003083579
0.1469867321284026584482518
0.8594420781845278911603714
0.1318185911783396613294883
0.5374744176532174622096250
0.4699504574636262366205131
0.7982364199039064800444976
0.8776957934103389868951695
0.2139350565281670502049138
0.2382446615623835528552377
0.7974469129016119595121381
0.8581865742090729609614641
0.3170845384297542590701369
0.1483856217001525423793140
0.1310036991970152941977545
0.1289381856589461305961919
0.1978797836451376135347147
0.8778812093085431866867907
0.1950729576891561400930897
0.2068116107670190106926356
0.8749827353536735463634955
0.8055605459409772572954012
0.7146252838026850850994265
0.1527521504592692369595142
0.4474140543801476410656903
0.8763465498253742991252579
0.7402586536800676020320111
0.2012763125242809092441121
0.8552851191231510830093043
0.1324826394863630463216708
0.8574931450356452211636338
0.2125542967412842598751155
0.7848101686635619023135746
0.1439678777114561103456225
0.1338966762863189885468529
0.2142293260391728570990466
0.4932485833710173461774673
0.2209242907904021280263152
0.1476519028830378388317257
0.1311687985767854558449841
0.7818662335217646530693969
0.8736767192972344497903237
0.1722364144246633921309098
0.2522381616725909436738107
0.3317447062122496626024315
0.8662153756185219100061090
0.1444674825467406609202925
0.7924458072902441641005566
0.1294484131364460333113442
0.1262725404190717659602683
0.1241416000016497961366824
0.8696532918482974272578190
0.6299238354616173429789683
0.5916057436551181991646331
0.6579393182592548905418539
0.1215427789388118795521621
0.8611981182479632179749274
0.8820816862650956435842886
0.7340105291444528612387899
0.1750019872130563480805421
0.1457657461078481764271686
0.2134472141834668768023420
0.1278088721745516409544763
0.1324112067682575999416628
0.1257420811254486014973963
0.2595791044704275907228919
0.8708964197891430059073059
0.8785112657958761284149318
0.1348785537060471217962743
0.1970490314598889181052499
0.7894975972323866608704179
0.8688049433214666272817794
0.1413061998536309094021135
0.1547484359734820069665062
0.2580577320877192604164918
0.7263725629560644492244137
0.1906678555009735376302160
0.2007115556568717928964674
0.4571793677424795809827174
0.7983364335695360969324952
0.1400273390787197536067055
0.1872473744693549380091468
0.7821366254187221978000366
0.8503178738261052416191887
0.8045953289071802183585191
0.7660907564899209765130195
0.2079194955663413446611543
0.1800998534755934021855950
0.2613209317261080966154907
0.7985752909119017139971675
0.1568461634408302163290472
0.1850669249041775321629189
0.8821211000602624530131379
0.1884333514343404514246316
0.1397924304783896565229639
0.8779093821643154660350206
0.7935219342714033841090782
0.1276129893400278214610211
0.1652735322528645911521750
0.8674019044549828860724006
0.3416483756204897193065051
0.2239831007141467322796302
0.1910089993997082513654817
0.4075942636653387407541516
0.1284262358995265362882066
0.8790332462008256797503236
0.2714263584238656434877157
0.1908748845032617047490220
0.7897917944436320114576233
0.7985031048053151669918748
0.7930646529049485415896470
0.8755915930563742399783678
0.8723458539526821597931416
0.1882195436302369351277974
0.8603656256838972948841615
0.7906722849760722260370471
0.2932988472666411827738386
0.2213342407145794943357231
0.7699828337691320134794637
0.1267088834229343763393416
0.7899325926588026680619237
0.8327994018968970513228101
0.1216410574670414995734902
0.1704930152306484425484001
0.1332826324594278688540072
0.2031447850726525727882432
0.5906891733485871709419257
0.7934676135037769251212580
0.7641981622117622885426158
0.8568806245393111309383016
0.7701116938638093989411004
0.1620877447653256697712720
0.8032916179288820401893645
0.7877323805147753432720492
0.8678187390577351001397233
0.3702936607044846617498024
0.1775330560448870886869344
0.7463894323806808950294567
0.7528673654582528351753012
0.3101425395451193334217521
0.1503975380291915631136845
0.1345868417702497099597281
0.8424005355131508610000424
0.8772437674725782619233883
0.8592370878135519030038836
0.8634079486321342145060953
0.2793621187630391244915984
0.3708047436685968367697797
0.7994866039745662789073322
0.7818041267904813906852723
0.1314873704998559544865344
0.4778006752859080275008807
0.8279335405205010545159894
0.7943536413685766683911993
0.8142097194496296097554477
0.8831539958410248303266599
0.1289460531836736367772289
0.6595077374261083535955663
0.6777549183654509867835714
0.1265360624123182675671018
0.3354028215729117357035705
0.8620588717667359013319128
0.1347280181239210172794429
0.8111393945519475012773114
0.8755599894491082890723987
0.1822837845582998550497678
0.2725022007825974035277738
0.1220966732009682448323318
0.8565325919450424985157611
0.4648926385975849506770885
0.1904083162054327482692884
0.1225422278453509594697834
0.3594562235644055969707722
0.8677696429601855498958685
0.1907327355425233461616585
0.1339574205313466548350476
0.1340003972579135727016819
0.3037857001268360890300357
0.8457179218639124806955465
0.1888069584701747016808326
0.8795044018017330600400783
0.8707799248726653118524155
0.8581739106336803146746206
0.8118328834706428631662334
0.1297619680190994218005329
0.8695575378754140105641568
0.1250058475910955368970434
0.1255159410551179022252910
0.4491920620505041039649541
0.8412342632148769316913217
0.1675737995879702235679787
0.1288057365134875620338306
0.8791905255225572757282748
0.1877053425513413309477784
0.1669660387136573387323324
0.1365419334219495073323714
0.1899871464787816766062178
0.6459028026538193856254111
0.7734914440565727744569813
0.4082804981045411452100780
0.1823351279670297475643537
0.8681469048746794925364156
0.1877397231457511306285113
0.1900557996632179502682902
0.1420744244310977455469924
0.1252180737736757198952375
0.8797584884129280302644815
0.2632372271493823578936144
0.8643520084971377803739756
0.1232126800706994096401559
0.1968487976057908817040243
0.1725804594058643059995006
0.8568344198864900063128403
0.1890510022197384454312186
0.8704520967689411969914204
0.7398666344813871198482502
0.2406336348323175611252367
0.1352565571616235751140067
0.8494922326451440630634693
0.8790033837323104615180114
0.1241514618553699600411733
0.1274950045073279802920752
0.2694412080866095959841289
0.8188115163648723715539290
0.2484164143901640697809086
0.8685655131021167152383100
0.8278238784066443978204575
0.8025424363938203908830360
0.1236037979818837423406919
0.8794148615722433559582782
0.1901265648570954203133709
0.8427582172810591520928369
0.8572724683448651461503687
0.7972997592550209455808385
0.8199084154653872857920760
0.5460612817518417649864659
0.1937168491828213934269343
0.5794510088428261873616520
0.1853575850708362171559429
0.1670609339754695332747048
0.8022109671515220696846882
0.1890702740861404940186929
0.7897295176089252910500704
0.8556407727126313922383360
0.8673872695503939134198390
0.8328152725085198326837599
0.8619812330442989667389497
0.1325555016601304980650156
0.1889703199628108010177385
0.2267872397184781119161556
0.5360629425284518800864930
0.8514320322188594358792102
0.2150553044142271275074307
0.8388950252940832186254738
0.8740975865043708603607797
0.1290881264721987498056421
0.2353248434379389963932994
0.8782772852658727869012978
0.7950946669495629892665534
0.1935547166970828791843218
0.1482665574894330151600741
0.8650128420311299359823920
0.8677015667873885229610664
0.1270254270223597492517342
0.2455141100709842261196059
0.8502675165479534058476929
0.8490613110895376403064461
0.1933031903470755208385157
0.7966329424374912759887479
0.7703488318393256761851262
0.7527338397586559315399768
0.1907505212346777001553022
0.7786518351694168282861597
0.5770279926952804894213500
0.7778983124163580953336350
0.6933729302848959941130147
0.1387218460760304417078714
0.4853564459944184616979612
0.3715233308732936445828443
0.2092966083645332597829025
0.3144887263745992922459038
0.8678474156252263815858328
0.3028199803270539280930507
0.1304068494633876251764804
0.7950785727161481242220020
0.7817623939622827533568739
0.7572518790380478037604917
0.8668321871820703350408621
0.1909930507626964868439501
0.1902286224793389990406212
0.8696784406776171261199693
0.1395719154502910175352781
0.8544727648915723117184484
0.1292510319115827144287323
0.1930741620081685427923190
0.8547206592114009460203761
0.7875151279508741941626226
0.8646062172738678830441472
0.7703517556818288980480247
0.7651102070884524541938276
0.7066674766107073901721947
0.8675177375411536884186603
0.8595120964998548274138557
0.2237858215779648662913104
0.2690287781023589785966976
0.1906260401235855272972231
0.8036785313010997855442952
0.1575388879099811623163419
0.8016281939842463399870098
0.5122829895445337733406177
0.3233610376684194487317825
0.1333176583111945479043214
0.1471537926400811324700868
0.2028489846249056371974007
0.8636758215225812662652061
0.1534911633696534050130822
0.8515521708543555279291581
0.8674934116839919662211855
0.8582727830522781653499464
0.1886206372180035673036258
0.8150735565627679202194145
0.8547890358410793476551248
0.1325585368189407808880986
0.1373013539698371698882795
0.7669392932861512912623425
0.7511730754897127937397272
0.4099819938357116555494031
0.1387216769764213764037919
0.1841566917507844458601340
0.7883457378582751085005498
0.1901704672052776656787643
0.8660741281346667763685332
0.8318486883221765104678980
0.7963479465556216885246954
0.1911856937661671196337920
0.8668648321365278741623683
0.5437977629366218534912036
0.1245245535044917778444429
0.7258471759129682121525207
0.8517166460879463940614187
0.1329275357720919592541264
0.2819333964938761094565223
0.8352579112711028264115498
0.4193237002133198276787596
0.7270262949185445355837487
0.8678820789057754003792411
0.8671210152814081695282766
0.7923075350196636668087535
0.8153694847250566590801668
0.3141509386699400940834437
0.1900359362165747467710020
0.1336100319809621350675144
0.1890032016226769195910151
0.1305163853244301341849365
0.8546455198750718684763683
0.2147713836308916268702518
0.8532114979382959818465793
0.8002458814106804263488470
0.8670692687135314047353063
0.8385820192175152953950601
0.1275633320488391841962539
0.3061631609178203650145633
0.2986991222342935681233200
0.3623529267192486802429130
0.2708770187883004498807793
0.1319114603982223521416728
0.1863717737480824476747898
0.1292192505006859726268686
0.7592752266965843155333005
0.8553353699438125401499633
0.7767610618856083393168888
0.8182407568149180354666328
0.7235329537096480967406364
0.8493807697100829168235236
0.8575863298473508367081308
0.1258473639516466680010609
0.8749997882176963059919217
0.1478651400903220614058142
0.2425085630724019558623894
0.1968498719386284623311667
0.7643400142988081569228598
0.8617999211580195106918723
0.8551144049237472399838111
0.1789084843873899044464082
0.6585472228988862308796115
0.1996135794522652384674899
0.8019504478576838790715442
0.8842280183312535291051404
0.1288833894107456745636853
0.8507806332875057497844296
0.1973865464880364406496938
0.1906495528846509357467909
0.1253458854503967379034890
0.1687611084213238576978711
0.1613283025386285651769924
0.7821893094906690047096731
0.1329855346798863025004067
0.7673533161454071382934217
0.4165017410548026433048108
0.1281454409507486180697100
0.2046459791412513773423143
0.1669628063152900354637609
0.2371011362657690357824691
0.7502694455731561129496754
0.8672971181540415352984041
0.5881070018375801344845399
0.3019140892552141242077823
0.8010856989770935854267009
0.1414740701138319234342333
0.8206865876158683237306946
0.7038341794141639296000790
0.2013801149060882311747633
0.7846464113617425129021399
0.8618789700738234138555072
0.2103693529538814832591243
0.1895025392904305105989948
0.7933302512172423215375261
0.2238967695647060829333697
0.7299001188143353635595645
0.8680255000275699517331418
0.1397828773134616175966016
0.5530742731360150932218289
0.1402016148278574791952167
0.1934075119650745522292823
0.5869532616904334920704400
0.1919295460304885070357273
0.8804595743521540507359191
0.8620968707655251028754151
0.6789158245786528489418288
0.1898536562103461389217074
0.7859550478821389907224670
0.8775278334445107963901478
0.1250050707967833851785855
0.1246205121784330765999371
0.8487121516592144310209278
0.8067701189682879858722231
0.8544432929616542216066932
0.4173333897491854904693298
0.8211528745951589547402705
0.1334195348917578682890195
0.1450082472751303142022294
0.8738854316148012557619040
0.1985214616272726051438013
0.1236150399758797896465623
0.1903655345840936929935339
0.8684739476102706356996919
0.3404042149496717684087344
0.8658728100337399480324052
0.8134132012789992982604304
0.1367774094560004760623428
