313516_313536
0.4862702030909889
0.4646738715581114
0.4965647114765704
0.5261683295597392
0.48509849582485953
0.5406564610367489
0.47551978620139407
0.4714580767022968
0.5013040920172811
0.5299066715848145
0.522134397374933
0.5303752612299043
0.47444244218350046
0.5218215147265068
0.5214453415676199
0.47220291015287164
0.4853684024837366
0.5396658101110514
0.49763422362662074
0.46963150307749707
0.489565721434222
0.4780105723054697
0.4593237586492404
0.5086536835208423
0.5275491949717054
0.5343450720867664
0.4983305974913402
0.48928140717395896
0.4974323740706898
0.4660655953018215
0.4709354670237133
0.5066509125388547
0.5259619918850759
0.48934484496521374
0.5197442164675071
0.4808841618470084
0.5028183374292624
0.5378400793786957
0.5174655933310311
0.5264273474271064
0.5090829565760508
0.5344134725721827
0.5144694973931683
0.5277443738996859
0.49641180377326316
0.5365372414276086
0.47658568638291815
0.5299196106098677
0.4908629341527273
0.47970100023740225
0.5401575285512876
0.48871598730060883
0.49967062437552034
0.5059813639344775
0.5322674923493537
0.46943956863482345
0.534589955913406
0.4714541454618512
0.5039445396103389
0.46425937112590426
0.5283603965115268
0.48409367750200916
0.4939760566668572
0.49701082643921163
0.5231212853634271
0.49196902298118733
0.4771324124470861
0.5104577923692339
0.48870792557183124
0.5194028944670754
0.5335550492985778
0.4790440988682412
0.5347921955120215
0.5262240660398724
0.516012002100815
0.48317331898601434
0.5272218629199688
0.4914079777753461
0.5283339974944141
0.4673721548341827
0.484066672455471
0.5241779156175693
0.4914615577228547
0.5379910359620853
0.5123307535613502
0.5044125965487319
0.5041037916560576
0.5181078694982734
0.5210275578050085
0.5225918923899527
0.4999948520138952
0.47667848840303984
0.4987056721427231
0.48305127391915914
0.5257345220575317
0.4784341723609074
0.49187185212012424
0.48339604788913393
0.5182561897452191
0.5029050488127255
0.4678850317848309
0.4994560556219428
0.5124178257781661
0.5262498577210345
0.4798633295103979
0.5075280509292952
0.501065421360376
0.5152245750922898
0.5325764722168839
0.5293997236577905
0.5117050907882734
0.5007930453350123
0.5143795469648297
0.47380960609034417
0.4700304058498364
0.4826148159486632
0.517430540783548
0.4836797063766068
0.5097620667867474
0.4646943199366505
0.470784636434514
0.5284469135099071
0.5337151027838503
0.49467822795027344
0.5142624245617987
0.5282107298695512
0.4793387888210464
0.46263863273045724
0.5342008670621208
0.4974981929128491
0.5337134300147865
0.5011620889800944
0.4796310385533963
0.5325315536614509
0.456996188752281
0.5153855866523317
0.5133017090485399
0.5238705962848723
0.5180214578724139
0.47779474165951646
0.4942673153545826
0.5187727544102244
0.5347230200591652
0.48206521742625097
0.4783584040523429
0.5272634485836595
0.49934791561179404
0.4802570520538224
0.4775597654001973
0.48385228328985075
0.5164504017250379
0.47164093676537133
0.537465582195846
0.47460474506566913
0.46894299698027353
0.5065586087849174
0.5411017390654403
0.5247485111463233
0.49366271623101327
0.5106116026182346
0.5215453487745935
0.5424887263619623
0.4841142781374625
0.4679423393169979
0.4729577431251341
0.49500772660230197
0.4967960016394043
0.5347339767218258
0.4787455690052876
0.4909080351836506
0.5319006713676475
0.5090835502968861
0.5026612905593835
0.49279242994124833
0.49007464883174956
0.5210665557844929
0.5134633782710741
0.47244294781791674
0.520363058475877
0.46567652330706316
0.5199580338206816
0.4834840664966084
0.5261353508151784
0.4957521189421906
0.4657697219076904
0.49782085635260476
0.4901544933045041
0.4864561717045263
0.47405100560445623
0.47958168855474337
0.5144709941240425
0.5303610269577786
0.46995727404
0.48541727459037265
0.4719568637383555
0.5339376401222652
0.47253525905005134
0.5246738681861246
0.4838739950507932
0.47135115448205545
0.4710609216542844
0.5341314805874882
0.532430474667793
0.5151018139976877
0.4713733619951593
0.46316569889219716
0.5204050681274363
0.5318968357215891
0.5213606567099894
0.4859092213629469
0.4651724353930875
0.4770819505797133
0.4732895935916023
0.47000982794447854
0.46220562400532644
0.47543586980565705
0.5329166215795329
0.5387001848031275
0.46332577066492764
0.4836451106597254
0.5205812896438452
0.5169106652709528
0.48741766504165446
0.46579435616510206
0.4998175934358462
0.480561397071407
0.46574849039138694
0.47533397390721643
0.48206463598387467
0.527926486118731
0.4803145910814337
0.47266167112367896
0.5181896500705891
0.501285280815355
0.5176318812860515
0.5309212662863613
0.49354443290714306
0.5003513536860417
0.4773186328928941
0.5294902559110777
0.5122177132314686
0.48495179756142354
0.5326654389712697
0.4924541126289995
0.47007441490738855
0.5302660492311365
0.5250942432059851
0.4709219160519414
0.4788480056276454
0.5198441564375929
0.5063706343138351
0.5059965221412704
0.4853887714715249
0.48466326314601355
0.4797404146480054
0.5153150233791142
0.4866884832715853
0.4698243837065027
0.5194053775582543
0.5276305899202969
0.5307260163393779
0.5382332171867518
0.5362853374337825
0.4722866531110793
0.5358051740375718
0.5338009611491772
0.4757279810994446
0.48080392150192564
0.5247591865463073
0.4609609856885912
0.5052754848874382
0.5119387775765905
0.4610806496225343
0.486120286719282
0.4725449805416816
0.48583768861630605
0.523978449266126
0.4927072631511696
0.5013228940100315
0.5395097410253612
0.49621228606485646
0.47115109856233933
0.49650645947985683
0.5195626574360639
0.5352054877295964
0.483177792482174
0.4811410724136685
0.5159986367647046
0.5134935659628926
0.462180660904163
0.4709623721417393
0.4798237536554421
0.5268218754121081
0.5232080978903577
0.5297607815621956
0.5292009524704452
0.47626654901015386
0.5001735590252273
0.5270314871166142
0.5062334570457525
0.4687253019117863
0.4768989477846713
0.5315329761832627
0.5224962920947233
0.5115022373397398
0.5345809292059414
0.4878171040499381
0.5150305781326694
0.5228919721076537
0.4707592127532426
0.5099013432950986
0.5321875615428506
0.4859948043745794
0.5010866350913366
0.5374276873272328
0.47883970789941727
0.4864584229265277
0.46154579167572146
0.5385159583843144
0.48953027892830614
0.46763437623187515
0.4669663311191806
0.49774691958501
0.5337430621455121
0.4780517320294311
0.4704782027644861
0.4718797164939055
0.48863229303276634
0.5279437342164849
0.4871161846482902
0.5385961848780372
0.5267757815819302
0.5386198330422567
0.5260140204249412
0.4683422032616092
0.5267827664551605
0.4646317452189283
0.4669040447826345
0.5044985044566194
0.5243473816665826
0.47992093197444885
0.46763270393020057
0.5372239508094584
0.4801536750831966
0.4995839950123656
0.4626612916629807
0.474710639568841
0.5062038040778591
0.5325794310604917
0.5163068867760991
0.478676628651252
0.5398363759272491
0.49634283195931606
0.46639691975334946
0.4644692358780058
0.4589969936194015
0.5404949510463566
0.48896255362611063
0.5339140635819482
0.4620890886717652
0.47780467805148197
0.4790194016355044
0.5180904159012734
0.4903537370987592
0.5205774163811071
0.5018804091182666
0.4835074370056757
0.4860906939807609
0.518509763385449
0.5374125555169542
0.46855904712307217
0.46974354116702344
0.4996881668644627
0.4781187542493341
0.5114637387449227
0.5347860475305983
0.522772579065706
0.5282040795041617
0.4684573039109533
0.5374961932572162
0.47034856189635554
0.5173890673014501
0.5252784500956205
0.5355166599873991
0.5109890533511626
0.5243574054702045
0.4795927365624319
0.5242792273939599
0.4829373470017249
0.4795775479310075
0.5225248306994108
0.48379923065646063
0.5246866883896332
0.507495624147352
0.5328184704740365
0.5127041095135693
0.5368541049711497
0.48710844889237037
0.4733079358769849
0.48546412465203614
0.5103228152298087
0.49675730875785346
0.48578313612613694
0.5248060887051594
0.5363571753389833
0.49089196228605253
0.4769655100113654
0.5369036527097244
0.5095179499634053
0.4870800886273009
0.4732999188398963
0.5273219453484387
0.5279126597741851
0.48916777916211523
0.493891283211398
0.5182706660577583
0.524609048758326
0.48600628948187347
0.5295638700301274
0.5256766698878623
0.5025832912886536
0.48077077368093707
0.5232648894037808
0.48504103225161654
0.494192943750737
0.5293601899977399
0.4875130996577906
0.4947828980114558
0.4870833414611522
0.5002362532314625
0.47923891289209436
0.5187135474178849
0.4831448047065057
0.4763605212781429
0.5114668875518121
0.507654807579708
0.500822249726057
0.5240940536865842
0.4855693328227627
0.4676200539205769
0.5350381087329802
0.4978144967290021
0.5237304732002174
0.4654461503446182
0.4691907902914149
0.5267280431327607
0.5175324019305696
0.5319439078959263
0.4810112364806966
0.507311010791766
0.5242040955104473
0.5208242446279298
0.5253911474381601
0.5157124485327504
0.4768275219551359
0.4817340819900365
0.5006474374344083
0.4809636855482852
0.5249107036599315
0.48144843235447343
0.49913775810717415
0.46647400281222945
0.4740069570046786
0.4807583877258094
0.5336329559086416
0.46625478276673277
0.4911704442786121
0.5307834316165797
0.5178002369143511
0.4752576479164289
0.5043431652272093
0.5068681212105101
0.4948174711217104
0.47777666449481115
0.5049679553155464
0.5342424117050897
0.499103458966732
0.5103825842536414
0.4845556109047693
0.5330549232700358
0.4777298783011645
0.5397739709611759
0.5108163658448233
0.5343537505240956
0.4820454903829985
0.5222361138090488
0.5250098157236733
0.46791481832713705
0.4850643218006358
0.5178346396368795
0.4829992085210689
0.494330653494352
0.5405267178498991
0.5138426584422602
0.4985095603691709
0.5328115731073718
0.5206652505052962
0.5320922579868285
0.5347971255293377
0.4835651746073705
0.49914069404523864
0.4978646029033222
0.4767311177516821
0.4638665623195991
0.5281233990401991
0.4841772779118394
0.5149020234327244
0.5305204194134984
0.5345117800731072
0.5293067460550245
0.48066238610817785
0.4906307525770776
0.4911557232002465
0.4986320203501101
0.47704867409867013
0.47264936319843415
0.4907151584440857
0.46177523975136453
0.5119549698248292
0.5352895943269997
0.522667348039442
0.5334796761739006
0.5153420587298841
0.5037665380819447
0.509688263071966
0.47053696067887313
0.5252401033868273
0.47957534168189836
0.509194811185901
0.47183368761950156
0.5162608761613408
0.5318346268105388
0.5169311425769793
0.500961133890456
0.5066721890877665
0.5150219633686209
0.5297978922865574
0.5395513034296523
0.47505132538572875
0.5067279173205949
0.47503888286820556
0.4810420815505823
0.48896319212639616
0.48674054773221404
0.4628339028086336
0.5330168474755719
0.46664569410638285
0.5128385671428866
0.5147602479226655
0.4732323718497722
0.5051017253260559
0.5024287986021487
0.5085750284795719
0.4703007384502459
0.5034511037271866
0.48518169731393035
0.5115432621442925
0.5333965959002193
0.4720913952594464
0.5310127402835595
0.5164763681663324
0.4823582636025085
0.5083227761897919
0.5176047036066735
0.49292836154458386
0.4834902770517834
0.525628425555412
0.4762809549290806
0.503316099666253
0.5028327425639211
0.5157739566602916
0.5168566560394637
0.4817019116536891
0.48242372988170856
0.5017934069540207
0.47946427030527755
0.5208763009359504
0.5151285957289178
0.5053767747368488
0.47916632937028114
0.4919154372172037
0.5260909419417227
0.4799034421682572
0.4731033819981383
0.5112023688135354
0.5164559236823548
0.5256368444312762
0.49556393584685304
0.5042582979753246
0.4646261187285321
0.47585836039498547
0.5384617516599389
0.4910438222174146
0.4699246682781355
0.4904233602085819
0.5288992787899597
0.49770749810040377
0.530189293002633
0.5305649253634752
0.46258697049188324
