313516_313536
7.381102827010363465e-02
2.999538245780564855e-02
4.717109835520691408e-01
9.492101668466241815e-01
7.688188493891763564e-02
9.447866179127532016e-01
8.417696977863252383e-02
3.399165927485325867e-02
7.601065649948453018e-01
9.725235407376509045e-01
9.757675331409001451e-01
9.448005863385792180e-01
1.246703299895017547e-01
9.330910643939089866e-01
7.686261205685505082e-01
2.719086638696959976e-02
2.744926113260344747e-01
9.642036602373311727e-01
3.332412078895582996e-01
2.185629602165202467e-01
5.021761992858991830e-01
2.393480047879990857e-02
4.768660437080135539e-02
8.287931125267790078e-01
8.634137083413007119e-01
9.622780041817150520e-01
1.977051090847398718e-01
9.123623685518256199e-02
3.353615417693071588e-01
2.465431489815655269e-02
5.570600495523183454e-02
8.435920029271635201e-01
9.140768877303981910e-01
2.434503024823534423e-01
8.927472944223986406e-01
1.736975639537836624e-01
4.692456614058047593e-01
9.818063010679538571e-01
7.711097205711359148e-01
8.182564449919977889e-01
7.650094046071583831e-01
9.815867054677449577e-01
7.747910170761540538e-01
9.004899471192253646e-01
3.533149145939056268e-01
9.561062216370616040e-01
8.179853088821419094e-02
9.604191359843194942e-01
1.479599101918130655e-01
6.657007652276479559e-02
9.813247585204654122e-01
7.479890056345067650e-01
5.621703074457402582e-01
8.374451307168139236e-01
9.187209114754966155e-01
6.721087455004444433e-02
8.878110032009506325e-01
4.844257581670171481e-02
6.538359312921173672e-01
4.532401436209249762e-02
9.237814660883781892e-01
1.010000020821468364e-01
1.813980648437804877e-01
2.432734397941831717e-01
9.773790187766455695e-01
2.728372371323425361e-01
9.426252097901903493e-02
6.073576406711655995e-01
4.788575287237992750e-01
9.108989722269397182e-01
9.066589240887860113e-01
2.434412933933067028e-02
9.667026163643033243e-01
9.123973238089847504e-01
4.670155981774979925e-01
4.370505210579317401e-02
8.316795602704287749e-01
6.928173866452801422e-01
9.669742138688341981e-01
3.427737049139192166e-02
2.750160738082434442e-01
5.273881588193681802e-01
2.495960354112796153e-01
9.594057146913347323e-01
8.806520297406317255e-01
7.265695653457019398e-01
8.019418006687021316e-01
8.039806172463290768e-01
7.737683186112750411e-01
8.693555322126892415e-01
6.174074645739056066e-01
9.992655491678707758e-02
3.864990678142899427e-01
1.282262479401725663e-01
7.035482067596121603e-01
1.083439082858585756e-01
2.420060148974160774e-01
9.227740634572605127e-02
6.237620811715460789e-01
6.110247484450823663e-01
3.676640604612905344e-02
5.710487781134172547e-01
8.948409476931112883e-01
9.577446765469773693e-01
1.291059752379184189e-01
6.842715339505718308e-01
8.532734667774972692e-01
8.615288509664426053e-01
9.786333385678832597e-01
8.678363462715260601e-01
8.831285994809999762e-01
8.117490423692874657e-01
6.910449830878534483e-01
1.282728583668184263e-01
7.802808622578898123e-02
4.071995256983498845e-02
8.807582628157322180e-01
1.273097189075200752e-01
9.685373108619530491e-01
3.113001637025667248e-02
4.447960073857887275e-02
7.209397314365696419e-01
9.221818264240764229e-01
5.136551681736178931e-01
8.565757076349900245e-01
9.061498343990219695e-01
1.529759834463023660e-01
3.740302911479587850e-02
9.579947709191837246e-01
5.607944214751102718e-01
9.554038875835881850e-01
4.903545144952687340e-01
1.325435724005641358e-01
9.781044405885914728e-01
4.346430915203786799e-02
7.981214547746351418e-01
6.353987463288203186e-01
8.536554606600457173e-01
8.042988203568310901e-01
3.243606633613397433e-02
9.503555447148440138e-02
7.298839972869286541e-01
9.634390632523560649e-01
1.301449931897350754e-01
4.030332627379223376e-01
8.357688201140998085e-01
5.186867795868622677e-01
7.474142872319876341e-02
4.329036229812605052e-02
4.691430894617822922e-01
8.992151119553499772e-01
2.117977031130959670e-02
9.649504253646605800e-01
8.980204193414173530e-02
6.010194115393212300e-02
6.240531085346797679e-01
9.582620505884225093e-01
9.433053529578842022e-01
1.513964490120409678e-01
8.782572309752337825e-01
9.124331089192129207e-01
9.616515289753678752e-01
2.127837533433506734e-01
4.736824949901577431e-02
5.107598274068838456e-02
2.169619979141681199e-01
3.994447760437859207e-01
9.756141531018560631e-01
9.170708755848611116e-02
2.937805250474315732e-01
9.026102034567745624e-01
7.443229376729474378e-01
7.013268412726973988e-01
3.425022867150641637e-01
6.083154294715613641e-01
8.123489671041930205e-01
8.825536929603906566e-01
1.447423618669572976e-01
8.703411131847338389e-01
6.814531492209974228e-02
6.446191958908435993e-01
4.540124332459480327e-01
7.471106095533481817e-01
6.396861695367870304e-01
3.010785880713655674e-02
7.710075252661442446e-01
2.252852687364585438e-01
7.325842180960716321e-02
6.770737018743688829e-02
1.184157970234125112e-01
9.336565934532701228e-01
9.124629458230743007e-01
3.041221723652485359e-02
1.619737817137374136e-01
5.321129641319899406e-02
9.749426649844789017e-01
8.915038618232544454e-02
9.472378830720523668e-01
4.430478279395399371e-02
4.352278207389814052e-02
4.118563897825883863e-02
9.504158865580818460e-01
9.489346759078860494e-01
9.203582141650895609e-01
4.631687926778624287e-02
2.785835529277438244e-02
9.304501080344758090e-01
9.467215954195148386e-01
9.515123431088863271e-01
2.393961644722010507e-01
5.543811584082514177e-02
1.971579492139600431e-01
4.677861355875843202e-02
5.375627935183591166e-02
3.460834359866761523e-02
4.169028752164269380e-02
9.628344956420372691e-01
9.735660106232330024e-01
3.448402968674755403e-02
7.982316931841898500e-02
8.383703216236850775e-01
8.664094406157116790e-01
7.693746474619873599e-01
8.985189247723189554e-02
5.824407376858216079e-01
1.586109356256792946e-01
3.596430605935003744e-01
3.826363787473031908e-02
1.938453103037168501e-01
9.348816939610367083e-01
6.101135931148667091e-02
1.742364784730547900e-01
8.808880318874412474e-01
9.155070823066877583e-01
9.126817505594425617e-01
9.766970279607192218e-01
4.565522521551233087e-02
6.463628724670567038e-01
1.318105795239823963e-01
9.153638700942223760e-01
5.392130232553332680e-01
2.259140484815844174e-01
9.683430064246071334e-01
1.308383418235807838e-01
3.053651941624796473e-02
9.503646715718211402e-01
9.707353626406340918e-01
6.470307233581580608e-02
7.422396856235347062e-02
8.576992628525427209e-01
7.415230734456966788e-01
8.221490753076285962e-01
1.469059677533748887e-01
3.782518032241136141e-01
3.799572036042642847e-02
9.118936612254063823e-01
4.332982249287096743e-01
6.884711220725622804e-02
9.722520307538109474e-01
7.734847895167176191e-01
9.010608862327758040e-01
9.625174282292131567e-01
9.064777860189109360e-01
4.756904484539190708e-02
9.030782967859228849e-01
9.677587946032681909e-01
1.575674552736478218e-01
1.667595834310557634e-01
9.343542702219528318e-01
3.226818337052377028e-02
7.068512312495881522e-01
5.514053836714086776e-01
3.266767713088337272e-02
4.235233742678567448e-01
1.462782215530806368e-02
3.424589558759330576e-01
8.962052448297945784e-01
8.990072856539317592e-02
7.901330448029018072e-01
9.708687487407499095e-01
3.508520592435748209e-01
4.706614787194561556e-02
1.078222390430291638e-01
9.347114217891264731e-01
9.522619599972775850e-01
1.386188680901678794e-01
6.587763901950670353e-02
8.964072393124044025e-01
8.985958036331583854e-01
1.806548476202334691e-02
4.375974835147861119e-02
1.517505511131476692e-01
9.354310536487583372e-01
9.258095474525930291e-01
8.630911417839961519e-01
9.380858440878928617e-01
6.257207280281440465e-02
2.919795284116817879e-01
8.884530944236909145e-01
4.720983260849375140e-01
4.628497529679752309e-02
7.717987209079438249e-02
9.622163641466618955e-01
8.075996682586513709e-01
8.066620668319818277e-01
9.695264381936560261e-01
1.674067073531650962e-01
6.552812821655576991e-01
8.449214369043721584e-01
8.788877765088448646e-02
8.614946341732977464e-01
9.318515600901250417e-01
1.444799295276898154e-01
6.194215677815040344e-01
9.722121348259659124e-01
4.730449393317616436e-02
1.623291053629583869e-01
5.025544701166682199e-02
9.243716924929268330e-01
1.240406879201575857e-01
7.746587015800010523e-02
2.833154105723529811e-02
5.993790008425249338e-01
9.580818127702410703e-01
6.414001690646020659e-02
1.554741150781153158e-01
6.488304657190641089e-02
1.832442228733891232e-01
9.449249677109686774e-01
1.807644048722092944e-01
9.914292993833208056e-01
9.474622638789619300e-01
9.787581514439622765e-01
7.829208158217125790e-01
7.190625958512034122e-02
9.535408659935558084e-01
4.521438744044209423e-02
2.104270958656964674e-02
7.498564584970972557e-01
9.222407393745176707e-01
8.989548009601244782e-02
7.665071654441470150e-02
9.517677226202064800e-01
2.946974356496174230e-01
4.488498392345014465e-01
1.683929517624490335e-01
1.320436446157804145e-01
4.497740496612051553e-01
9.665734642475990457e-01
8.277764017983975098e-01
9.713361115552340830e-02
9.562151178499332937e-01
2.237556442447951321e-01
3.682636854678249250e-02
4.062724230186696289e-02
4.628847676620968105e-02
9.663353993261628583e-01
3.650143297924149377e-01
9.517003519334259476e-01
3.687365743844455562e-02
1.318206176117150963e-01
5.599268651801610902e-02
8.829053335626474430e-01
4.568704913310329130e-01
7.944500474958811065e-01
8.302635004681783171e-01
1.499971701344486319e-01
1.354587185724506759e-01
9.422712390687842943e-01
9.802221098247726472e-01
1.157808783178241180e-01
2.662080639778380969e-02
6.484233410743780457e-01
2.097350036479635194e-01
9.065549213610161194e-01
9.652598634632140184e-01
8.973225998750545829e-01
9.662782229688072766e-01
6.879302752999529036e-02
9.181666039994792472e-01
2.864089202224981423e-02
8.430896728038607124e-01
9.168437834636666839e-01
9.575481185025784825e-01
7.570349394314571656e-01
9.683433705803404790e-01
4.938770391009340843e-02
8.413503475606866067e-01
1.282696612703926320e-01
1.480455910318226320e-01
8.863230471233889407e-01
1.502324753611136432e-01
9.678290649317826677e-01
2.676582053730248156e-01
9.657072583750614392e-01
7.050514821091536932e-01
9.737030208284090937e-01
5.570230553457018452e-01
1.180467944371648148e-01
4.163642724878101053e-01
9.131857967582730495e-01
8.885061267159939380e-01
3.301528696826933618e-01
7.934009966332813413e-01
9.739253678924130186e-01
1.478914724170918293e-01
5.540887831689443599e-02
9.654705157348406619e-01
6.513508981682814003e-01
6.733171017371747391e-01
5.913580253575390078e-02
9.299020544363570950e-01
9.525819225384739575e-01
1.067165024867761797e-01
3.696333012750206981e-01
7.763886495587641878e-01
7.605967551671273252e-01
4.287342495837451195e-01
9.281045762100146312e-01
8.891348532474804278e-01
6.216031244546982304e-01
1.504266018198057164e-01
8.214556881835544111e-01
2.691392159564201872e-02
9.157919073965962165e-01
9.480685160098220043e-01
1.651198459598765822e-01
1.629128740330881009e-01
2.866314299711474889e-01
6.372789110596585038e-01
1.201920300217960286e-01
8.601118475958483556e-01
1.253579043901293100e-01
1.747752080396526575e-01
6.695722367952844367e-01
4.395110659329446445e-01
7.844915705623812796e-01
9.522206541895880116e-01
7.813769009464978377e-02
7.727398899772267016e-02
9.765029800710675056e-01
1.252293832570695042e-01
8.867293086802415791e-01
5.009821574775935593e-02
7.252550780918450013e-02
9.644220878586046153e-01
9.097877684562813982e-01
9.788191198841064145e-01
2.075659099242666006e-01
2.199348736659574588e-01
5.373083808605925160e-01
9.590896218255807737e-01
8.901252866641877759e-01
7.819552287550434189e-01
1.246079883294274882e-01
1.115279416739825974e-01
7.598170754769080215e-01
1.086017636110078455e-01
9.555753546543758192e-01
1.216164567980592554e-01
1.073154744968844443e-01
8.072362613507286233e-02
5.887009220098646939e-02
2.448880534134131037e-01
9.476708467320106299e-01
5.834952211915687276e-02
2.967030375975153178e-01
9.694476186570245568e-01
9.244382115339002670e-01
9.859271933454383241e-02
4.300077537870172772e-01
7.818443846118798835e-01
6.459824768367218584e-02
9.689328658650425696e-02
6.512790820583262974e-01
9.351152130900189929e-01
4.075916780974125353e-01
7.437329416823934558e-01
1.027230268615499653e-01
9.520064618113072141e-01
6.795743808982292189e-02
9.542615480518464866e-01
6.835320392333233963e-01
9.301274445445203432e-01
2.308372032775435345e-01
9.219908900287006048e-01
9.134258600305950049e-01
1.321540294011599725e-01
1.788027844530407917e-01
8.701854779345995494e-01
1.892478015164892058e-01
9.191021622968111870e-01
9.658910783048141324e-01
8.193202470686630212e-01
3.562515156621369194e-01
9.185506243569040441e-01
8.213532443272377748e-01
9.178585446638095613e-01
9.363919931899062910e-01
1.289786671521035988e-01
7.031699741355804667e-01
1.929172873210401873e-01
8.653813760288563139e-02
7.995097885871096932e-02
7.933710318398596861e-01
1.059894212643616579e-01
9.169273063594893802e-01
9.600463143099210450e-01
9.241193062942044678e-01
9.588930338549747079e-01
7.904680703905096750e-02
1.052278026371425146e-01
2.705178112243332156e-01
2.207350998572260026e-01
8.050631640307243098e-02
7.946167367735866571e-02
4.058861826437301645e-01
4.169249677179756586e-02
7.090734379423557776e-01
9.356001481327913538e-01
8.487090703280458781e-01
9.238896126851081636e-01
6.869390166965192446e-01
8.490130108784716967e-01
8.624443711900577902e-01
6.769372035239314134e-02
9.477269697938099924e-01
4.967293563453774041e-01
9.448347313885765431e-01
4.771221531164911156e-02
2.443785074777204969e-01
9.617345696784046494e-01
8.383679184215426794e-01
5.617495190237660196e-01
6.802216898388910860e-01
8.918966093737410450e-01
9.507637616875986852e-01
9.765153810034739035e-01
1.489797930267854620e-01
4.919424464374138051e-01
7.711451863296629738e-02
1.066686702504633238e-01
3.314436260769723641e-01
1.669526007978983928e-01
3.792344573214544851e-02
9.685389724371396003e-01
3.223851654465132582e-02
9.319639429753255877e-01
8.233171876057401306e-01
4.430183164821382275e-02
6.157860147625472402e-01
2.694856445590079752e-01
8.511459665553767762e-01
1.396716675534971641e-01
7.960132537282145204e-01
5.136220573829529679e-01
7.971606111498655833e-01
9.456106236639483242e-01
1.013413192373133348e-01
9.273422221226781392e-01
9.353181540347861311e-01
1.912328556910640742e-01
4.741840704066974665e-01
9.397611231557301270e-01
2.252259214826348721e-01
2.006576366340085127e-01
9.773373494824778573e-01
1.608169545207781270e-01
7.146780510051468083e-01
9.221501452356964945e-01
7.961444338660353948e-01
8.510585899153336742e-01
5.299813614361482961e-02
1.549159012494712440e-01
3.919000400192381162e-01
4.771280024309966505e-02
9.466421550010394315e-01
5.375958881384675925e-01
5.457182060836576198e-01
3.156105530858231978e-01
2.997031423682168239e-01
9.487152836504224585e-01
1.488403776919742239e-01
8.318663856341380891e-02
9.171429377932143190e-01
8.349870923231635933e-01
9.237208819217760380e-01
5.240857052447313036e-01
4.718505753511437750e-01
3.151856294324820174e-02
3.468588174431239124e-02
9.711654333842100195e-01
2.334436961623539419e-01
2.015579750142337534e-01
3.861971620790769499e-01
8.983006567661393493e-01
3.586386837458205301e-01
9.617956561400253790e-01
9.347575226215943944e-01
2.715672586276796779e-02
