'297156_313480'
0.4134701192378998
0.26701879501342773
0.46713295578956604
0.7444974780082703
0.3196747899055481
0.7677052617073059
0.2978852391242981
0.231500506401062
0.5553577542304993
0.7647407054901123
0.7394134998321533
0.7504452466964722
0.3385709822177887
0.6946235299110413
0.5420932173728943
0.24409785866737366
0.430522084236145
0.7861564755439758
0.4106765687465668
0.2717334032058716
0.46302083134651184
0.24836477637290955
0.21535375714302063
0.5941362380981445
0.6796214580535889
0.7436282634735107
0.43849849700927734
0.33799195289611816
0.4511481523513794
0.270525187253952
0.24554909765720367
0.5875452160835266
0.7025935649871826
0.4155329763889313
0.6159855127334595
0.39850932359695435
0.5155545473098755
0.7829287052154541
0.5496945381164551
0.6867877244949341
0.5872963666915894
0.8000969886779785
0.570209801197052
0.6795687079429626
0.4202324450016022
0.7465789914131165
0.29142531752586365
0.7093520760536194
0.3139632046222687
0.33367598056793213
0.7663027048110962
0.5919697880744934
0.501221239566803
0.6041679978370667
0.6818264722824097
0.2938152551651001
0.5693116188049316
0.2305193543434143
0.5259671211242676
0.2418375462293625
0.7462563514709473
0.28109124302864075
0.4301217198371887
0.47386646270751953
0.7715734243392944
0.3891078531742096
0.2849613130092621
0.5777865648269653
0.442776083946228
0.7474035024642944
0.7251923084259033
0.24752172827720642
0.7380194067955017
0.7082448601722717
0.5900181531906128
0.2478410303592682
0.6308684349060059
0.3859424293041229
0.7736618518829346
0.2345767617225647
0.4620239734649658
0.570572555065155
0.38420531153678894
0.7855468988418579
0.7039329409599304
0.5166860222816467
0.6232929825782776
0.6418477892875671
0.6392497420310974
0.6329104900360107
0.49273356795310974
0.2540963292121887
0.4120965301990509
0.4330129623413086
0.6045346260070801
0.3547457456588745
0.37697944045066833
0.31221887469291687
0.62698894739151
0.505618155002594
0.23331177234649658
0.5600745677947998
0.6771541237831116
0.7141917943954468
0.3338971734046936
0.6396490335464478
0.6217466592788696
0.6475273966789246
0.7444661855697632
0.7005165815353394
0.6174156665802002
0.5524373650550842
0.6188948750495911
0.2832912802696228
0.26527097821235657
0.2622672915458679
0.673561692237854
0.28718215227127075
0.673932671546936
0.20679180324077606
0.2280232012271881
0.6844059824943542
0.6971710324287415
0.46411198377609253
0.5445283651351929
0.6972914338111877
0.32171931862831116
0.21496695280075073
0.7587668895721436
0.5524516105651855
0.7616483569145203
0.5332520604133606
0.2811395525932312
0.7234725952148438
0.20862218737602234
0.6719189882278442
0.6120017766952515
0.6706332564353943
0.5598711371421814
0.24651820957660675
0.3401140868663788
0.5867103338241577
0.7413004636764526
0.3269674777984619
0.42944931983947754
0.6825389862060547
0.5080753564834595
0.3736526370048523
0.2790229618549347
0.48989903926849365
0.6838725209236145
0.24711491167545319
0.7740217447280884
0.2674155831336975
0.26165297627449036
0.571640133857727
0.7664214968681335
0.7452043890953064
0.3829025626182556
0.6704496741294861
0.717682957649231
0.7785947322845459
0.43997910618782043
0.24391913414001465
0.2560262084007263
0.2913176119327545
0.4834895730018616
0.7792171835899353
0.3647783100605011
0.47556185722351074
0.7173671722412109
0.580329418182373
0.5710939764976501
0.48735105991363525
0.5270563960075378
0.706364095211029
0.6080254912376404
0.4052507281303406
0.651797354221344
0.3033187985420227
0.5998643636703491
0.46819165349006653
0.6027194857597351
0.5635020136833191
0.27958980202674866
0.4843319058418274
0.3967837691307068
0.3371925950050354
0.234998419880867
0.32437849044799805
0.7151101231575012
0.7423275709152222
0.265935480594635
0.33581316471099854
0.35192936658859253
0.7767646908760071
0.29567795991897583
0.7110863924026489
0.329415500164032
0.26306459307670593
0.2723892331123352
0.7234775424003601
0.7108412981033325
0.6546515822410583
0.31314191222190857
0.22209519147872925
0.6212283968925476
0.7537195682525635
0.7279039621353149
0.4387412965297699
0.2844206392765045
0.4178668260574341
0.27445176243782043
0.2633122503757477
0.24507783353328705
0.3223305642604828
0.7520189881324768
0.8011110424995422
0.22212885320186615
0.3193056583404541
0.6934511661529541
0.6998926401138306
0.5707987546920776
0.2562371790409088
0.5867018103599548
0.376667320728302
0.26780766248703003
0.2868534028530121
0.36130622029304504
0.6875781416893005
0.31940051913261414
0.36963674426078796
0.622368574142456
0.6858718991279602
0.6396766901016235
0.7424277067184448
0.31501519680023193
0.5045269131660461
0.36088600754737854
0.6895109415054321
0.5104019045829773
0.38669925928115845
0.7831405997276306
0.34017348289489746
0.2624288499355316
0.7440676093101501
0.7576344013214111
0.30969497561454773
0.3274141550064087
0.5985287427902222
0.6403492093086243
0.5554327964782715
0.33744296431541443
0.4402594566345215
0.22586342692375183
0.7645217180252075
0.445101261138916
0.2723632752895355
0.7324446439743042
0.68156498670578
0.7012986540794373
0.7672653198242188
0.7506361603736877
0.32582107186317444
0.7248439788818359
0.7556681632995605
0.42118173837661743
0.38549789786338806
0.6616384387016296
0.21095997095108032
0.6197666525840759
0.529425859451294
0.2204875946044922
0.380890816450119
0.23704512417316437
0.4224705100059509
0.6454158425331116
0.2920170724391937
0.6420177817344666
0.7544667720794678
0.4433029592037201
0.26094967126846313
0.3008599281311035
0.6398733258247375
0.7608731389045715
0.400264173746109
0.26218631863594055
0.5896076560020447
0.6247023344039917
0.21865640580654144
0.22012342512607574
0.30121180415153503
0.7154589891433716
0.7740960717201233
0.6317480802536011
0.7427784204483032
0.29346325993537903
0.5459973216056824
0.6567866802215576
0.5509037375450134
0.2643195688724518
0.2490271031856537
0.7094727754592896
0.6307135224342346
0.6406975388526917
0.7935329675674438
0.3646611273288727
0.5513599514961243
0.612849235534668
0.2627226412296295
0.5882185697555542
0.7332130074501038
0.3988463282585144
0.5366702079772949
0.7853298783302307
0.24092045426368713
0.3656378388404846
0.20594578981399536
0.7342354655265808
0.3818722367286682
0.25480082631111145
0.2581771910190582
0.5640769600868225
0.7598215341567993
0.31951770186424255
0.3160538971424103
0.26794207096099854
0.39058709144592285
0.7155100107192993
0.30332857370376587
0.8111810684204102
0.716041624546051
0.7954435348510742
0.6843773126602173
0.28436899185180664
0.7397630214691162
0.22674411535263062
0.23410820960998535
0.509438693523407
0.6572327017784119
0.2657238841056824
0.27157458662986755
0.7662402391433716
0.34637650847435
0.47448059916496277
0.23740562796592712
0.3234604299068451
0.495392382144928
0.7423750162124634
0.5791487097740173
0.26114964485168457
0.7657442092895508
0.34654974937438965
0.2946808636188507
0.20968379080295563
0.23698678612709045
0.7717139720916748
0.4094364643096924
0.753635823726654
0.21661266684532166
0.38296255469322205
0.28516149520874023
0.6152926683425903
0.48694324493408203
0.6623062491416931
0.5841907262802124
0.4230406582355499
0.36418795585632324
0.7197446227073669
0.801839292049408
0.26797348260879517
0.27342820167541504
0.5921177864074707
0.3372666835784912
0.7124941349029541
0.7230380773544312
0.6690740585327148
0.7515829205513
0.2218124121427536
0.792241096496582
0.29868558049201965
0.5459107160568237
0.700939416885376
0.7533668279647827
0.5527879595756531
0.6731609106063843
0.30620837211608887
0.7000012993812561
0.2956276535987854
0.33813050389289856
0.6990981698036194
0.37084639072418213
0.750830888748169
0.4784594774246216
0.7765614986419678
0.620478093624115
0.7713816165924072
0.5029894113540649
0.2834770083427429
0.49428555369377136
0.6631648540496826
0.5921897888183594
0.42394161224365234
0.6517095565795898
0.7780279517173767
0.2820659279823303
0.26750943064689636
0.7830619215965271
0.5363979339599609
0.5353100299835205
0.26787862181663513
0.7261689305305481
0.7149040699005127
0.24930360913276672
0.46379852294921875
0.5930442214012146
0.5580999851226807
0.5000656247138977
0.6947930455207825
0.7130428552627563
0.5315896272659302
0.3444793224334717
0.5671963691711426
0.2778762876987457
0.5294275879859924
0.6804409623146057
0.29427245259284973
0.39560621976852417
0.3414157032966614
0.6484786868095398
0.35789257287979126
0.6700788736343384
0.2726254463195801
0.351059228181839
0.5266045331954956
0.5743720531463623
0.5864924788475037
0.7467625737190247
0.3699186444282532
0.27543163299560547
0.770882248878479
0.3382743000984192
0.6733273863792419
0.24439655244350433
0.2998688220977783
0.7305619120597839
0.7005264163017273
0.7537397146224976
0.30471035838127136
0.4491054117679596
0.6272231340408325
0.7410721182823181
0.684704601764679
0.6214385628700256
0.27983686327934265
0.2507498860359192
0.535412609577179
0.35758349299430847
0.7421262264251709
0.3473801612854004
0.4065600037574768
0.26851022243499756
0.26694607734680176
0.43432390689849854
0.7606893181800842
0.2547973096370697
0.45529094338417053
0.7655500173568726
0.6646785736083984
0.3295765817165375
0.4777592420578003
0.5641453862190247
0.31403806805610657
0.20899026095867157
0.5528473854064941
0.7754497528076172
0.44606196880340576
0.632423460483551
0.2890668213367462
0.7519181370735168
0.33999887108802795
0.7982725501060486
0.5909600257873535
0.7462557554244995
0.45231372117996216
0.6862180233001709
0.6516063213348389
0.2759969234466553
0.4048726260662079
0.7117553949356079
0.3116656243801117
0.6568821668624878
0.7605366706848145
0.7146781086921692
0.4836885929107666
0.7212417125701904
0.708692729473114
0.7288820743560791
0.7232203483581543
0.4254538416862488
0.5168917775154114
0.4373447299003601
0.36888766288757324
0.2634178698062897
0.589417040348053
0.2740098834037781
0.7188370227813721
0.7435208559036255
0.7592337131500244
0.7543432116508484
0.2566280961036682
0.37438082695007324
0.45992445945739746
0.39326211810112
0.29112038016319275
0.2814614474773407
0.42932724952697754
0.2285095900297165
0.5461879372596741
0.6874263286590576
0.6679530143737793
0.652498722076416
0.6097281575202942
0.6047766208648682
0.6924383044242859
0.2700580358505249
0.7290346622467041
0.49034416675567627
0.6535894274711609
0.3313514292240143
0.4443518817424774
0.7118503451347351
0.6185359954833984
0.5491117238998413
0.6409523487091064
0.6722646951675415
0.7324026823043823
0.7919834852218628
0.3957197368144989
0.5607461929321289
0.2672516107559204
0.4178696572780609
0.4169313311576843
0.3205384612083435
0.25445684790611267
0.7667252421379089
0.2903234660625458
0.5879132151603699
0.6476312875747681
0.2594808042049408
0.5846267938613892
0.3224659860134125
0.6549252867698669
0.31297430396080017
0.6300226449966431
0.46969708800315857
0.5994593501091003
0.7561396956443787
0.2599576711654663
0.7306650876998901
0.6275162696838379
0.37932202219963074
0.5597226023674011
0.6889588832855225
0.4250989556312561
0.42255136370658875
0.7833526730537415
0.3354097008705139
0.5644551515579224
0.7383081912994385
0.630402147769928
0.6236723065376282
0.2896779179573059
0.4205680191516876
0.4190760850906372
0.3421039283275604
0.7530133724212646
0.5737303495407104
0.5776888132095337
0.434896856546402
0.4353620409965515
0.7720375061035156
0.3137860596179962
0.2964819669723511
0.6367330551147461
0.5981554388999939
0.7444538474082947
0.4896368086338043
0.5613178610801697
0.21686580777168274
0.2742317020893097
0.7614375352859497
0.4998779296875
0.2871150076389313
0.42446169257164
0.6996467709541321
0.47946566343307495
0.7344298362731934
0.7004114389419556
0.2108238786458969
