'297156_313480'
0.42645314
0.004265613
0.112610444
0.9355939
0.7652423
0.8680951
0.007871882
0.045111123
0.9033991
0.998171
0.94766486
0.97342354
0.06893772
0.64453804
0.8687479
0.039098218
0.37401882
0.9981287
0.6481734
0.00044941655
0.60274434
0.3304582
0.0047661164
0.98485005
0.9920391
0.9915575
0.75167
0.9023487
0.94658256
0.007295084
0.44575945
0.31938735
0.99595624
0.38948572
0.99792165
0.4317196
0.90034956
0.9977877
0.99714154
0.98022914
0.81153244
0.9856485
0.8405214
0.5759435
0.13050893
0.99566627
0.0042800084
0.82620126
0.077369116
0.82688916
0.99760455
0.32682955
0.0043482636
0.77050203
0.9817762
0.0034384863
0.99395156
0.025284238
0.5574497
0.34771755
0.9971993
0.18685286
0.85531306
0.3048994
0.9721175
0.975969
0.1794211
0.97237724
0.12506238
0.9609571
0.9978542
0.042359114
0.99527764
0.8220376
0.9720221
0.03195007
0.6557424
0.9667294
0.99732375
0.33951935
0.283342
0.8266989
0.4567395
0.9926804
0.988318
0.55353653
0.92498493
0.9273976
0.981457
0.9842865
0.6416047
0.062226567
0.67387617
0.094599344
0.6378297
0.51244813
0.819258
0.043682005
0.90522677
0.059195615
0.015939604
0.903196
0.8631525
0.95820296
0.004859958
0.946276
0.91623354
0.81326324
0.9930513
0.16148679
0.8745869
0.65232885
0.22654997
0.003940961
0.023226991
0.08627172
0.9656493
0.0045379167
0.6042843
0.0007154448
0.015570603
0.8991285
0.30558905
0.7625055
0.9823826
0.9708156
0.4037641
0.0049631516
0.9912281
0.24823695
0.94161606
0.52031285
0.14054422
0.996878
0.0023084746
0.8115722
0.38925293
0.98119444
0.9468067
0.0015210066
0.20848091
0.6531319
0.9976993
0.54327506
0.015236088
0.99958235
0.20851976
0.19116688
0.0010793636
0.5719197
0.38695404
0.018828897
0.9877192
0.005395793
0.033935525
0.11230045
0.99797755
0.9460061
0.9332344
0.053225666
0.92923564
0.99842393
0.09142347
0.06426029
0.004363018
0.39039725
0.9747434
0.9872823
0.020797847
0.3075685
0.9960961
0.92005014
0.9773207
0.94239175
0.15528363
0.79460573
0.383407
0.0014807204
0.9912696
0.0033987742
0.948028
0.063252784
0.95620316
0.9776074
0.0065945648
0.27344382
0.35936874
0.015902376
0.008952514
0.65858907
0.9692666
0.98684156
0.35315874
0.7658531
0.0015272531
0.9998752
0.0684845
0.6558973
0.46720532
0.856173
0.058669478
0.99820125
0.9992392
0.5763515
0.38204738
0.059430942
0.7810672
0.91078585
0.9982912
0.8941306
0.009302614
0.53719485
0.8995878
0.0036468478
0.034018867
0.017673563
0.99737513
0.99457824
0.01571294
0.02240861
0.98271793
0.9994789
0.24706902
0.0054890923
0.64770865
0.025562488
0.00056731945
0.0027144342
0.31461805
0.97421104
0.016700208
0.008194197
0.86464417
0.34530815
0.86357653
0.88080007
0.69529706
0.9254441
0.5086325
0.9887475
0.105656385
0.65672874
0.89160335
0.6912211
0.0068064127
0.66549575
0.95704395
0.014551216
0.9634481
0.9914556
0.89252967
0.965749
0.13294214
0.014090543
0.09453545
0.98990786
0.03451581
0.016850868
0.34655127
0.972552
0.43718374
0.9986707
0.99805474
0.9135301
0.8619387
0.98646533
0.00045823536
0.020784313
0.99585104
0.0012599558
0.97494817
0.62825453
0.01006043
0.25835153
0.411133
0.045475163
0.99305
0.8128853
0.9794505
0.9983224
0.7834008
0.4952149
0.80291307
0.47392884
0.99878114
0.014169782
0.0043510906
0.33217978
0.53714204
0.013677116
0.04062081
0.2332616
0.6358517
0.99217355
0.997607
0.9828682
0.06697139
0.98598
0.99897325
0.8429293
0.001954038
0.006155331
0.9329786
0.9954509
0.8951098
0.9868428
0.06370356
0.98861504
0.98565674
0.004381419
0.87637305
0.40752187
0.03624347
0.03810813
0.99848515
0.007748546
0.124827206
0.002478334
0.9884703
0.9224863
0.00069238694
0.0018281719
0.28293377
0.9984092
0.35648215
0.27723774
0.0005208086
0.10675026
0.75419337
0.01100104
0.9968479
0.98167336
0.9955782
0.81691366
0.0030963246
0.9860364
0.35248077
0.010537769
0.9121049
0.57011664
0.07537707
0.009713489
0.9852085
0.019909896
0.8787029
0.03866757
0.033102747
0.3113944
0.5942188
0.6448306
0.1862522
0.98396957
0.06791407
0.21938884
0.0025851782
0.0031051654
0.9883928
0.9803279
0.78957415
0.00058601756
0.00042728486
0.0047257016
0.99448025
0.40759283
0.98906064
0.8820375
0.14347695
0.8422833
0.9946467
0.99662423
0.012376444
0.0228314
0.36951342
0.05502816
0.6629181
0.96885574
0.69458187
0.9971993
0.011079159
0.9548694
0.0054235603
0.58727705
0.37068495
0.9547931
0.90621156
0.9105286
0.002071412
0.08961681
0.0030599514
0.03879868
0.8929848
0.0110548185
0.9683991
0.92433363
0.9969988
0.90264505
0.9982703
0.3921576
0.008238513
0.8198346
0.39391896
0.28915504
0.03661353
0.9817123
0.98371774
0.117896795
0.016118111
0.9961737
0.79373354
0.04237375
0.14879477
0.8481554
0.9975737
0.8040053
0.044548757
0.42080617
0.998574
0.009007953
0.56709266
0.98269606
0.4581748
0.025850104
0.9616205
0.031732686
0.4166409
0.9579714
0.25637236
0.2312712
0.06579646
0.12737808
0.05338453
0.7203283
0.0147297215
0.62812877
0.9919978
0.81304985
0.5817231
0.9896125
0.12469978
0.00074566866
0.998882
0.01506686
0.2862225
0.02939814
0.27231392
0.851241
0.99846447
0.96223986
0.0022740664
0.10466154
0.9958955
0.9954007
0.9896513
0.6870797
0.3606897
0.12683387
0.993097
0.016506907
0.998828
0.03672612
0.34896556
0.025452886
0.060651142
0.19060332
0.77971286
0.01353367
0.80018973
0.9716797
0.9715006
0.0028497335
0.96361834
0.57326
0.02002311
0.03309185
0.9894855
0.99611723
0.13066262
0.34368357
0.48336834
0.9173879
0.28254336
0.9962288
0.2551531
0.99810517
0.059269845
0.64041346
0.9806496
0.025916206
0.7010292
0.05099559
0.25729275
0.6751947
0.9960078
0.9843879
0.8186534
0.99968994
0.9986846
0.4150258
0.9661853
0.087324485
0.63101625
0.959987
0.008924368
0.0069565414
0.999493
0.8737183
0.9370474
0.75739795
0.9092411
0.96305835
0.002515995
0.037161645
0.9150776
0.14440009
0.10010841
0.0015837748
0.010333935
0.07869585
0.031556506
0.9957957
0.8961104
0.9917005
0.9039914
0.9297461
0.894895
0.04983705
0.99893814
0.35406137
0.48419374
0.04277286
0.4177373
0.95666623
0.46580407
0.9603841
0.069376595
0.8393394
0.9911538
0.9794779
0.006216757
0.028744975
0.0019377401
0.43124855
0.13569446
0.20757619
0.011030032
0.58334756
0.052172262
0.93420005
0.045985144
0.012073779
0.433596
0.535937
0.9694025
0.020888228
0.9500873
0.091022335
0.99852955
0.997917
0.36469847
0.99860734
0.9424696
0.42661202
0.9131022
0.9828351
0.7362597
0.025489733
0.92537373
0.72493404
0.02487186
0.78739107
0.9342135
0.83821344
0.03919999
0.0039906176
0.6670104
0.016303793
0.8170879
0.7940236
0.97353256
0.17870341
0.03293361
0.99757165
0.8877121
0.062216148
0.3482628
0.70454055
0.45692194
0.32548574
0.67720175
0.0005734037
0.052644394
0.99238926
0.9427292
0.0072059836
0.64915586
0.65519434
0.7164741
0.99535996
0.99789304
0.00839335
