"298764_320651"
0.422383
0.211704
0.483044
0.711657
0.495795
0.825120
0.438320
0.253231
0.484544
0.787961
0.674388
0.728475
0.392255
0.692394
0.624733
0.232809
0.372362
0.819608
0.551836
0.237731
0.493789
0.338766
0.218536
0.630997
0.687741
0.735248
0.343129
0.359465
0.580803
0.232551
0.257853
0.527454
0.703753
0.507703
0.562537
0.415124
0.559238
0.831101
0.570714
0.673674
0.545360
0.815718
0.609413
0.677215
0.419847
0.769727
0.285740
0.721379
0.226994
0.472500
0.836383
0.526188
0.493495
0.647055
0.701538
0.340285
0.651687
0.189638
0.522549
0.204025
0.733739
0.248534
0.419541
0.469191
0.761065
0.459725
0.215282
0.538014
0.482733
0.770753
0.742351
0.246124
0.768764
0.748763
0.668813
0.272970
0.683631
0.325002
0.750503
0.324580
0.376711
0.653499
0.362639
0.832367
0.725098
0.471670
0.546088
0.518045
0.645710
0.553383
0.453113
0.195019
0.513794
0.433412
0.621798
0.371099
0.395039
0.369487
0.648151
0.523874
0.208272
0.472602
0.675033
0.754240
0.469002
0.505119
0.619862
0.669977
0.810993
0.667170
0.582006
0.401090
0.726590
0.302034
0.269518
0.242085
0.666231
0.266347
0.649284
0.206053
0.208069
0.684065
0.700349
0.512150
0.612242
0.652527
0.357098
0.216047
0.802560
0.510857
0.760929
0.504139
0.312824
0.694024
0.252505
0.662906
0.732723
0.707817
0.607101
0.207518
0.362179
0.591902
0.678367
0.310804
0.427040
0.723059
0.478112
0.462285
0.325427
0.481668
0.770034
0.276108
0.776375
0.237423
0.247239
0.618809
0.693261
0.741909
0.401155
0.747751
0.649864
0.789447
0.536920
0.218676
0.223125
0.307004
0.420157
0.813869
0.454875
0.359372
0.685672
0.647597
0.588971
0.345757
0.494183
0.738689
0.561715
0.431118
0.658547
0.323643
0.602886
0.639340
0.606048
0.430143
0.250440
0.657499
0.460634
0.398062
0.244679
0.268451
0.675403
0.814960
0.247683
0.359369
0.314702
0.804141
0.373206
0.633180
0.269945
0.222260
0.234117
0.741925
0.674899
0.670847
0.222176
0.165922
0.729204
0.825893
0.723867
0.352147
0.212863
0.392666
0.274595
0.244645
0.286796
0.349804
0.784634
0.844182
0.168817
0.393217
0.608029
0.668246
0.389180
0.227714
0.610292
0.388139
0.297310
0.348066
0.335923
0.586360
0.399365
0.377501
0.619694
0.576498
0.648648
0.771296
0.414662
0.504752
0.274216
0.725672
0.558496
0.427394
0.813568
0.357466
0.241832
0.827083
0.697032
0.325335
0.342808
0.628365
0.711242
0.485778
0.419658
0.450354
0.243344
0.752089
0.412431
0.280382
0.663313
0.725999
0.697277
0.814613
0.774817
0.337998
0.748608
0.775054
0.475278
0.499415
0.518360
0.215664
0.572470
0.509384
0.207160
0.366245
0.242641
0.528024
0.577756
0.272323
0.511196
0.807950
0.476633
0.340823
0.317570
0.503752
0.822696
0.339198
0.368161
0.482473
0.621031
0.221606
0.247647
0.346121
0.698228
0.799127
0.568786
0.710036
0.469603
0.527810
0.641020
0.479285
0.318458
0.225097
0.667207
0.608236
0.633844
0.809157
0.287243
0.440580
0.624017
0.311821
0.592614
0.757400
0.318900
0.602704
0.806300
0.244886
0.394996
0.254014
0.747018
0.354739
0.215039
0.200004
0.598758
0.805510
0.320046
0.326834
0.256805
0.391703
0.716806
0.410450
0.823066
0.741510
0.835814
0.639393
0.296870
0.790250
0.228634
0.219407
0.563870
0.620206
0.291472
0.263982
0.846992
0.389617
0.515555
0.245950
0.434585
0.555822
0.691036
0.540289
0.343166
0.799600
0.405666
0.297223
0.209016
0.272360
0.822030
0.431247
0.805949
0.232041
0.453894
0.322798
0.515863
0.445379
0.741640
0.617526
0.376889
0.341245
0.698479
0.844922
0.199492
0.218929
0.646775
0.405836
0.631534
0.731511
0.746697
0.741543
0.225825
0.830487
0.325253
0.605211
0.722259
0.656785
0.445450
0.725397
0.426624
0.753993
0.368713
0.350274
0.681353
0.443321
0.719274
0.562178
0.805216
0.624833
0.771233
0.395236
0.262029
0.447218
0.641180
0.597261
0.359017
0.620053
0.822934
0.247860
0.296294
0.802000
0.394868
0.508686
0.297319
0.701166
0.732018
0.313330
0.444797
0.534595
0.549759
0.478367
0.655934
0.673835
0.510115
0.332492
0.575479
0.174505
0.498542
0.684444
0.257942
0.448611
0.415996
0.681354
0.521524
0.655427
0.284035
0.236080
0.611105
0.629769
0.471743
0.771205
0.454334
0.276249
0.788732
0.401219
0.662868
0.223703
0.340202
0.764121
0.614490
0.808340
0.246006
0.431814
0.634288
0.778941
0.691553
0.638932
0.315695
0.278262
0.545697
0.261838
0.652442
0.428742
0.417268
0.255875
0.269527
0.491523
0.770067
0.221637
0.537686
0.827356
0.714572
0.297226
0.499737
0.523481
0.286045
0.234379
0.516024
0.819573
0.546906
0.483752
0.369366
0.718115
0.404432
0.829970
0.737194
0.704707
0.452917
0.622811
0.549299
0.208264
0.380258
0.652543
0.266960
0.677760
0.776853
0.758974
0.538908
0.749776
0.662380
0.727181
0.700415
0.493427
0.436029
0.517781
0.426621
0.226094
0.560348
0.240497
0.683415
0.752129
0.769915
0.785517
0.293443
0.454454
0.631353
0.378002
0.396758
0.204604
0.517690
0.255150
0.588941
0.678792
0.515178
0.604592
0.586111
0.589296
0.703258
0.418065
0.771263
0.464946
0.684018
0.345075
0.485000
0.754168
0.634526
0.542868
0.568655
0.689547
0.695637
0.844537
0.403799
0.494082
0.345726
0.497591
0.319443
0.363323
0.231314
0.795835
0.256202
0.468519
0.455017
0.285675
0.689515
0.314332
0.537908
0.225063
0.693316
0.460795
0.527106
0.744705
0.197676
0.718709
0.696277
0.508889
0.595271
0.695463
0.479095
0.409261
0.745748
0.444927
0.559161
0.793108
0.474191
0.621118
0.227004
0.473509
0.285602
0.450016
0.784173
0.616226
0.307863
0.443900
0.445637
0.813903
0.227097
0.294533
0.607536
0.584544
0.787531
0.448955
0.456972
0.172074
0.268195
0.776367
0.365250
0.221697
0.357697
0.671958
0.337376
0.786258
0.771049
0.190392
