"313319_313400"
0.379834562540054321
0.248114600777626038
0.417704790830612183
0.673912286758422852
0.551963031291961670
0.780758440494537354
0.429592162370681763
0.254106551408767700
0.419273734092712402
0.744322001934051514
0.756025195121765137
0.743102729320526123
0.460757076740264893
0.657401382923126221
0.627816140651702881
0.263957500457763672
0.415248543024063110
0.798874258995056152
0.568631529808044434
0.296298891305923462
0.540194690227508545
0.264452308416366577
0.277391970157623291
0.609635889530181885
0.634415090084075928
0.681507468223571777
0.393673509359359741
0.436910599470138550
0.613524675369262695
0.223493546247482300
0.257397621870040894
0.658581256866455078
0.675812840461730957
0.465478956699371338
0.664462327957153320
0.401605606079101562
0.559852004051208496
0.782986521720886230
0.632390081882476807
0.654517889022827148
0.631776869297027588
0.739217281341552734
0.601655542850494385
0.638540089130401611
0.418752551078796387
0.697368144989013672
0.272264927625656128
0.669106602668762207
0.308638393878936768
0.282652139663696289
0.761910557746887207
0.514313995838165283
0.485530316829681396
0.650870382785797119
0.694855809211730957
0.323429405689239502
0.694145858287811279
0.255685657262802124
0.588793098926544189
0.235889628529548645
0.693673193454742432
0.286607831716537476
0.384714126586914062
0.556972444057464600
0.755878448486328125
0.441828191280364990
0.268282771110534668
0.553833305835723877
0.485402554273605347
0.685332477092742920
0.634164333343505859
0.271112084388732910
0.739174187183380127
0.688189685344696045
0.627671599388122559
0.285236835479736328
0.698491394519805908
0.292756766080856323
0.689423620700836182
0.317113667726516724
0.526444733142852783
0.654958009719848633
0.317280888557434082
0.777362704277038574
0.651614189147949219
0.396408736705780029
0.558988928794860840
0.582872867584228516
0.621333539485931396
0.658926188945770264
0.575311541557312012
0.237903431057929993
0.394809573888778687
0.438364923000335693
0.673612833023071289
0.437597900629043579
0.362335801124572754
0.370328307151794434
0.653045117855072021
0.574919342994689941
0.226134210824966431
0.585051715373992920
0.651920020580291748
0.723509669303894043
0.380445688962936401
0.556386351585388184
0.609097301959991455
0.639605939388275146
0.772845506668090820
0.614398896694183350
0.587167680263519287
0.556263148784637451
0.622220993041992188
0.291255027055740356
0.243289723992347717
0.297155588865280151
0.655472397804260254
0.340156704187393188
0.550466418266296387
0.193557634949684143
0.234515905380249023
0.650614559650421143
0.726868033409118652
0.554657161235809326
0.623808741569519043
0.700527489185333252
0.346924215555191040
0.221006050705909729
0.752985239028930664
0.394057989120483398
0.755134820938110352
0.444835662841796875
0.285760521888732910
0.649202108383178711
0.247121497988700867
0.699568152427673340
0.638986647129058838
0.653977990150451660
0.620134353637695312
0.243252351880073547
0.331649750471115112
0.607380926609039307
0.692323327064514160
0.278292149305343628
0.404441863298416138
0.618450582027435303
0.571254312992095947
0.378321677446365356
0.256845951080322266
0.563828706741333008
0.687425553798675537
0.254547595977783203
0.683439135551452637
0.274931907653808594
0.266333192586898804
0.482984602451324463
0.736202716827392578
0.684315264225006104
0.464148312807083130
0.683607518672943115
0.655184388160705566
0.671340882778167725
0.598689138889312744
0.221927553415298462
0.244216859340667725
0.373366206884384155
0.451309829950332642
0.762937068939208984
0.428731322288513184
0.412819921970367432
0.725694477558135986
0.618327498435974121
0.462915658950805664
0.366289377212524414
0.524476647377014160
0.764335691928863525
0.585607945919036865
0.393776804208755493
0.593856155872344971
0.278571963310241699
0.601289629936218262
0.434014528989791870
0.640689730644226074
0.366795271635055542
0.290203064680099487
0.629538059234619141
0.516354680061340332
0.371002465486526489
0.289840131998062134
0.249825358390808105
0.494282037019729614
0.752638995647430420
0.254580140113830566
0.320315986871719360
0.397424519062042236
0.748734176158905029
0.314900189638137817
0.585932970046997070
0.271710604429244995
0.289935082197189331
0.271362930536270142
0.725216805934906006
0.690406382083892822
0.593665182590484619
0.266350746154785156
0.211909070611000061
0.658357083797454834
0.760736405849456787
0.704887270927429199
0.379096418619155884
0.250163406133651733
0.367419570684432983
0.271897643804550171
0.271548628807067871
0.288272500038146973
0.365467339754104614
0.737469613552093506
0.806446015834808350
0.209546118974685669
0.352394580841064453
0.571839570999145508
0.628044605255126953
0.551352202892303467
0.228501513600349426
0.421226441860198975
0.463648885488510132
0.365490764379501343
0.315515160560607910
0.457025647163391113
0.679707467555999756
0.324486821889877319
0.306967735290527344
0.681382596492767334
0.647634208202362061
0.575390160083770752
0.694310188293457031
0.364140301942825317
0.595013558864593506
0.413270145654678345
0.624243617057800293
0.520696640014648438
0.311400532722473145
0.782849311828613281
0.340127021074295044
0.316650927066802979
0.796375036239624023
0.681230425834655762
0.311057984828948975
0.296356737613677979
0.594990968704223633
0.504388153553009033
0.434990525245666504
0.357347100973129272
0.353622108697891235
0.244271099567413330
0.711371243000030518
0.526748001575469971
0.316672027111053467
0.606292545795440674
0.634448647499084473
0.633206188678741455
0.756500184535980225
0.748256504535675049
0.365852504968643188
0.731568038463592529
0.757223188877105713
0.389972150325775146
0.529089927673339844
0.606115937232971191
0.229109659790992737
0.599341273307800293
0.349459022283554077
0.184088543057441711
0.343761950731277466
0.263481557369232178
0.543998360633850098
0.622740030288696289
0.303135752677917480
0.545568704605102539
0.731453895568847656
0.448876142501831055
0.290037423372268677
0.407638221979141235
0.630478501319885254
0.757035911083221436
0.395209103822708130
0.364086151123046875
0.559397816658020020
0.691014528274536133
0.275325626134872437
0.273141831159591675
0.326025515794754028
0.652947008609771729
0.717967629432678223
0.642879903316497803
0.706877410411834717
0.464276909828186035
0.521324574947357178
0.627480387687683105
0.518670439720153809
0.272229433059692383
0.261223226785659790
0.642698585987091064
0.668016731739044189
0.632092058658599854
0.777192771434783936
0.440351575613021851
0.589001357555389404
0.605819642543792725
0.273713916540145874
0.639628291130065918
0.757049322128295898
0.367127388715744019
0.600173175334930420
0.764384150505065918
0.280835688114166260
0.502576410770416260
0.253007292747497559
0.663720786571502686
0.325956255197525024
0.306623220443725586
0.273713558912277222
0.601974248886108398
0.732716619968414307
0.418075144290924072
0.359523773193359375
0.252314180135726929
0.406910240650177002
0.675864934921264648
0.295963883399963379
0.799969792366027832
0.739519238471984863
0.753155171871185303
0.647223591804504395
0.316660195589065552
0.746000289916992188
0.233979552984237671
0.235907137393951416
0.567064940929412842
0.595420062541961670
0.288235425949096680
0.228979602456092834
0.806939244270324707
0.443015694618225098
0.508147954940795898
0.248918250203132629
0.407199442386627197
0.619847655296325684
0.658589661121368408
0.605011165142059326
0.359342604875564575
0.752454698085784912
0.488983660936355591
0.259440004825592041
0.214959114789962769
0.280022084712982178
0.783291280269622803
0.433369636535644531
0.736191391944885254
0.204902738332748413
0.418455034494400024
0.307821601629257202
0.638072431087493896
0.409199327230453491
0.704054534435272217
0.618748247623443604
0.387557208538055420
0.363880366086959839
0.653890788555145264
0.814196646213531494
0.251089125871658325
0.226476296782493591
0.478564620018005371
0.424895823001861572
0.577179133892059326
0.739770531654357910
0.732859551906585693
0.694866836071014404
0.236573025584220886
0.780274510383605957
0.291156530380249023
0.536610245704650879
0.698234736919403076
0.710407733917236328
0.462778508663177490
0.683623492717742920
0.460482507944107056
0.608734548091888428
0.406975448131561279
0.298434108495712280
0.619478940963745117
0.466355979442596436
0.706604123115539551
0.555522501468658447
0.727386534214019775
0.620435893535614014
0.750428140163421631
0.425706565380096436
0.300575882196426392
0.402767628431320190
0.696328997611999512
0.467674076557159424
0.484873086214065552
0.646145164966583252
0.742677569389343262
0.314363390207290649
0.349728912115097046
0.783070147037506104
0.610929369926452637
0.419613569974899292
0.282559454441070557
0.701912820339202881
0.676745295524597168
0.282058060169219971
0.521339774131774902
0.564603567123413086
0.595641613006591797
0.452035546302795410
0.668262302875518799
0.642006635665893555
0.573048412799835205
0.416741877794265747
0.606634855270385742
0.240149229764938354
0.495885252952575684
0.621452629566192627
0.373468309640884399
0.462733924388885498
0.456128120422363281
0.591535389423370361
0.587475955486297607
0.628635644912719727
0.274486482143402100
0.264618903398513794
0.588129818439483643
0.562853574752807617
0.583562493324279785
0.739424526691436768
0.360322326421737671
0.274650812149047852
0.777830600738525391
0.303862869739532471
0.591071009635925293
0.244710400700569153
0.348480522632598877
0.639381587505340576
0.684191405773162842
0.760620117187500000
0.292349874973297119
0.559387743473052979
0.655822515487670898
0.726591527462005615
0.640771210193634033
0.582928717136383057
0.291594088077545166
0.299256205558776855
0.475764930248260498
0.396068155765533447
0.660948395729064941
0.344993382692337036
0.412449449300765991
0.275738239288330078
0.265649229288101196
0.442337840795516968
0.725213468074798584
0.235965311527252197
0.485318779945373535
0.736144065856933594
0.604015529155731201
0.316058725118637085
0.467186152935028076
0.603214859962463379
0.329091936349868774
0.298569232225418091
0.475345462560653687
0.753021299839019775
0.474177092313766479
0.516721844673156738
0.468556672334671021
0.683850526809692383
0.363381803035736084
0.789842605590820312
0.526918292045593262
0.688375771045684814
0.478350341320037842
0.663724184036254883
0.597627758979797363
0.280406683683395386
0.358091622591018677
0.596365451812744141
0.316515207290649414
0.563402175903320312
0.728341042995452881
0.645152211189270020
0.513822436332702637
0.705117523670196533
0.695511341094970703
0.659318089485168457
0.619197249412536621
0.444596379995346069
0.344935327768325806
0.430186718702316284
0.339151769876480103
0.242934212088584900
0.580858647823333740
0.250308066606521606
0.711705207824707031
0.714666724205017090
0.634720504283905029
0.759674370288848877
0.258701205253601074
0.393365442752838135
0.504150509834289551
0.432161003351211548
0.458106964826583862
0.321607947349548340
0.438101440668106079
0.246905043721199036
0.526287317276000977
0.704314410686492920
0.634293973445892334
0.674887120723724365
0.573827803134918213
0.630183875560760498
0.563024282455444336
0.286058306694030762
0.784063637256622314
0.485981643199920654
0.606464505195617676
0.327465772628784180
0.547087848186492920
0.643105745315551758
0.659044265747070312
0.550508856773376465
0.587422311305999756
0.641909122467041016
0.642915666103363037
0.800291240215301514
0.361925274133682251
0.563157558441162109
0.340922743082046509
0.510853171348571777
0.358345538377761841
0.361135691404342651
0.250343739986419678
0.791458547115325928
0.273983925580978394
0.568789184093475342
0.504599213600158691
0.254571765661239624
0.562714517116546631
0.397130042314529419
0.606027126312255859
0.272883087396621704
0.610554754734039307
0.493447691202163696
0.484932601451873779
0.677417457103729248
0.269829988479614258
0.706314265727996826
0.674048781394958496
0.362910926342010498
0.429994076490402222
0.566978275775909424
0.576770305633544922
0.404360681772232056
0.702660024166107178
0.498337507247924805
0.519007205963134766
0.696592807769775391
0.547315478324890137
0.604612052440643311
0.273165911436080933
0.414156019687652588
0.336966514587402344
0.432416200637817383
0.744154930114746094
0.629453301429748535
0.486828565597534180
0.439509779214859009
0.397304594516754150
0.693681299686431885
0.258562356233596802
0.276638478040695190
0.687219440937042236
0.581321239471435547
0.734314143657684326
0.536434531211853027
0.580309391021728516
0.223044037818908691
0.282778114080429077
0.777700424194335938
0.397392481565475464
0.274118989706039429
0.459308505058288574
0.693915188312530518
0.374941408634185791
0.717032432556152344
0.717608392238616943
0.226863905787467957
