"313319_313400"
0.637388527393341064
0.080994062125682831
0.745705842971801758
0.898653388023376465
0.119110800325870514
0.912558674812316895
0.124167814850807190
0.084514804184436798
0.730606198310852051
0.910151243209838867
0.922017455101013184
0.887580811977386475
0.118267260491847992
0.792021274566650391
0.909938275814056396
0.074085965752601624
0.138418257236480713
0.894101500511169434
0.257029116153717041
0.076805688440799713
0.459991633892059326
0.092854313552379608
0.082780852913856506
0.820671558380126953
0.922709584236145020
0.920813560485839844
0.875917553901672363
0.102559767663478851
0.782421469688415527
0.083082839846611023
0.083214305341243744
0.712800264358520508
0.899448394775390625
0.872207880020141602
0.134139299392700195
0.089309334754943848
0.897565782070159912
0.923484861850738525
0.798892199993133545
0.891745984554290771
0.443022251129150391
0.911460876464843750
0.866421580314636230
0.913498461246490479
0.118546165525913239
0.903377950191497803
0.127261802554130554
0.913908600807189941
0.076168909668922424
0.264713793992996216
0.920692145824432373
0.246089652180671692
0.114910982549190521
0.226861208677291870
0.918210446834564209
0.079494349658489227
0.910694301128387451
0.193712413311004639
0.585468888282775879
0.078475125133991241
0.918284058570861816
0.131652384996414185
0.904440760612487793
0.847943305969238281
0.908391773700714111
0.806802093982696533
0.115340225398540497
0.628277897834777832
0.235514730215072632
0.157034069299697876
0.915795087814331055
0.144765913486480713
0.920484542846679688
0.796766817569732666
0.904123246669769287
0.093623064458370209
0.914549708366394043
0.179983332753181458
0.861173868179321289
0.129684537649154663
0.099409237504005432
0.910121679306030273
0.861988484859466553
0.913900196552276611
0.882942199707031250
0.592122852802276611
0.832457900047302246
0.902877211570739746
0.845895826816558838
0.894507765769958496
0.300039440393447876
0.091894894838333130
0.197986260056495667
0.118960067629814148
0.895277738571166992
0.113399796187877655
0.381368577480316162
0.463364064693450928
0.881661772727966309
0.787524998188018799
0.101464472711086273
0.287718385457992554
0.838302314281463623
0.856816291809082031
0.094155661761760712
0.858350694179534912
0.660681724548339844
0.132432371377944946
0.858092308044433594
0.911733984947204590
0.847656250000000000
0.833789467811584473
0.871653020381927490
0.143675267696380615
0.083266898989677429
0.288147717714309692
0.916333794593811035
0.121298447251319885
0.578146874904632568
0.102044798433780670
0.089284583926200867
0.828394412994384766
0.914210021495819092
0.092398785054683685
0.400466710329055786
0.904989719390869141
0.098090566694736481
0.109106831252574921
0.900384783744812012
0.153750002384185791
0.909486770629882812
0.225957095623016357
0.077805839478969574
0.903010129928588867
0.105277620255947113
0.895778536796569824
0.880325555801391602
0.898592710494995117
0.903564751148223877
0.076436266303062439
0.112076230347156525
0.660387158393859863
0.903550148010253906
0.105107836425304413
0.097824990749359131
0.833883821964263916
0.273538976907730103
0.122715786099433899
0.082915939390659332
0.166856497526168823
0.919322550296783447
0.153017327189445496
0.921741545200347900
0.118117675185203552
0.114252336323261261
0.885484278202056885
0.892221152782440186
0.766599297523498535
0.722282469272613525
0.391741901636123657
0.878372788429260254
0.897282779216766357
0.110343068838119507
0.102219283580780029
0.076418645679950714
0.163074523210525513
0.190015688538551331
0.917742371559143066
0.338099271059036255
0.732250571250915527
0.918153524398803711
0.852594494819641113
0.723924338817596436
0.618999183177947998
0.562855243682861328
0.911461114883422852
0.916014790534973145
0.099504359066486359
0.773193299770355225
0.075613670051097870
0.172436371445655823
0.101399563252925873
0.889760017395019531
0.326733112335205078
0.081997528672218323
0.100661411881446838
0.350763708353042603
0.156700894236564636
0.093861974775791168
0.125291675329208374
0.866464853286743164
0.915280938148498535
0.085979424417018890
0.108981132507324219
0.079404756426811218
0.922331273555755615
0.113563552498817444
0.910173416137695312
0.100953012704849243
0.088208168745040894
0.091030038893222809
0.913679599761962891
0.870542645454406738
0.869965374469757080
0.122074216604232788
0.093458868563175201
0.907236754894256592
0.918356895446777344
0.920878887176513672
0.181539833545684814
0.110491499304771423
0.098706446588039398
0.076510317623615265
0.076193891465663910
0.072986811399459839
0.101179651916027069
0.921236157417297363
0.921786427497863770
0.080732204020023346
0.120009861886501312
0.844272971153259277
0.898050189018249512
0.549936354160308838
0.107357263565063477
0.696482658386230469
0.089355602860450745
0.074164845049381256
0.113713435828685760
0.157970756292343140
0.903291761875152588
0.156117275357246399
0.126366868615150452
0.906512737274169922
0.850734770298004150
0.847848713397979736
0.919870615005493164
0.806382238864898682
0.192817658185958862
0.285168439149856567
0.873658239841461182
0.209947675466537476
0.123140744864940643
0.905160427093505859
0.084914952516555786
0.076791562139987946
0.913882493972778320
0.884148001670837402
0.074706718325614929
0.240668475627899170
0.404412627220153809
0.532247662544250488
0.682609915733337402
0.081596329808235168
0.693994283676147461
0.104300595819950104
0.862515628337860107
0.643189191818237305
0.075353547930717468
0.778241455554962158
0.899722516536712646
0.911533117294311523
0.916016161441802979
0.906104385852813721
0.159042045474052429
0.851755738258361816
0.910498023033142090
0.109075404703617096
0.108255803585052490
0.866013228893280029
0.092810824513435364
0.796830058097839355
0.725400805473327637
0.098927773535251617
0.129484847187995911
0.086352199316024780
0.079545527696609497
0.890303671360015869
0.210606321692466736
0.770358264446258545
0.924318969249725342
0.222564607858657837
0.150085896253585815
0.141737610101699829
0.844036281108856201
0.915063619613647461
0.221694588661193848
0.079175427556037903
0.326469033956527710
0.814198136329650879
0.091637961566448212
0.115527577698230743
0.108511373400688171
0.887487411499023438
0.909182608127593994
0.878070175647735596
0.883846104145050049
0.112796530127525330
0.194999977946281433
0.909636318683624268
0.794863402843475342
0.114826016128063202
0.124645493924617767
0.909594535827636719
0.890520811080932617
0.760771751403808594
0.885621964931488037
0.172957539558410645
0.473350167274475098
0.857462525367736816
0.084067881107330322
0.907122194766998291
0.908543825149536133
0.333819240331649780
0.590107858180999756
0.904159486293792725
0.099024213850498199
0.288569420576095581
0.095457889139652252
0.915496706962585449
0.125239342451095581
0.080263443291187286
0.085225328803062439
0.135664284229278564
0.919445395469665527
0.098835825920104980
0.077027201652526855
0.077058725059032440
0.256659686565399170
0.848401904106140137
0.151089966297149658
0.920350074768066406
0.915436863899230957
0.918265581130981445
0.864905834197998047
0.075562760233879089
0.861509561538696289
0.077379696071147919
0.078677713871002197
0.895820260047912598
0.894713103771209717
0.209212839603424072
0.079913266003131866
0.908435821533203125
0.110255502164363861
0.465499877929687500
0.145862698554992676
0.409266382455825806
0.122309915721416473
0.914174914360046387
0.871701836585998535
0.106550417840480804
0.901886343955993652
0.098310083150863647
0.087650641798973083
0.078229330480098724
0.084764800965785980
0.894562482833862305
0.108736462891101837
0.807641625404357910
0.096409678459167480
0.087901659309864044
0.119835697114467621
0.902667522430419922
0.233034640550613403
0.853347420692443848
0.844028890132904053
0.134141623973846436
0.198597148060798645
0.921532630920410156
0.924431085586547852
0.092404700815677643
0.082365825772285461
0.092799387872219086
0.117257304489612579
0.327745079994201660
0.871641099452972412
0.900962948799133301
0.897262752056121826
0.095504693686962128
0.900682985782623291
0.078506849706172943
0.853223860263824463
0.897405683994293213
0.903050243854522705
0.856429278850555420
0.905600965023040771
0.096179783344268799
0.920082151889801025
0.090208798646926880
0.383126139640808105
0.880018413066864014
0.643421053886413574
0.757204294204711914
0.845155417919158936
0.908853471279144287
0.900518834590911865
0.919348895549774170
0.207499310374259949
0.092155709862709045
0.137831836938858032
0.917674899101257324
0.145327582955360413
0.088904514908790588
0.903852164745330811
0.913077592849731445
0.095396988093852997
0.114847034215927124
0.918117702007293701
0.341350436210632324
0.181175872683525085
0.085125997662544250
0.819336354732513428
0.914683818817138672
0.184714496135711670
0.121590048074722290
0.879835605621337891
0.852590143680572510
0.097671426832675934
0.889124274253845215
0.905564486980438232
0.137466743588447571
0.096038088202476501
0.813953876495361328
0.088733941316604614
0.186761200428009033
0.891013920307159424
0.101127490401268005
0.103823803365230560
0.666152596473693848
0.089461378753185272
0.185082137584686279
0.760113894939422607
0.089540325105190277
0.607431948184967041
0.836008906364440918
0.911544620990753174
0.585492670536041260
0.914809882640838623
0.076738573610782623
0.072956509888172150
0.901493370532989502
0.146258890628814697
0.917780458927154541
0.078304424881935120
0.076243638992309570
0.864106714725494385
0.898388326168060303
0.919412791728973389
0.137482345104217529
0.174649223685264587
0.839887976646423340
0.926955282688140869
0.905703365802764893
0.856650233268737793
0.083273440599441528
0.101314209401607513
0.882455646991729736
0.096548005938529968
0.899985671043395996
0.194163456559181213
0.906882941722869873
0.123458638787269592
0.096486717462539673
0.127644270658493042
0.897354841232299805
0.080414012074470520
0.269624114036560059
0.891238987445831299
0.909383773803710938
0.101691983640193939
0.882903099060058594
0.912461519241333008
0.189414858818054199
0.084129303693771362
0.825703740119934082
0.918070793151855469
0.403640300035476685
0.620140969753265381
0.133589938282966614
0.908848166465759277
0.680771410465240479
0.915307939052581787
0.591922163963317871
0.921418130397796631
0.090138010680675507
0.851399779319763184
0.857681989669799805
0.079853765666484833
0.851806402206420898
0.527439832687377930
0.193717300891876221
0.908174991607666016
0.910210788249969482
0.825871169567108154
0.452816665172576904
0.920340299606323242
0.888599634170532227
0.856673002243041992
0.913429975509643555
0.157831057906150818
0.158534407615661621
0.840921401977539062
0.091688960790634155
0.081228896975517273
0.833562254905700684
0.096844621002674103
0.910321712493896484
0.895959317684173584
0.900012910366058350
0.902037620544433594
0.088793106377124786
0.180005297064781189
0.128564164042472839
0.294375419616699219
0.082504220306873322
0.076002925634384155
0.707005918025970459
0.088716655969619751
0.904761731624603271
0.917099833488464355
0.916402220726013184
0.902414143085479736
0.758465290069580078
0.550685882568359375
0.873191237449645996
0.117356695234775543
0.904991269111633301
0.308915585279464722
0.297938406467437744
0.081101767718791962
0.246496543288230896
0.905994117259979248
0.914204955101013184
0.817041337490081787
0.202996790409088135
0.882858753204345703
0.910849630832672119
0.901522159576416016
0.148720458149909973
0.619683265686035156
0.104844406247138977
0.112047232687473297
0.158336535096168518
0.088159568607807159
0.077420577406883240
0.753663897514343262
0.083533175289630890
0.892329990863800049
0.899384796619415283
0.083295673131942749
0.701864600181579590
0.094000235199928284
0.862808465957641602
0.183546453714370728
0.905023813247680664
0.086269266903400421
0.856418967247009277
0.879350841045379639
0.109815232455730438
0.819153726100921631
0.908981621265411377
0.145881786942481995
0.430389821529388428
0.900887310504913330
0.905688405036926270
0.160075828433036804
0.825190544128417969
0.134212553501129150
0.813276350498199463
0.622006952762603760
0.678960502147674561
0.842537224292755127
0.084116831421852112
0.171866014599800110
0.826029539108276367
0.192791700363159180
0.870181560516357422
0.546166956424713135
0.799228131771087646
0.084915846586227417
0.157233238220214844
0.903633654117584229
0.196478232741355896
0.076112590730190277
0.840450406074523926
0.834564626216888428
0.907394528388977051
0.314775645732879639
0.101662941277027130
0.103693231940269470
0.110156841576099396
0.876982092857360840
0.147686362266540527
0.091974534094333649
0.735875725746154785
0.917069137096405029
0.127208933234214783
0.921181142330169678
0.774922490119934082
0.087364912033081055
