"313319_313400"
0.368223547935485840
0.014470070600509644
0.456122040748596191
0.993635296821594238
0.201639220118522644
0.968948602676391602
0.272157311439514160
0.055965919047594070
0.502587974071502686
0.990768551826477051
0.944381713867187500
0.964832842350006104
0.088768929243087769
0.905567049980163574
0.914317369461059570
0.013992181047797203
0.398345798254013062
0.984809339046478271
0.264427572488784790
0.014928767457604408
0.072665080428123474
0.057294212281703949
0.005382928997278214
0.836618363857269287
0.937268733978271484
0.990358233451843262
0.730867624282836914
0.108559623360633850
0.527796149253845215
0.011822808533906937
0.032210540026426315
0.815083980560302734
0.937169969081878662
0.263845056295394897
0.810461819171905518
0.057324387133121490
0.838682889938354492
0.965080797672271729
0.708593130111694336
0.941098213195800781
0.800927877426147461
0.975793898105621338
0.791467964649200439
0.982983529567718506
0.140350148081779480
0.991105496883392334
0.293415248394012451
0.859286546707153320
0.071699365973472595
0.293145775794982910
0.985468029975891113
0.281467407941818237
0.105524256825447083
0.610379636287689209
0.963949203491210938
0.067575275897979736
0.968255281448364258
0.325514107942581177
0.736392736434936523
0.039456538856029510
0.978186547756195068
0.127409249544143677
0.844959557056427002
0.758779525756835938
0.932726621627807617
0.300844579935073853
0.314489811658859253
0.880872309207916260
0.529140055179595947
0.390863597393035889
0.958599209785461426
0.078884206712245941
0.976024568080902100
0.856391370296478271
0.766561925411224365
0.016397276893258095
0.956683814525604248
0.101116061210632324
0.965087115764617920
0.065420269966125488
0.213077366352081299
0.769142985343933105
0.477785944938659668
0.997859716415405273
0.925452291965484619
0.921219229698181152
0.944247364997863770
0.933517396450042725
0.825373709201812744
0.904294729232788086
0.527977108955383301
0.030344748869538307
0.374858856201171875
0.090949252247810364
0.941252291202545166
0.230143100023269653
0.468572050333023071
0.233149230480194092
0.868354260921478271
0.248365879058837891
0.005760952364653349
0.564397335052490234
0.463301688432693481
0.931595146656036377
0.027503570541739464
0.934815227985382080
0.740642249584197998
0.401834756135940552
0.985756099224090576
0.968698680400848389
0.897723078727722168
0.763457119464874268
0.404931336641311646
0.031377643346786499
0.034578416496515274
0.301870435476303101
0.903843283653259277
0.030499590560793877
0.928117752075195312
0.017535232007503510
0.041513014584779739
0.858392119407653809
0.916618585586547852
0.517952561378479004
0.553015828132629395
0.861924052238464355
0.050821539014577866
0.023260045796632767
0.985696911811828613
0.730420112609863281
0.971446037292480469
0.520560741424560547
0.163789644837379456
0.941101908683776855
0.010965576395392418
0.945191979408264160
0.227251753211021423
0.825509607791900635
0.581578075885772705
0.045235857367515564
0.081602275371551514
0.750582337379455566
0.987074434757232666
0.328485488891601562
0.175501197576522827
0.940912187099456787
0.626514852046966553
0.022208504378795624
0.010661936365067959
0.048152651637792587
0.728974938392639160
0.029013523831963539
0.968683540821075439
0.055593691766262054
0.087222374975681305
0.594957113265991211
0.991569578647613525
0.840042412281036377
0.702066600322723389
0.227361097931861877
0.928988456726074219
0.988666296005249023
0.080275326967239380
0.172074332833290100
0.024175947532057762
0.068448550999164581
0.560227572917938232
0.988771498203277588
0.060914788395166397
0.504183650016784668
0.970139980316162109
0.730672121047973633
0.405576169490814209
0.654650211334228516
0.336100488901138306
0.649084329605102539
0.925089299678802490
0.015755290165543556
0.934294879436492920
0.017287459224462509
0.793553531169891357
0.089588493108749390
0.875369131565093994
0.188437581062316895
0.100414283573627472
0.504743695259094238
0.264941662549972534
0.116931326687335968
0.028508387506008148
0.227411746978759766
0.940619349479675293
0.976965069770812988
0.030262950807809830
0.240977033972740173
0.197651728987693787
0.998737633228302002
0.079585686326026917
0.979601562023162842
0.220281705260276794
0.011967306025326252
0.170372352004051208
0.972105741500854492
0.978205561637878418
0.834876894950866699
0.422717422246932983
0.017745070159435272
0.876037240028381348
0.981750786304473877
0.931461274623870850
0.226227045059204102
0.084846191108226776
0.051593322306871414
0.037723794579505920
0.019849639385938644
0.009883916005492210
0.106735594570636749
0.987062156200408936
0.992439746856689453
0.016088467091321945
0.093751907348632812
0.913300931453704834
0.973439037799835205
0.267854243516921997
0.029351901262998581
0.181037247180938721
0.394543856382369995
0.008838801644742489
0.033745311200618744
0.279874116182327271
0.952140986919403076
0.084925189614295959
0.094520859420299530
0.941142022609710693
0.746637940406799316
0.840270400047302246
0.954462230205535889
0.204820513725280762
0.476884126663208008
0.575978934764862061
0.979683101177215576
0.457729190587997437
0.043329086154699326
0.685025036334991455
0.127540454268455505
0.029040403664112091
0.969757378101348877
0.925789237022399902
0.009913736954331398
0.144328251481056213
0.872695028781890869
0.584645807743072510
0.613557875156402588
0.075872533023357391
0.394724577665328979
0.024462936446070671
0.919151723384857178
0.404664278030395508
0.019153542816638947
0.954309642314910889
0.963761448860168457
0.893113970756530762
0.981103479862213135
0.977686285972595215
0.114613972604274750
0.939659655094146729
0.903033256530761719
0.051512178033590317
0.321055650711059570
0.984675407409667969
0.068397283554077148
0.885400772094726562
0.860304296016693115
0.094291821122169495
0.302456825971603394
0.102528482675552368
0.066134884953498840
0.971992552280426025
0.388610541820526123
0.854019999504089355
0.995596945285797119
0.471223652362823486
0.040354952216148376
0.448481321334838867
0.887748062610626221
0.949328064918518066
0.082652933895587921
0.089910499751567841
0.616293013095855713
0.722737133502960205
0.044180404394865036
0.036595568060874939
0.028471166267991066
0.882052302360534668
0.985553920269012451
0.986895680427551270
0.947384476661682129
0.101970173418521881
0.229944854974746704
0.982883095741271973
0.428175270557403564
0.021851357072591782
0.147558450698852539
0.979593932628631592
0.868786215782165527
0.815085887908935547
0.995660424232482910
0.498599827289581299
0.860797822475433350
0.911917030811309814
0.011821333318948746
0.702393233776092529
0.908728778362274170
0.158142894506454468
0.404961347579956055
0.989169418811798096
0.061690941452980042
0.114456713199615479
0.008848115801811218
0.994268774986267090
0.295138508081436157
0.010318725369870663
0.024962220340967178
0.317700833082199097
0.961107492446899414
0.038484334945678711
0.063421867787837982
0.039289552718400955
0.191404610872268677
0.825890898704528809
0.174479156732559204
0.989533901214599609
0.981184840202331543
0.988708496093750000
0.924980998039245605
0.016224458813667297
0.897381305694580078
0.060409922152757645
0.011745330877602100
0.461316138505935669
0.862731337547302246
0.048748582601547241
0.029132846742868423
0.973028779029846191
0.056051261723041534
0.579295396804809570
0.164148405194282532
0.177661240100860596
0.325341910123825073
0.976457715034484863
0.813872098922729492
0.033023305237293243
0.959065377712249756
0.216188430786132812
0.018501330167055130
0.012553126551210880
0.018652901053428650
0.994089186191558838
0.588181078433990479
0.897644519805908203
0.005500951316207647
0.019088698551058769
0.174998208880424500
0.947943806648254395
0.461919188499450684
0.843458831310272217
0.589415132999420166
0.107068449258804321
0.116733714938163757
0.976632058620452881
0.992966234683990479
0.058085959404706955
0.052302565425634384
0.188227951526641846
0.168008893728256226
0.853142797946929932
0.971598923206329346
0.858697175979614258
0.970153152942657471
0.023698899894952774
0.892115592956542969
0.028346532955765724
0.753764688968658447
0.889904677867889404
0.984084904193878174
0.824122965335845947
0.842137217521667480
0.031570222228765488
0.923728585243225098
0.026202607899904251
0.225740626454353333
0.868882894515991211
0.172204583883285522
0.944195806980133057
0.668532907962799072
0.956597387790679932
0.801279306411743164
0.996556937694549561
0.165111199021339417
0.041824363172054291
0.234623178839683533
0.834082186222076416
0.475231468677520752
0.058055199682712555
0.876849949359893799
0.979952633380889893
0.082793854176998138
0.059810228645801544
0.986307859420776367
0.797927677631378174
0.140787094831466675
0.045059643685817719
0.909970819950103760
0.950414478778839111
0.139557138085365295
0.177969038486480713
0.891498446464538574
0.882534265518188477
0.248550415039062500
0.937855899333953857
0.862936556339263916
0.353598862886428833
0.105948850512504578
0.870366692543029785
0.199816301465034485
0.572114646434783936
0.928956747055053711
0.067476607859134674
0.046042930334806442
0.345650136470794678
0.273076325654983521
0.284442961215972900
0.891669809818267822
0.083898767828941345
0.161643236875534058
0.850928127765655518
0.710173130035400391
0.830325841903686523
0.931089341640472412
0.081313781440258026
0.013671517372131348
0.974656343460083008
0.125512510538101196
0.908111631870269775
0.016878560185432434
0.044802255928516388
0.856668353080749512
0.987941861152648926
0.990880072116851807
0.165369480848312378
0.270277768373489380
0.795986771583557129
0.998319208621978760
0.895622313022613525
0.540547907352447510
0.141800373792648315
0.068812109529972076
0.598792016506195068
0.064036190509796143
0.957340896129608154
0.164322406053543091
0.218500301241874695
0.031503651291131973
0.128459304571151733
0.045534897595643997
0.905156791210174561
0.049101743847131729
0.437441945075988770
0.929028391838073730
0.921818733215332031
0.049593079835176468
0.875753164291381836
0.693427026271820068
0.125991478562355042
0.063416972756385803
0.784514844417572021
0.977904856204986572
0.325370132923126221
0.508984684944152832
0.105666622519493103
0.982715129852294922
0.248780399560928345
0.991470456123352051
0.695586919784545898
0.992944061756134033
0.262143254280090332
0.790649175643920898
0.882394194602966309
0.099700696766376495
0.307716548442840576
0.837122678756713867
0.049746241420507431
0.591628134250640869
0.981817007064819336
0.559090256690979004
0.749567151069641113
0.981856048107147217
0.881430923938751221
0.985852062702178955
0.946387887001037598
0.349512726068496704
0.816382765769958496
0.708731949329376221
0.073379151523113251
0.082375377416610718
0.964335441589355469
0.296135693788528442
0.915117502212524414
0.750760793685913086
0.956856727600097656
0.955827355384826660
0.019757751375436783
0.068202845752239227
0.155238360166549683
0.427315086126327515
0.093994162976741791
0.042204108089208603
0.428118228912353516
0.042597267776727676
0.667731761932373047
0.915401935577392578
0.956351578235626221
0.977197051048278809
0.911056399345397949
0.573725163936614990
0.916348814964294434
0.019634984433650970
0.969228804111480713
0.166418716311454773
0.679901063442230225
0.038437586277723312
0.386494696140289307
0.927539765834808350
0.911181926727294922
0.676479935646057129
0.540070891380310059
0.623505651950836182
0.954301774501800537
0.990703701972961426
0.045223802328109741
0.700086057186126709
0.116469010710716248
0.080621287226676941
0.209405362606048584
0.047242790460586548
0.036598872393369675
0.928771495819091797
0.056323185563087463
0.721284925937652588
0.514363348484039307
0.016274001449346542
0.158259332180023193
0.072580851614475250
0.942397952079772949
0.105239063501358032
0.691432952880859375
0.111442238092422485
0.768076717853546143
0.970073163509368896
0.034408822655677795
0.951279044151306152
0.885871648788452148
0.079551190137863159
0.793001413345336914
0.921761393547058105
0.541282594203948975
0.211610361933708191
0.897886812686920166
0.115477055311203003
0.346223086118698120
0.530092537403106689
0.739591419696807861
0.937274992465972900
0.068782180547714233
0.144187197089195251
0.404351264238357544
0.103924185037612915
0.874333620071411133
0.797852396965026855
0.927973926067352295
0.042972460389137268
0.069278120994567871
0.973481059074401855
0.249584883451461792
0.016364917159080505
0.901621282100677490
0.917894899845123291
0.772009611129760742
0.240070864558219910
0.762521505355834961
0.046080261468887329
0.088142432272434235
0.980894505977630615
0.037319086492061615
0.070559315383434296
0.602541029453277588
0.935860037803649902
0.493012666702270508
0.965366542339324951
0.948353052139282227
0.014036432839930058
