"313319_313400"
0.226326033473014832
0.012998354621231556
0.647064805030822754
0.994251668453216553
0.274724900722503662
0.975194394588470459
0.210232108831405640
0.072821930050849915
0.529498815536499023
0.986168503761291504
0.965179085731506348
0.974909842014312744
0.060182549059391022
0.914409637451171875
0.916293740272521973
0.013357296586036682
0.378995060920715332
0.988093376159667969
0.394861429929733276
0.012314585968852043
0.055933214724063873
0.048364285379648209
0.005733338650316000
0.873000502586364746
0.937358677387237549
0.994968712329864502
0.755638301372528076
0.090597204864025116
0.644158184528350830
0.009686645120382309
0.035424064844846725
0.867320418357849121
0.937790989875793457
0.276754021644592285
0.839768111705780029
0.061707135289907455
0.825905621051788330
0.968236148357391357
0.699759960174560547
0.929092645645141602
0.816829979419708252
0.982447206974029541
0.817935347557067871
0.982466161251068115
0.222439199686050415
0.997170329093933105
0.309575170278549194
0.884307801723480225
0.081184789538383484
0.380118995904922485
0.990510225296020508
0.331263780593872070
0.075763612985610962
0.632842361927032471
0.956663966178894043
0.037695810198783875
0.976731359958648682
0.358812034130096436
0.759821116924285889
0.045488189905881882
0.985209763050079346
0.119906611740589142
0.854787170886993408
0.701362431049346924
0.927055358886718750
0.260443091392517090
0.234513521194458008
0.892285764217376709
0.462932616472244263
0.315743833780288696
0.972807049751281738
0.121498323976993561
0.981154739856719971
0.872929692268371582
0.833184301853179932
0.011894749477505684
0.915422737598419189
0.161110311746597290
0.977810442447662354
0.073233962059020996
0.264433532953262329
0.729673862457275391
0.431797444820404053
0.998272716999053955
0.946907997131347656
0.931970059871673584
0.883317172527313232
0.875069141387939453
0.809199094772338867
0.928499162197113037
0.474284529685974121
0.025301825255155563
0.530034422874450684
0.039729841053485870
0.896664500236511230
0.206519901752471924
0.533781647682189941
0.411192178726196289
0.870563387870788574
0.365673869848251343
0.007269741501659155
0.504733026027679443
0.426196575164794922
0.876830756664276123
0.017760649323463440
0.930834472179412842
0.807708740234375000
0.453206717967987061
0.983104169368743896
0.956819534301757812
0.948158144950866699
0.762573421001434326
0.511367797851562500
0.051295079290866852
0.019856425002217293
0.295213460922241211
0.892996430397033691
0.062997445464134216
0.960558772087097168
0.049557808786630630
0.087477929890155792
0.884557306766510010
0.933392763137817383
0.505692601203918457
0.675641715526580811
0.887837648391723633
0.074318520724773407
0.018789747729897499
0.991191804409027100
0.723323225975036621
0.957093715667724609
0.534110248088836670
0.229726165533065796
0.934024631977081299
0.011257695965468884
0.936577200889587402
0.224601194262504578
0.883329570293426514
0.704932808876037598
0.010277620516717434
0.218572571873664856
0.784426450729370117
0.987095654010772705
0.346967339515686035
0.140731319785118103
0.921257197856903076
0.626144766807556152
0.020584441721439362
0.011544581502676010
0.035569135099649429
0.833652913570404053
0.057274315506219864
0.987677693367004395
0.046457625925540924
0.074338681995868683
0.609839797019958496
0.991055965423583984
0.868970274925231934
0.644502580165863037
0.301860243082046509
0.973859667778015137
0.992226600646972656
0.124588027596473694
0.125170394778251648
0.020517740398645401
0.059235021471977234
0.600566327571868896
0.986031830310821533
0.245160043239593506
0.393274396657943726
0.976563096046447754
0.692175924777984619
0.327853918075561523
0.602129399776458740
0.497507989406585693
0.635651707649230957
0.891211509704589844
0.010595326311886311
0.884524464607238770
0.013520059175789356
0.774663388729095459
0.069932430982589722
0.917412519454956055
0.184061646461486816
0.080272890627384186
0.432010024785995483
0.203537017107009888
0.117145299911499023
0.021665059030056000
0.216423854231834412
0.920043289661407471
0.969094574451446533
0.025396049022674561
0.271986991167068481
0.065053932368755341
0.997653901576995850
0.027140507474541664
0.989672303199768066
0.408639609813690186
0.011424653232097626
0.140026956796646118
0.979030072689056396
0.983643174171447754
0.819682240486145020
0.311514168977737427
0.020626971498131752
0.935118079185485840
0.980424940586090088
0.906588017940521240
0.272069007158279419
0.073770038783550262
0.051158532500267029
0.033303495496511459
0.021346691995859146
0.008954090997576714
0.067659586668014526
0.989823758602142334
0.994285166263580322
0.012188558466732502
0.043024975806474686
0.949784100055694580
0.969229638576507568
0.259705990552902222
0.027440074831247330
0.182353168725967407
0.482646852731704712
0.008016658015549183
0.084227070212364197
0.142143353819847107
0.914672374725341797
0.152248948812484741
0.098913937807083130
0.944926977157592773
0.829204738140106201
0.792063713073730469
0.949887752532958984
0.159952849149703979
0.514529466629028320
0.503428280353546143
0.984105348587036133
0.408802688121795654
0.029933864250779152
0.853915929794311523
0.311078250408172607
0.029911095276474953
0.989469587802886963
0.909806072711944580
0.006038887426257133
0.179001599550247192
0.846050620079040527
0.687715530395507812
0.582241415977478027
0.081781178712844849
0.331384599208831787
0.027365619316697121
0.904463350772857666
0.467010974884033203
0.011354039423167706
0.973898947238922119
0.966840147972106934
0.923641204833984375
0.987083435058593750
0.975135564804077148
0.183519437909126282
0.935475826263427734
0.906456470489501953
0.044971417635679245
0.324385374784469604
0.978276908397674561
0.065548256039619446
0.764140188694000244
0.828857600688934326
0.029410392045974731
0.235139563679695129
0.057850170880556107
0.028633318841457367
0.977117419242858887
0.426329731941223145
0.794123232364654541
0.996615886688232422
0.511895954608917236
0.028496030718088150
0.439171314239501953
0.916732311248779297
0.958831191062927246
0.062125049531459808
0.053197812288999557
0.707207500934600830
0.750812470912933350
0.030056815594434738
0.033112190663814545
0.016528924927115440
0.877749919891357422
0.995668947696685791
0.990092277526855469
0.924763858318328857
0.128598913550376892
0.192298948764801025
0.990044534206390381
0.483857661485671997
0.020664397627115250
0.131128251552581787
0.987273395061492920
0.894048750400543213
0.796379566192626953
0.996869742870330811
0.430149257183074951
0.858642220497131348
0.896200835704803467
0.014347274787724018
0.678189516067504883
0.894101560115814209
0.277728140354156494
0.519719898700714111
0.990768671035766602
0.066831171512603760
0.132296845316886902
0.013637039810419083
0.994159162044525146
0.258348643779754639
0.006944980472326279
0.024449938908219337
0.332572162151336670
0.966081380844116211
0.030424747616052628
0.033107742667198181
0.029759276658296585
0.270112007856369019
0.833739876747131348
0.116835586726665497
0.994363605976104736
0.981631517410278320
0.992795288562774658
0.892462670803070068
0.012059337459504604
0.876430392265319824
0.044115204364061356
0.009580345824360847
0.445688068866729736
0.892656207084655762
0.044391203671693802
0.014408747665584087
0.970960497856140137
0.022814597934484482
0.482954651117324829
0.070103898644447327
0.230552852153778076
0.371562957763671875
0.990981519222259521
0.804342865943908691
0.044754736125469208
0.965086281299591064
0.299039959907531738
0.017881246283650398
0.011929007247090340
0.021248010918498039
0.996103882789611816
0.562171518802642822
0.869051635265350342
0.006505133584141731
0.013463560491800308
0.366768002510070801
0.943360209465026855
0.433848828077316284
0.773857653141021729
0.608489632606506348
0.322401732206344604
0.121234536170959473
0.990385890007019043
0.994456648826599121
0.040206499397754669
0.055607885122299194
0.163319379091262817
0.120810128748416901
0.906736135482788086
0.939577639102935791
0.785852491855621338
0.982141554355621338
0.031899329274892807
0.954850494861602783
0.057413529604673386
0.826787710189819336
0.928573250770568848
0.952620446681976318
0.757412910461425781
0.877899289131164551
0.016866251826286316
0.949104964733123779
0.062884561717510223
0.169211909174919128
0.936003029346466064
0.136539340019226074
0.962179362773895264
0.717036843299865723
0.949708938598632812
0.794626414775848389
0.994563758373260498
0.136942684650421143
0.025654805824160576
0.279868632555007935
0.890111982822418213
0.463548302650451660
0.089449517428874969
0.895627081394195557
0.983046770095825195
0.092925541102886200
0.036158856004476547
0.982868909835815430
0.881210207939147949
0.151471436023712158
0.084237597882747650
0.888782441616058350
0.938527405261993408
0.128037437796592712
0.177775844931602478
0.944459438323974609
0.886919438838958740
0.187813609838485718
0.889492690563201904
0.871965527534484863
0.216582864522933960
0.149690449237823486
0.879651725292205811
0.183548241853713989
0.642127990722656250
0.917624115943908691
0.116767555475234985
0.034938678145408630
0.301071017980575562
0.218406498432159424
0.273132681846618652
0.843007504940032959
0.114075176417827606
0.183922827243804932
0.730445325374603271
0.695226788520812988
0.875280678272247314
0.939264774322509766
0.096869833767414093
0.008249646052718163
0.985563099384307861
0.174473628401756287
0.921654582023620605
0.048051144927740097
0.042024474591016769
0.914063870906829834
0.988564372062683105
0.996808052062988281
0.213973358273506165
0.310714006423950195
0.846646368503570557
0.997243642807006836
0.875236034393310547
0.746702134609222412
0.081458188593387604
0.051821697503328323
0.558011412620544434
0.123763836920261383
0.976439237594604492
0.102365806698799133
0.346084922552108765
0.017591593787074089
0.076917305588722229
0.103796087205410004
0.962095737457275391
0.047961410135030746
0.501262128353118896
0.947727560997009277
0.918385565280914307
0.036299414932727814
0.857533276081085205
0.732879400253295898
0.222260877490043640
0.090997874736785889
0.786670506000518799
0.988317310810089111
0.316658914089202881
0.596645474433898926
0.157275944948196411
0.985620379447937012
0.191262796521186829
0.997961580753326416
0.528301239013671875
0.995845973491668701
0.247145473957061768
0.863252878189086914
0.903319180011749268
0.145855918526649475
0.348930507898330688
0.900944650173187256
0.113532841205596924
0.622421383857727051
0.990411698818206787
0.754440367221832275
0.740661680698394775
0.954302966594696045
0.910435616970062256
0.990861117839813232
0.960854172706604004
0.249156713485717773
0.787416934967041016
0.702414453029632568
0.100836619734764099
0.080688528716564178
0.943806648254394531
0.458053439855575562
0.949867784976959229
0.755513548851013184
0.954373002052307129
0.954071044921875000
0.017193058505654335
0.029570795595645905
0.357780605554580688
0.579283952713012695
0.124564468860626221
0.024194980040192604
0.278983652591705322
0.040675319731235504
0.550128817558288574
0.952727258205413818
0.934872865676879883
0.981727361679077148
0.912882626056671143
0.666027188301086426
0.900228142738342285
0.024682980030775070
0.981458365917205811
0.127220243215560913
0.516376078128814697
0.049686960875988007
0.479648649692535400
0.950913071632385254
0.931519687175750732
0.656147241592407227
0.558138608932495117
0.612901449203491211
0.970241665840148926
0.995835840702056885
0.045618664473295212
0.771470963954925537
0.155237734317779541
0.055478483438491821
0.127521619200706482
0.038990221917629242
0.020812490954995155
0.903810441493988037
0.020516015589237213
0.787730813026428223
0.692849993705749512
0.017388192936778069
0.119533285498619080
0.118931688368320465
0.971714317798614502
0.073233641684055328
0.740203082561492920
0.136979237198829651
0.836220383644104004
0.981421589851379395
0.095071569085121155
0.973009467124938965
0.885047912597656250
0.150164723396301270
0.836261689662933350
0.838220298290252686
0.482868701219558716
0.240794509649276733
0.867215871810913086
0.101808026432991028
0.362644165754318237
0.513183832168579102
0.722751379013061523
0.911117613315582275
0.076227508485317230
0.071689583361148834
0.445372998714447021
0.096460163593292236
0.864926457405090332
0.760320186614990234
0.938718199729919434
0.031566943973302841
0.037259489297866821
0.989215195178985596
0.199652895331382751
0.010683903470635414
0.922967791557312012
0.935981631278991699
0.889305412769317627
0.322259396314620972
0.887338280677795410
0.046630777418613434
0.092214055359363556
0.991603136062622070
0.037283197045326233
0.049726482480764389
0.546206116676330566
0.960916340351104736
0.606280148029327393
0.979320764541625977
0.912244081497192383
0.012476196512579918
