"313319_313400"
0.261147588491439819
0.253675907850265503
0.490227490663528442
0.401522964239120483
0.259021431207656860
0.248942285776138306
0.291939437389373779
0.559213221073150635
0.652871489524841309
0.321307480335235596
0.344238638877868652
0.467334032058715820
0.763000607490539551
0.365168064832687378
0.349971890449523926
0.400534003973007202
0.330731391906738281
0.162453353404998779
0.218528375029563904
0.852663815021514893
0.322954833507537842
0.351098358631134033
0.793759644031524658
0.749973356723785400
0.145866766571998596
0.232374712824821472
0.490189820528030396
0.402512133121490479
0.842735052108764648
0.495236754417419434
0.391818910837173462
0.821737170219421387
0.796918749809265137
0.124768622219562531
0.335682749748229980
0.287228345870971680
0.208288133144378662
0.562451541423797607
0.112438097596168518
0.763460516929626465
0.405024051666259766
0.874701082706451416
0.304338455200195312
0.303266972303390503
0.136672437191009521
0.420674860477447510
0.471251547336578369
0.326949417591094971
0.869086444377899170
0.371399313211441040
0.204226613044738770
0.866699218750000000
0.268043905496597290
0.487329363822937012
0.588037669658660889
0.899543821811676025
0.803481221199035645
0.115831114351749420
0.814143836498260498
0.248598277568817139
0.864483237266540527
0.296915918588638306
0.757830381393432617
0.796325683593750000
0.242382705211639404
0.556949079036712646
0.713351786136627197
0.750796318054199219
0.277170181274414062
0.393360495567321777
0.217774733901023865
0.298983991146087646
0.160845369100570679
0.315417766571044922
0.745860040187835693
0.699903488159179688
0.260235100984573364
0.722902297973632812
0.752865552902221680
0.263814151287078857
0.414175093173980713
0.321450680494308472
0.869499206542968750
0.466888427734375000
0.345269054174423218
0.781139731407165527
0.394893676042556763
0.760512411594390869
0.451195001602172852
0.535505533218383789
0.812632799148559570
0.491357535123825073
0.651151895523071289
0.189133405685424805
0.626917600631713867
0.279140949249267578
0.560716032981872559
0.128499165177345276
0.470570325851440430
0.876057982444763184
0.815614640712738037
0.394714027643203735
0.179578274488449097
0.746412754058837891
0.130138620734214783
0.465758949518203735
0.845193803310394287
0.786972284317016602
0.315821915864944458
0.516413807868957520
0.166876211762428284
0.629413366317749023
0.451685965061187744
0.597111523151397705
0.215406283736228943
0.728615760803222656
0.855638384819030762
0.668403685092926025
0.842025399208068848
0.215380132198333740
0.191097274422645569
0.213740050792694092
0.292773455381393433
0.783717513084411621
0.848060488700866699
0.672950446605682373
0.268393546342849731
0.304858416318893433
0.569887518882751465
0.739756226539611816
0.493511408567428589
0.346964895725250244
0.835642576217651367
0.328332304954528809
0.576239705085754395
0.265695780515670776
0.355919331312179565
0.414807438850402832
0.689027190208435059
0.755666971206665039
0.827109336853027344
0.641018807888031006
0.216215103864669800
0.847062468528747559
0.549398899078369141
0.823016941547393799
0.294092208147048950
0.792884171009063721
0.331760764122009277
0.795243084430694580
0.391062527894973755
0.245963186025619507
0.612831175327301025
0.566554009914398193
0.203465625643730164
0.528080165386199951
0.696839451789855957
0.693929374217987061
0.294753164052963257
0.818228483200073242
0.644627153873443604
0.555538535118103027
0.276862800121307373
0.731662392616271973
0.816108465194702148
0.461401551961898804
0.852762818336486816
0.693952679634094238
0.850332796573638916
0.685765266418457031
0.283146142959594727
0.784697890281677246
0.852673232555389404
0.813816368579864502
0.769131243228912354
0.269591093063354492
0.288688123226165771
0.843225896358489990
0.580636739730834961
0.838023364543914795
0.884520053863525391
0.395398646593093872
0.179964572191238403
0.381151080131530762
0.348473459482192993
0.401080042123794556
0.311711639165878296
0.623744845390319824
0.382922172546386719
0.286364614963531494
0.850224673748016357
0.327728748321533203
0.459331870079040527
0.510779798030853271
0.742510676383972168
0.653169095516204834
0.220162212848663330
0.221624612808227539
0.799009621143341064
0.473983615636825562
0.376701772212982178
0.382193684577941895
0.102831505239009857
0.349545955657958984
0.459164559841156006
0.634927809238433838
0.394351035356521606
0.173295214772224426
0.190938606858253479
0.125821337103843689
0.776483178138732910
0.839059174060821533
0.647654771804809570
0.459573358297348022
0.744775772094726562
0.376754224300384521
0.758801579475402832
0.282084494829177856
0.705529808998107910
0.198623031377792358
0.685068070888519287
0.342573940753936768
0.315845072269439697
0.747640490531921387
0.505086839199066162
0.325929015874862671
0.821647524833679199
0.788012981414794922
0.347916245460510254
0.796012401580810547
0.682644486427307129
0.304417520761489868
0.760121107101440430
0.876113474369049072
0.887244760990142822
0.263903558254241943
0.264024883508682251
0.732076764106750488
0.531652033329010010
0.380725532770156860
0.731590151786804199
0.495375543832778931
0.394758164882659912
0.190469875931739807
0.446840107440948486
0.436164766550064087
0.825392484664916992
0.813924193382263184
0.641026854515075684
0.828655540943145752
0.267800867557525635
0.232605785131454468
0.675994575023651123
0.228770971298217773
0.460047334432601929
0.173742756247520447
0.317351222038269043
0.787665724754333496
0.766460299491882324
0.240279659628868103
0.806926071643829346
0.846175372600555420
0.434976607561111450
0.193253442645072937
0.398818492889404297
0.776994109153747559
0.244050920009613037
0.809946656227111816
0.435396820306777954
0.774316132068634033
0.384474396705627441
0.827990233898162842
0.826787769794464111
0.516177117824554443
0.378704160451889038
0.360511273145675659
0.292744547128677368
0.704856812953948975
0.859117448329925537
0.158172339200973511
0.602993190288543701
0.771607518196105957
0.280548632144927979
0.170430898666381836
0.588007867336273193
0.834800839424133301
0.755412757396697998
0.316526859998703003
0.523848295211791992
0.773532569408416748
0.652386605739593506
0.354793012142181396
0.863129496574401855
0.273157387971878052
0.147146031260490417
0.464825868606567383
0.219761669635772705
0.669512271881103516
0.859012603759765625
0.411286145448684692
0.517450273036956787
0.149833723902702332
0.832444250583648682
0.442126482725143433
0.793913364410400391
0.226139366626739502
0.592110395431518555
0.321561932563781738
0.544992685317993164
0.456442773342132568
0.735316514968872070
0.386231631040573120
0.515115320682525635
0.744278848171234131
0.299701988697052002
0.282009094953536987
0.131326779723167419
0.858528733253479004
0.251689583063125610
0.165961354970932007
0.322837054729461670
0.864813506603240967
0.671551287174224854
0.306641280651092529
0.125999927520751953
0.240133464336395264
0.229212597012519836
0.303454458713531494
0.595093548297882080
0.266173541545867920
0.668475627899169922
0.559357643127441406
0.792654275894165039
0.485876411199569702
0.221941679716110229
0.360057979822158813
0.422632396221160889
0.217601954936981201
0.332970887422561646
0.225710734724998474
0.816265285015106201
0.856820523738861084
0.339975476264953613
0.836043417453765869
0.754821360111236572
0.491280138492584229
0.601517677307128906
0.694811701774597168
0.204336315393447876
0.298146814107894897
0.216885641217231750
0.303727239370346069
0.699458360671997070
0.706470370292663574
0.260657846927642822
0.679617226123809814
0.257656842470169067
0.298018097877502441
0.163946300745010376
0.492395550012588501
0.791936516761779785
0.429758310317993164
0.383886754512786865
0.215926662087440491
0.764798045158386230
0.776682496070861816
0.759664714336395264
0.734218358993530273
0.830150246620178223
0.846582114696502686
0.857932686805725098
0.795921266078948975
0.544591307640075684
0.796708226203918457
0.389178216457366943
0.278119742870330811
0.524042904376983643
0.221086740493774414
0.830185413360595703
0.344977945089340210
0.863417327404022217
0.787255167961120605
0.829303205013275146
0.615034341812133789
0.421927392482757568
0.406011879444122314
0.587721109390258789
0.414676934480667114
0.585614085197448730
0.720624148845672607
0.617488622665405273
0.540533542633056641
0.820641994476318359
0.353965580463409424
0.844821035861968994
0.618519604206085205
0.443633407354354858
0.490072339773178101
0.615807175636291504
0.452678889036178589
0.837244451045989990
0.775752365589141846
0.867833733558654785
0.209438502788543701
0.335007995367050171
0.422567814588546753
0.474551141262054443
0.421278566122055054
0.506998300552368164
0.584618031978607178
0.853212475776672363
0.832796812057495117
0.862570345401763916
0.829045891761779785
0.311608016490936279
0.442069232463836670
0.521908819675445557
0.716186523437500000
0.108955226838588715
0.287582039833068848
0.784058570861816406
0.435687363147735596
0.398604452610015869
0.695337593555450439
0.795355379581451416
0.280669957399368286
0.752714753150939941
0.618426561355590820
0.769346833229064941
0.336602300405502319
0.457262039184570312
0.805870354175567627
0.795464277267456055
0.499303370714187622
0.359098345041275024
0.361692637205123901
0.383316963911056519
0.418506324291229248
0.362158805131912231
0.309132486581802368
0.558661758899688721
0.338484168052673340
0.185874879360198975
0.290159940719604492
0.332060873508453369
0.816944003105163574
0.378564804792404175
0.165705785155296326
0.351024687290191650
0.771607756614685059
0.282111167907714844
0.168351575732231140
0.294180363416671753
0.281321913003921509
0.559512317180633545
0.810264825820922852
0.601832747459411621
0.723124563694000244
0.165329173207283020
0.703546047210693359
0.812685310840606689
0.277973115444183350
0.400907099246978760
0.183155879378318787
0.822120904922485352
0.715450882911682129
0.362959206104278564
0.889242053031921387
0.891913294792175293
0.184203341603279114
0.234605014324188232
0.357211738824844360
0.829774200916290283
0.784383118152618408
0.254489362239837646
0.292578488588333130
0.243081331253051758
0.766476988792419434
0.300650686025619507
0.516313910484313965
0.409479528665542603
0.376037776470184326
0.391488492488861084
0.295632839202880859
0.261220663785934448
0.722155332565307617
0.790417671203613281
0.342013895511627197
0.158787801861763000
0.674322962760925293
0.547069430351257324
0.388769209384918213
0.858000159263610840
0.771565735340118408
0.196755185723304749
0.742070794105529785
0.211975052952766418
0.779420971870422363
0.373346805572509766
0.564590930938720703
0.460237085819244385
0.165150344371795654
0.349390655755996704
0.410453617572784424
0.814024090766906738
0.736414909362792969
0.196534097194671631
0.556652307510375977
0.769709408283233643
0.853514790534973145
0.639086067676544189
0.658343672752380371
0.213217392563819885
0.309098631143569946
0.223900809884071350
0.150264278054237366
0.210733458399772644
0.384475409984588623
0.713831424713134766
0.338956177234649658
0.838585674762725830
0.545204579830169678
0.383088082075119019
0.725791156291961670
0.835674941539764404
0.551356256008148193
0.742963671684265137
0.362078756093978882
0.239877238869667053
0.302101135253906250
0.366363137960433960
0.213744103908538818
0.217652887105941772
0.792103409767150879
0.764706313610076904
0.531869053840637207
0.811776041984558105
0.139238268136978149
0.247575476765632629
0.143824815750122070
0.528302788734436035
0.733516871929168701
0.835252642631530762
0.328868031501770020
0.282364070415496826
0.804610669612884521
0.281493991613388062
0.528925180435180664
0.845545291900634766
0.291679650545120239
0.197619602084159851
0.584785819053649902
0.797389984130859375
0.718435227870941162
0.266753882169723511
0.190443679690361023
0.797918796539306641
0.506070613861083984
0.310776084661483765
0.781238079071044922
0.191705122590065002
0.187143057584762573
0.332216680049896240
0.415733605623245239
0.356936872005462646
0.861168742179870605
0.827073752880096436
0.546260058879852295
0.722263336181640625
0.606253504753112793
0.836477220058441162
0.602991878986358643
0.831104040145874023
0.351800322532653809
0.804426789283752441
0.769598126411437988
0.865282118320465088
0.265962541103363037
0.244642406702041626
0.293490648269653320
0.315304011106491089
0.383911341428756714
0.385153114795684814
0.739811956882476807
0.704219579696655273
0.708501219749450684
0.335592985153198242
0.641798079013824463
0.257528424263000488
0.314407438039779663
0.647455453872680664
0.581598520278930664
0.516670703887939453
0.704020738601684570
0.551076173782348633
0.827806174755096436
0.326041907072067261
0.742726683616638184
0.359859764575958252
0.388735592365264893
