"313319_313400"
0.442730545997619629
0.165089085698127747
0.566483020782470703
0.837803542613983154
0.392401993274688721
0.817816376686096191
0.391421020030975342
0.253747850656509399
0.633078455924987793
0.836267828941345215
0.832779467105865479
0.793376445770263672
0.379186540842056274
0.748342752456665039
0.659485816955566406
0.210889637470245361
0.462852478027343750
0.902877151966094971
0.438408941030502319
0.166183158755302429
0.460693001747131348
0.245413780212402344
0.153201326727867126
0.588914096355438232
0.808406054973602295
0.843760013580322266
0.485455602407455444
0.345575153827667236
0.569368302822113037
0.108590468764305115
0.242510572075843811
0.619095802307128906
0.651042103767395020
0.499278575181961060
0.396523058414459229
0.163749337196350098
0.663862586021423340
0.907503724098205566
0.545614898204803467
0.635268867015838623
0.503487408161163330
0.797293961048126221
0.591651558876037598
0.815481364727020264
0.453194975852966309
0.776252746582031250
0.276337265968322754
0.732648193836212158
0.326093673706054688
0.428091734647750854
0.881507575511932373
0.427784144878387451
0.376815676689147949
0.598557472229003906
0.753358244895935059
0.231582716107368469
0.681572794914245605
0.239840447902679443
0.492276608943939209
0.120333984494209290
0.808524906635284424
0.318232029676437378
0.504025220870971680
0.551973402500152588
0.828078627586364746
0.475486159324645996
0.202052816748619080
0.407205849885940552
0.334073901176452637
0.482646435499191284
0.727534472942352295
0.331983774900436401
0.826247334480285645
0.776860952377319336
0.824671328067779541
0.230838641524314880
0.681748569011688232
0.378614604473114014
0.703657746315002441
0.419645458459854126
0.174539238214492798
0.650320231914520264
0.576799988746643066
0.878264009952545166
0.637966871261596680
0.464922845363616943
0.508985400199890137
0.675374686717987061
0.603184521198272705
0.560918867588043213
0.434333384037017822
0.228330478072166443
0.478886902332305908
0.359139919281005859
0.700726091861724854
0.375709831714630127
0.420097798109054565
0.564294934272766113
0.698025345802307129
0.511791646480560303
0.061765700578689575
0.394245147705078125
0.712183773517608643
0.794468939304351807
0.243140339851379395
0.554416298866271973
0.435732722282409668
0.599530041217803955
0.689414978027343750
0.686266183853149414
0.510123014450073242
0.720267653465270996
0.749709665775299072
0.372934430837631226
0.175815522670745850
0.428961813449859619
0.731642782688140869
0.343320935964584351
0.433058202266693115
0.082853987812995911
0.108421795070171356
0.732387483119964600
0.716023802757263184
0.228131353855133057
0.429703146219253540
0.522736489772796631
0.269732415676116943
0.122016072273254395
0.862927973270416260
0.290619403123855591
0.761672854423522949
0.440363645553588867
0.235300347208976746
0.725141108036041260
0.183865398168563843
0.724105954170227051
0.672410249710083008
0.729948520660400391
0.648242712020874023
0.132925808429718018
0.287341743707656860
0.466357886791229248
0.821950316429138184
0.247662976384162903
0.546135306358337402
0.807019531726837158
0.456256687641143799
0.356406927108764648
0.122966937720775604
0.469175040721893311
0.733887434005737305
0.228289186954498291
0.875694155693054199
0.190845608711242676
0.314131438732147217
0.639696002006530762
0.797510147094726562
0.684230208396911621
0.603671848773956299
0.485201567411422729
0.715008735656738281
0.869551301002502441
0.327115833759307861
0.152555599808692932
0.217142745852470398
0.406564295291900635
0.420336097478866577
0.842678844928741455
0.544044613838195801
0.612736821174621582
0.808810353279113770
0.520634770393371582
0.560445427894592285
0.485613822937011719
0.548466682434082031
0.597848176956176758
0.517236471176147461
0.214836120605468750
0.727153658866882324
0.126030609011650085
0.330500632524490356
0.429023385047912598
0.604433476924896240
0.483508229255676270
0.149553447961807251
0.425043612718582153
0.413264006376266479
0.394849807024002075
0.305543571710586548
0.275520831346511841
0.636568486690521240
0.811397731304168701
0.184879839420318604
0.332932323217391968
0.209424331784248352
0.923514187335968018
0.329607635736465454
0.790915131568908691
0.156482383608818054
0.209803476929664612
0.252290576696395874
0.724781453609466553
0.695302426815032959
0.780804097652435303
0.195379525423049927
0.145029693841934204
0.770198523998260498
0.847736299037933350
0.800362527370452881
0.379726171493530273
0.208542600274085999
0.237515151500701904
0.180725097656250000
0.126573085784912109
0.210459485650062561
0.373626828193664551
0.857722640037536621
0.868450999259948730
0.094240888953208923
0.304571539163589478
0.647817671298980713
0.637454211711883545
0.601085364818572998
0.172764658927917480
0.583828151226043701
0.187133938074111938
0.176532804965972900
0.413993805646896362
0.287712186574935913
0.686400294303894043
0.307258456945419312
0.414828807115554810
0.732645034790039062
0.577977061271667480
0.740542650222778320
0.822674155235290527
0.467838674783706665
0.317526638507843018
0.359727352857589722
0.684686839580535889
0.490201205015182495
0.296401530504226685
0.729060411453247070
0.245045378804206848
0.145894169807434082
0.898817121982574463
0.640131294727325439
0.140392482280731201
0.430096060037612915
0.463824033737182617
0.573876202106475830
0.596835732460021973
0.226615563035011292
0.533532798290252686
0.188372910022735596
0.805181741714477539
0.572413623332977295
0.160301417112350464
0.522566795349121094
0.668995201587677002
0.731552720069885254
0.861959576606750488
0.800623178482055664
0.352464914321899414
0.818453073501586914
0.862586498260498047
0.218352764844894409
0.386419534683227539
0.782600402832031250
0.146558284759521484
0.576671361923217773
0.619572281837463379
0.182439684867858887
0.367979705333709717
0.210200026631355286
0.237584590911865234
0.750697195529937744
0.312328964471817017
0.606379926204681396
0.893422782421112061
0.501334130764007568
0.269139915704727173
0.305637300014495850
0.556328296661376953
0.864825129508972168
0.382483452558517456
0.186120122671127319
0.436895072460174561
0.708185732364654541
0.241352722048759460
0.212579324841499329
0.297641247510910034
0.705872535705566406
0.905889391899108887
0.789761424064636230
0.828540682792663574
0.419886916875839233
0.410851895809173584
0.798982262611389160
0.538441598415374756
0.254341989755630493
0.232842028141021729
0.753371417522430420
0.752540767192840576
0.487625837326049805
0.895176351070404053
0.389586746692657471
0.391997545957565308
0.599953114986419678
0.194996550679206848
0.606038093566894531
0.700965106487274170
0.364754348993301392
0.537052750587463379
0.859780609607696533
0.296766996383666992
0.480655938386917114
0.175590202212333679
0.880827605724334717
0.302553236484527588
0.141606703400611877
0.181119725108146667
0.537151753902435303
0.794850945472717285
0.445492178201675415
0.209124848246574402
0.115405939519405365
0.397558063268661499
0.733121633529663086
0.399813443422317505
0.859429240226745605
0.683688402175903320
0.840996980667114258
0.685060381889343262
0.137442976236343384
0.867145776748657227
0.125124648213386536
0.106465794146060944
0.525176644325256348
0.632621288299560547
0.272161960601806641
0.159297272562980652
0.825700104236602783
0.398055136203765869
0.465840578079223633
0.218072220683097839
0.472955882549285889
0.395299792289733887
0.663530111312866211
0.560251116752624512
0.323138922452926636
0.813905358314514160
0.273843586444854736
0.167796239256858826
0.079169519245624542
0.278757005929946899
0.856341242790222168
0.401952505111694336
0.796397984027862549
0.081369526684284210
0.313865602016448975
0.294293701648712158
0.705870330333709717
0.473818063735961914
0.843207955360412598
0.664115726947784424
0.333283960819244385
0.348452597856521606
0.847835659980773926
0.859509706497192383
0.217079654335975647
0.183331310749053955
0.268994837999343872
0.404796689748764038
0.413106203079223633
0.796108484268188477
0.705184221267700195
0.827424764633178711
0.245615825057029724
0.795751929283142090
0.200806334614753723
0.702067732810974121
0.837160587310791016
0.661682724952697754
0.577172338962554932
0.839613199234008789
0.303404211997985840
0.793344974517822266
0.356452226638793945
0.406676918268203735
0.707590281963348389
0.556891083717346191
0.584071040153503418
0.550840973854064941
0.815699994564056396
0.730260729789733887
0.896888315677642822
0.339048355817794800
0.280055493116378784
0.456258326768875122
0.730535030364990234
0.572538137435913086
0.396227300167083740
0.703943550586700439
0.864715039730072021
0.238915249705314636
0.330148667097091675
0.807669162750244141
0.436639308929443359
0.366760998964309692
0.267609596252441406
0.599016726016998291
0.756435751914978027
0.355256527662277222
0.495837599039077759
0.462761938571929932
0.661837399005889893
0.309686422348022461
0.765731632709503174
0.510787248611450195
0.370377004146575928
0.253547757863998413
0.604380011558532715
0.162436023354530334
0.487311005592346191
0.694045007228851318
0.324915826320648193
0.366821110248565674
0.638780474662780762
0.302568376064300537
0.498179048299789429
0.742084085941314697
0.173562601208686829
0.347711443901062012
0.598583102226257324
0.625264048576354980
0.470417410135269165
0.794043481349945068
0.255275994539260864
0.134064778685569763
0.835226893424987793
0.443013489246368408
0.764570474624633789
0.144866839051246643
0.182171225547790527
0.765169084072113037
0.725827813148498535
0.873304665088653564
0.183100745081901550
0.352795869112014771
0.772005617618560791
0.886380255222320557
0.681326210498809814
0.579239308834075928
0.228894054889678955
0.255708426237106323
0.707003593444824219
0.286925196647644043
0.785885095596313477
0.428692221641540527
0.564138293266296387
0.258580237627029419
0.334906041622161865
0.356097459793090820
0.791600108146667480
0.279577076435089111
0.504602670669555664
0.845463633537292480
0.667523860931396484
0.369368344545364380
0.655527710914611816
0.602929413318634033
0.358624935150146484
0.227367177605628967
0.656959652900695801
0.680524766445159912
0.431552439928054810
0.520887017250061035
0.440572559833526611
0.742922663688659668
0.510323762893676758
0.811800658702850342
0.638854861259460449
0.803738713264465332
0.436594367027282715
0.808631658554077148
0.536799907684326172
0.146100953221321106
0.496327191591262817
0.369559407234191895
0.402990520000457764
0.654498577117919922
0.848997950553894043
0.658313035964965820
0.468784809112548828
0.765391707420349121
0.708937942981719971
0.757866382598876953
0.768987238407135010
0.459747433662414551
0.335659414529800415
0.565049111843109131
0.443548768758773804
0.173172175884246826
0.700550913810729980
0.363656103610992432
0.663349151611328125
0.804045855998992920
0.769222140312194824
0.850705027580261230
0.182027444243431091
0.450248986482620239
0.256757944822311401
0.468994438648223877
0.318029701709747314
0.148466825485229492
0.552662670612335205
0.126996904611587524
0.493018120527267456
0.682277202606201172
0.767867147922515869
0.836477994918823242
0.641679942607879639
0.428992033004760742
0.759631752967834473
0.288431197404861450
0.541574895381927490
0.496090143918991089
0.606176555156707764
0.244033575057983398
0.536262035369873047
0.755049109458923340
0.667660951614379883
0.595103621482849121
0.557892918586730957
0.560220360755920410
0.716681361198425293
0.871888279914855957
0.406169176101684570
0.521229028701782227
0.389118671417236328
0.407377392053604126
0.329279363155364990
0.203763321042060852
0.149015590548515320
0.844022691249847412
0.158801034092903137
0.590854346752166748
0.586173176765441895
0.164081573486328125
0.460908025503158569
0.283018082380294800
0.504501223564147949
0.324248611927032471
0.808425366878509521
0.128738507628440857
0.647515237331390381
0.815479218959808350
0.162536367774009705
0.726282775402069092
0.820709228515625000
0.372599273920059204
0.331745266914367676
0.756625056266784668
0.536343395709991455
0.481547445058822632
0.641671061515808105
0.439872413873672485
0.566025376319885254
0.771719217300415039
0.589580357074737549
0.779346048831939697
0.203956708312034607
0.433088243007659912
0.578968048095703125
0.413836628198623657
0.786413371562957764
0.378868788480758667
0.492746084928512573
0.262650847434997559
0.347057938575744629
0.883668720722198486
0.410690605640411377
0.201083570718765259
0.627012372016906738
0.782013714313507080
0.700037539005279541
0.508623778820037842
0.282554328441619873
0.129246577620506287
0.250173717737197876
0.803798913955688477
0.349639773368835449
0.238510936498641968
0.604757905006408691
0.675119519233703613
0.260133147239685059
0.806004643440246582
0.777424216270446777
0.091451734304428101
