"313319_313400"
0.285582602024078369
0.063978768885135651
0.624895393848419189
0.932034492492675781
0.245433390140533447
0.962264239788055420
0.186079084873199463
0.086616337299346924
0.688594698905944824
0.974314451217651367
0.933898806571960449
0.938723921775817871
0.424133807420730591
0.666723072528839111
0.722602367401123047
0.052325800061225891
0.276728630065917969
0.980537235736846924
0.172762423753738403
0.079919934272766113
0.117511168122291565
0.100737772881984711
0.016362885013222694
0.765801191329956055
0.386159658432006836
0.965314149856567383
0.188488185405731201
0.296915173530578613
0.689451992511749268
0.045225374400615692
0.186422109603881836
0.453277289867401123
0.665652871131896973
0.367284715175628662
0.928212583065032959
0.308022528886795044
0.851944327354431152
0.945961415767669678
0.875014662742614746
0.876674532890319824
0.618781626224517822
0.943488180637359619
0.592837691307067871
0.939758002758026123
0.448221385478973389
0.962309360504150391
0.165106222033500671
0.262251734733581543
0.052261192351579666
0.713031232357025146
0.939400553703308105
0.257066369056701660
0.760020375251770020
0.391244798898696899
0.869888186454772949
0.050306741148233414
0.905929148197174072
0.575751066207885742
0.696869015693664551
0.168196678161621094
0.956611394882202148
0.049837842583656311
0.864761352539062500
0.555360496044158936
0.602977037429809570
0.638112545013427734
0.606498777866363525
0.850446283817291260
0.429211318492889404
0.516398787498474121
0.841449499130249023
0.209243506193161011
0.970523715019226074
0.776039123535156250
0.561498403549194336
0.181405603885650635
0.879506468772888184
0.219639629125595093
0.910132884979248047
0.154809087514877319
0.344096004962921143
0.690449833869934082
0.702584505081176758
0.957949340343475342
0.852496683597564697
0.852873444557189941
0.853044509887695312
0.868222832679748535
0.872741878032684326
0.839531004428863525
0.122481800615787506
0.046354491263628006
0.059099562466144562
0.211792975664138794
0.751781582832336426
0.110139198601245880
0.522629797458648682
0.478346288204193115
0.917853295803070068
0.380100786685943604
0.019375553354620934
0.345109581947326660
0.385519981384277344
0.762441873550415039
0.580448985099792480
0.881478369235992432
0.768786430358886719
0.214953213930130005
0.883766829967498779
0.954813778400421143
0.632826268672943115
0.631761014461517334
0.410301566123962402
0.101209491491317749
0.103599436581134796
0.399638682603836060
0.796463727951049805
0.118886396288871765
0.813335418701171875
0.228911191225051880
0.425154119729995728
0.592131257057189941
0.693643689155578613
0.721516728401184082
0.386426895856857300
0.746745824813842773
0.089702859520912170
0.105705440044403076
0.963165283203125000
0.728933811187744141
0.963295459747314453
0.326230734586715698
0.082517690956592560
0.953864634037017822
0.017708409577608109
0.922583699226379395
0.239361718297004700
0.846583724021911621
0.639185845851898193
0.039114423096179962
0.039001382887363434
0.762161850929260254
0.977140665054321289
0.166932985186576843
0.238006204366683960
0.860213160514831543
0.497271150350570679
0.043566178530454636
0.050138093531131744
0.149575456976890564
0.805813968181610107
0.101698115468025208
0.934260964393615723
0.282744020223617554
0.203882247209548950
0.682883203029632568
0.976491093635559082
0.904955029487609863
0.371019482612609863
0.443984985351562500
0.932989120483398438
0.955274462699890137
0.594712078571319580
0.165374949574470520
0.052820343524217606
0.166452676057815552
0.246319979429244995
0.972384452819824219
0.045148022472858429
0.621583938598632812
0.895188152790069580
0.676810085773468018
0.811889290809631348
0.617695927619934082
0.645030021667480469
0.891474843025207520
0.864949703216552734
0.399492651224136353
0.895524859428405762
0.072304248809814453
0.825798988342285156
0.168512389063835144
0.524581551551818848
0.459629654884338379
0.042696934193372726
0.285760998725891113
0.400684952735900879
0.135988131165504456
0.102815277874469757
0.351696550846099854
0.829941511154174805
0.951220750808715820
0.127541303634643555
0.163695961236953735
0.216307491064071655
0.981679260730743408
0.179678767919540405
0.963466644287109375
0.810084402561187744
0.093482531607151031
0.410941779613494873
0.942318022251129150
0.962744951248168945
0.554999172687530518
0.499633431434631348
0.151601791381835938
0.974762082099914551
0.797335863113403320
0.779310107231140137
0.294199317693710327
0.691534280776977539
0.292389750480651855
0.213846251368522644
0.037072565406560898
0.021454393863677979
0.385427743196487427
0.936008155345916748
0.978039145469665527
0.154717952013015747
0.051693923771381378
0.834934234619140625
0.929821908473968506
0.236473441123962402
0.112560026347637177
0.525755941867828369
0.769586145877838135
0.113980725407600403
0.170198306441307068
0.265732079744338989
0.927527189254760742
0.290547996759414673
0.207971438765525818
0.575334668159484863
0.886241555213928223
0.672524333000183105
0.794157683849334717
0.343480736017227173
0.454844832420349121
0.507898211479187012
0.958264350891113281
0.249359861016273499
0.071284338831901550
0.888730645179748535
0.651579976081848145
0.040600411593914032
0.963559985160827637
0.855000853538513184
0.075362429022789001
0.619318306446075439
0.834891140460968018
0.742111742496490479
0.709673881530761719
0.157429546117782593
0.538635075092315674
0.043855182826519012
0.772864937782287598
0.387332439422607422
0.210026189684867859
0.767180085182189941
0.954807281494140625
0.908829629421234131
0.963694989681243896
0.963634014129638672
0.194412395358085632
0.908033430576324463
0.383562564849853516
0.372331500053405762
0.371563583612442017
0.935103654861450195
0.092385575175285339
0.662613272666931152
0.705979466438293457
0.153597876429557800
0.475735455751419067
0.127404958009719849
0.100892297923564911
0.538601577281951904
0.427754104137420654
0.891504406929016113
0.977721691131591797
0.437123030424118042
0.092738762497901917
0.598106980323791504
0.870518624782562256
0.707944571971893311
0.182318463921546936
0.078465253114700317
0.795900523662567139
0.664561629295349121
0.053101707249879837
0.108502790331840515
0.072996035218238831
0.369817346334457397
0.983139991760253906
0.968982934951782227
0.923785090446472168
0.221268430352210999
0.547318339347839355
0.671517550945281982
0.652276813983917236
0.075740858912467957
0.740223884582519531
0.975975215435028076
0.778067588806152344
0.596820831298828125
0.980298101902008057
0.338620424270629883
0.863763809204101562
0.906626582145690918
0.036970317363739014
0.599643945693969727
0.723029255867004395
0.122227951884269714
0.361233115196228027
0.956589043140411377
0.153254985809326172
0.148848623037338257
0.026760781183838844
0.970875322818756104
0.343477398157119751
0.038819458335638046
0.180650234222412109
0.341044306755065918
0.741568684577941895
0.182789564132690430
0.178574919700622559
0.220716699957847595
0.419625043869018555
0.549311637878417969
0.420850515365600586
0.907889783382415771
0.961423039436340332
0.969244956970214844
0.759975194931030273
0.076437652111053467
0.349337816238403320
0.071936905384063721
0.038741029798984528
0.741221010684967041
0.619503140449523926
0.142823249101638794
0.060961667448282242
0.907348990440368652
0.135367959737777710
0.450279474258422852
0.183669507503509521
0.123125404119491577
0.506738185882568359
0.967040300369262695
0.423716455698013306
0.078878223896026611
0.836194634437561035
0.277950853109359741
0.088065929710865021
0.104896023869514465
0.048193372786045074
0.954509913921356201
0.530237078666687012
0.712409257888793945
0.028971886262297630
0.563331663608551025
0.132306605577468872
0.923050761222839355
0.178472846746444702
0.816694557666778564
0.509718298912048340
0.249142408370971680
0.301465302705764771
0.949446678161621094
0.974815845489501953
0.090942740440368652
0.375122070312500000
0.379977464675903320
0.359932303428649902
0.618513286113739014
0.926886558532714844
0.800164580345153809
0.935336887836456299
0.033185206353664398
0.952832639217376709
0.100643932819366455
0.832329154014587402
0.841386914253234863
0.960488498210906982
0.759702682495117188
0.741623163223266602
0.142703115940093994
0.727577865123748779
0.071804419159889221
0.593295097351074219
0.906942784786224365
0.281502306461334229
0.811543285846710205
0.580438494682312012
0.485211014747619629
0.843221664428710938
0.981241226196289062
0.327315002679824829
0.124985665082931519
0.215523004531860352
0.918570041656494141
0.555921554565429688
0.169873684644699097
0.899602890014648438
0.974098324775695801
0.032876312732696533
0.359471201896667480
0.918039262294769287
0.851184189319610596
0.302008867263793945
0.100504793226718903
0.929155051708221436
0.827804446220397949
0.059183813631534576
0.321021527051925659
0.920091569423675537
0.884038448333740234
0.128170490264892578
0.908730566501617432
0.849002301692962646
0.351977676153182983
0.072808153927326202
0.571224927902221680
0.412784516811370850
0.373169809579849243
0.848918437957763672
0.054797131568193436
0.057704254984855652
0.762214064598083496
0.193433374166488647
0.204582810401916504
0.768041610717773438
0.387169569730758667
0.517942428588867188
0.871505737304687500
0.403074622154235840
0.497983276844024658
0.961035728454589844
0.128363654017448425
0.076427362859249115
0.915581345558166504
0.073542103171348572
0.821533977985382080
0.091757677495479584
0.201258882880210876
0.308353155851364136
0.948938131332397461
0.983005285263061523
0.723606348037719727
0.786382317543029785
0.800744056701660156
0.988019108772277832
0.899201214313507080
0.185338243842124939
0.330055177211761475
0.126728773117065430
0.708684921264648438
0.143670648336410522
0.931644439697265625
0.601790547370910645
0.290695369243621826
0.107069805264472961
0.098892323672771454
0.373119145631790161
0.747401177883148193
0.172032147645950317
0.281128883361816406
0.481129199266433716
0.756925344467163086
0.254298001527786255
0.312881350517272949
0.752181529998779297
0.182189837098121643
0.054246030747890472
0.864234566688537598
0.937574386596679688
0.441458582878112793
0.716520071029663086
0.162845641374588013
0.916733145713806152
0.363063633441925049
0.966075181961059570
0.379151552915573120
0.971876621246337891
0.198660194873809814
0.773189723491668701
0.775765657424926758
0.146779984235763550
0.498399674892425537
0.726871490478515625
0.155273675918579102
0.887984156608581543
0.905117571353912354
0.905554056167602539
0.686014235019683838
0.938530743122100830
0.757713437080383301
0.937126517295837402
0.955674052238464355
0.315443277359008789
0.758237004280090332
0.662120282649993896
0.213216051459312439
0.149401128292083740
0.924554109573364258
0.200945436954498291
0.917410492897033691
0.588282525539398193
0.548419833183288574
0.449207931756973267
0.045042686164379120
0.145440474152565002
0.117361322045326233
0.615629494190216064
0.193493679165840149
0.052825860679149628
0.293192327022552490
0.086527377367019653
0.550698757171630859
0.628865480422973633
0.815833449363708496
0.360990792512893677
0.519593060016632080
0.692566514015197754
0.858699381351470947
0.066585332155227661
0.876020491123199463
0.271744042634963989
0.461523294448852539
0.163143917918205261
0.401754975318908691
0.736819863319396973
0.866276144981384277
0.550965070724487305
0.273024380207061768
0.346580117940902710
0.927621364593505859
0.984465122222900391
0.088729277253150940
0.411942541599273682
0.143969446420669556
0.243667453527450562
0.240332230925559998
0.091210633516311646
0.097298115491867065
0.699153304100036621
0.120119161903858185
0.626511335372924805
0.547621130943298340
0.041882138699293137
0.229156881570816040
0.064036622643470764
0.880149841308593750
0.233136117458343506
0.691365718841552734
0.523660540580749512
0.218409001827239990
0.936254501342773438
0.219949334859848022
0.474765360355377197
0.716353893280029297
0.465906560420989990
0.585028588771820068
0.895510911941528320
0.686799287796020508
0.389824002981185913
0.747419536113739014
0.130326434969902039
0.711348414421081543
0.338965803384780884
0.721223235130310059
0.837415695190429688
0.112551979720592499
0.120655044913291931
0.219329714775085449
0.139072448015213013
0.842972934246063232
0.850893497467041016
0.704795479774475098
0.170359194278717041
0.330405414104461670
0.980736255645751953
0.234392061829566956
0.102999001741409302
0.908304750919342041
0.368257284164428711
0.567315876483917236
0.374534577131271362
0.799346268177032471
0.364588260650634766
0.268870770931243896
0.815107345581054688
0.416784942150115967
0.060217622667551041
0.404135972261428833
0.957290410995483398
0.239217326045036316
0.966221213340759277
0.707397699356079102
0.095969319343566895
