"313319_313400"
0.483987778425216675
0.320939391851425171
0.561503291130065918
0.736158072948455811
0.377572357654571533
0.814565241336822510
0.364666819572448730
0.407697468996047974
0.556523561477661133
0.826180100440979004
0.816972851753234863
0.801678419113159180
0.358475357294082642
0.643967449665069580
0.631331741809844971
0.212028890848159790
0.335241109132766724
0.816650807857513428
0.315323770046234131
0.309998303651809692
0.556151628494262695
0.258621186017990112
0.162982210516929626
0.479604065418243408
0.635924637317657471
0.711334168910980225
0.355547398328781128
0.389780819416046143
0.386899828910827637
0.159159302711486816
0.252133339643478394
0.605084836483001709
0.799235880374908447
0.505837142467498779
0.606383740901947021
0.298552960157394409
0.533996522426605225
0.820648372173309326
0.613071978092193604
0.720740318298339844
0.660954475402832031
0.824459612369537354
0.508846282958984375
0.712717056274414062
0.571496605873107910
0.796992242336273193
0.227516368031501770
0.742111504077911377
0.459048688411712646
0.300383597612380981
0.614798605442047119
0.610962510108947754
0.544592440128326416
0.616664290428161621
0.693505465984344482
0.492507994174957275
0.649099647998809814
0.305528908967971802
0.621419310569763184
0.221516177058219910
0.789469838142395020
0.451467156410217285
0.461445689201354980
0.467945843935012817
0.753413617610931396
0.416629761457443237
0.348207414150238037
0.578980743885040283
0.393350273370742798
0.456759035587310791
0.557211279869079590
0.435541868209838867
0.801710724830627441
0.652270734310150146
0.740586519241333008
0.451190054416656494
0.627733230590820312
0.556340336799621582
0.796745061874389648
0.181687876582145691
0.360074996948242188
0.588095366954803467
0.381502389907836914
0.812325775623321533
0.724515557289123535
0.493245691061019897
0.621076285839080811
0.602372288703918457
0.607554972171783447
0.554864764213562012
0.576427161693572998
0.354295969009399414
0.459050118923187256
0.498847872018814087
0.772185444831848145
0.392502546310424805
0.420822143554687500
0.311535477638244629
0.806860446929931641
0.545581400394439697
0.124692030251026154
0.462108224630355835
0.473395615816116333
0.633373856544494629
0.390816032886505127
0.684822022914886475
0.489773720502853394
0.656616985797882080
0.870217025279998779
0.622282862663269043
0.457679092884063721
0.597139477729797363
0.438922166824340820
0.255784720182418823
0.222195953130722046
0.483683198690414429
0.645558357238769531
0.170637354254722595
0.733291089534759521
0.119900070130825043
0.142953708767890930
0.498605668544769287
0.726952016353607178
0.448696464300155640
0.625698447227478027
0.712309479713439941
0.427209764719009399
0.130784973502159119
0.821846008300781250
0.428088963031768799
0.790714621543884277
0.496758967638015747
0.188004046678543091
0.772641599178314209
0.129367873072624207
0.738682925701141357
0.699240863323211670
0.566187143325805664
0.540684580802917480
0.442304581403732300
0.484553903341293335
0.489293634891510010
0.801378905773162842
0.255153208971023560
0.485667139291763306
0.712870240211486816
0.430255144834518433
0.337831288576126099
0.255242347717285156
0.536472260951995850
0.684701740741729736
0.242905110120773315
0.771979689598083496
0.143225431442260742
0.528018176555633545
0.500102818012237549
0.796229183673858643
0.800047576427459717
0.502078711986541748
0.694767653942108154
0.768723070621490479
0.694197475910186768
0.689025044441223145
0.196406811475753784
0.140144556760787964
0.357079237699508667
0.511003136634826660
0.819220960140228271
0.450302362442016602
0.471503704786300659
0.706121563911437988
0.631287515163421631
0.472605109214782715
0.495592176914215088
0.419067770242691040
0.864027440547943115
0.503059685230255127
0.322585344314575195
0.540171146392822266
0.266967833042144775
0.481123536825180054
0.512853801250457764
0.544443488121032715
0.346798807382583618
0.180378466844558716
0.427653372287750244
0.514662325382232666
0.482489824295043945
0.193461239337921143
0.222329214215278625
0.732621073722839355
0.831317663192749023
0.121560581028461456
0.278015404939651489
0.537084460258483887
0.754795432090759277
0.172161325812339783
0.828858137130737305
0.386799544095993042
0.299976974725723267
0.257203280925750732
0.658367991447448730
0.784620821475982666
0.613186061382293701
0.164961114525794983
0.153658375144004822
0.651810407638549805
0.859559118747711182
0.550793111324310303
0.384421586990356445
0.324368089437484741
0.364505231380462646
0.220754235982894897
0.135369092226028442
0.212887719273567200
0.477996140718460083
0.790373384952545166
0.864044547080993652
0.159004971385002136
0.340319126844406128
0.548681318759918213
0.626658916473388672
0.593437075614929199
0.363781869411468506
0.645348548889160156
0.465960353612899780
0.532018661499023438
0.328978925943374634
0.357864320278167725
0.794043362140655518
0.283250987529754639
0.333918124437332153
0.575818717479705811
0.446436166763305664
0.524032115936279297
0.631033420562744141
0.421107351779937744
0.542314827442169189
0.511577904224395752
0.734006106853485107
0.688442826271057129
0.362979531288146973
0.841900348663330078
0.358255147933959961
0.212322264909744263
0.810650527477264404
0.516361951828002930
0.255383104085922241
0.290135622024536133
0.447276741266250610
0.625312983989715576
0.600067496299743652
0.647687077522277832
0.400999039411544800
0.282409071922302246
0.814070284366607666
0.451057463884353638
0.405976414680480957
0.705217361450195312
0.686138391494750977
0.773177623748779297
0.776957273483276367
0.822216570377349854
0.495523750782012939
0.803191721439361572
0.803969383239746094
0.362513810396194458
0.445496141910552979
0.602858543395996094
0.148174196481704712
0.548797667026519775
0.364517658948898315
0.213799312710762024
0.319549024105072021
0.366368979215621948
0.368134021759033203
0.637420773506164551
0.213719263672828674
0.563371717929840088
0.767987489700317383
0.449645996093750000
0.207764446735382080
0.225438266992568970
0.583442687988281250
0.814979255199432373
0.353730261325836182
0.324451506137847900
0.517854571342468262
0.533935666084289551
0.129859551787376404
0.171897754073143005
0.208775341510772705
0.776259958744049072
0.830490052700042725
0.616338431835174561
0.547190964221954346
0.358571410179138184
0.707058012485504150
0.782822906970977783
0.534793436527252197
0.170205190777778625
0.415091514587402344
0.728851139545440674
0.496454298496246338
0.612290918827056885
0.857750415802001953
0.622765243053436279
0.534093081951141357
0.665838956832885742
0.416537314653396606
0.456145167350769043
0.750827729701995850
0.334200233221054077
0.554170608520507812
0.831498205661773682
0.351163417100906372
0.517602801322937012
0.142555221915245056
0.593937158584594727
0.271611601114273071
0.437554031610488892
0.362177103757858276
0.480061322450637817
0.779063642024993896
0.362976521253585815
0.231654196977615356
0.221435636281967163
0.483575224876403809
0.741942703723907471
0.316355824470520020
0.856519043445587158
0.696567833423614502
0.703100204467773438
0.626809656620025635
0.205896973609924316
0.824851870536804199
0.174441829323768616
0.266640335321426392
0.501432299613952637
0.656066656112670898
0.188850447535514832
0.157915428280830383
0.842336893081665039
0.336966454982757568
0.379481524229049683
0.185783565044403076
0.344043523073196411
0.432160347700119019
0.832964777946472168
0.387630790472030640
0.294721812009811401
0.726914942264556885
0.464230209589004517
0.547685563564300537
0.145129203796386719
0.130529984831809998
0.858964264392852783
0.396085649728775024
0.732836246490478516
0.134658768773078918
0.380668014287948608
0.334008336067199707
0.518727898597717285
0.605924844741821289
0.641211688518524170
0.675606310367584229
0.444651544094085693
0.387258142232894897
0.695359408855438232
0.834358751773834229
0.297053694725036621
0.167495310306549072
0.560748279094696045
0.397719889879226685
0.715173900127410889
0.746640026569366455
0.660709738731384277
0.734502792358398438
0.178446456789970398
0.760725259780883789
0.441264003515243530
0.608186662197113037
0.499550431966781616
0.778375923633575439
0.499598801136016846
0.600250124931335449
0.509187698364257812
0.534772098064422607
0.405367732048034668
0.233546987175941467
0.723838567733764648
0.513012111186981201
0.680833578109741211
0.409712135791778564
0.807524800300598145
0.668686211109161377
0.634323120117187500
0.377471297979354858
0.457755625247955322
0.505043268203735352
0.622922480106353760
0.485372513532638550
0.396989554166793823
0.752160847187042236
0.851583838462829590
0.354202985763549805
0.453641772270202637
0.856658220291137695
0.586449265480041504
0.441699385643005371
0.342846155166625977
0.758474171161651611
0.664865016937255859
0.267650097608566284
0.543578922748565674
0.643002092838287354
0.549773693084716797
0.492234081029891968
0.715454101562500000
0.561302781105041504
0.681310117244720459
0.403153151273727417
0.487040638923645020
0.571290254592895508
0.566120445728302002
0.738683998584747314
0.430968672037124634
0.425071775913238525
0.439531087875366211
0.599088072776794434
0.546534478664398193
0.582545876502990723
0.343725919723510742
0.157382488250732422
0.606666266918182373
0.484468162059783936
0.580312490463256836
0.763681411743164062
0.613536894321441650
0.459264785051345825
0.858206450939178467
0.390889525413513184
0.609521329402923584
0.281556785106658936
0.514384329319000244
0.747312605381011963
0.696437180042266846
0.761991679668426514
0.412839859724044800
0.560643553733825684
0.659687638282775879
0.643934369087219238
0.642233788967132568
0.497741907835006714
0.204706236720085144
0.462144553661346436
0.360124975442886353
0.238277301192283630
0.684784829616546631
0.413914114236831665
0.227787703275680542
0.178854063153266907
0.310909509658813477
0.416168183088302612
0.812310993671417236
0.322400391101837158
0.462571829557418823
0.830442547798156738
0.431060343980789185
0.416484326124191284
0.630362629890441895
0.445740610361099243
0.300051420927047729
0.194523438811302185
0.455701291561126709
0.772103190422058105
0.365057915449142456
0.528945684432983398
0.283548265695571899
0.653250157833099365
0.500060439109802246
0.853289127349853516
0.627015233039855957
0.766444146633148193
0.481751978397369385
0.546099066734313965
0.538376748561859131
0.238469541072845459
0.234870672225952148
0.512943327426910400
0.229919612407684326
0.628950178623199463
0.658318579196929932
0.730788290500640869
0.553278446197509766
0.624922335147857666
0.576446950435638428
0.655172467231750488
0.725101709365844727
0.562362194061279297
0.537207782268524170
0.481667816638946533
0.287316471338272095
0.164362460374832153
0.621186852455139160
0.460528433322906494
0.658693492412567139
0.648947358131408691
0.761250257492065430
0.804842233657836914
0.345678538084030151
0.336310863494873047
0.504631757736206055
0.340336143970489502
0.389945805072784424
0.153368204832077026
0.461563438177108765
0.136205077171325684
0.779848098754882812
0.687644004821777344
0.568607628345489502
0.666698455810546875
0.647917330265045166
0.465739041566848755
0.609381914138793945
0.270261049270629883
0.846602678298950195
0.424499273300170898
0.416030764579772949
0.584290623664855957
0.574329435825347900
0.728620409965515137
0.622037470340728760
0.439704090356826782
0.406384527683258057
0.514743089675903320
0.694778084754943848
0.876617610454559326
0.366613864898681641
0.552466988563537598
0.572507321834564209
0.462362468242645264
0.313463956117630005
0.240113139152526855
0.172005176544189453
0.772029638290405273
0.215058952569961548
0.600691914558410645
0.563551783561706543
0.328546941280364990
0.675397813320159912
0.449079900979995728
0.653223156929016113
0.323623448610305786
0.596963107585906982
0.450035423040390015
0.486040115356445312
0.631180524826049805
0.217113018035888672
0.679900527000427246
0.551006793975830078
0.365485727787017822
0.599112868309020996
0.503786265850067139
0.391178399324417114
0.489736437797546387
0.631487667560577393
0.387463867664337158
0.782372593879699707
0.679252266883850098
0.637238323688507080
0.558736979961395264
0.249308437108993530
0.493625402450561523
0.402386069297790527
0.323829948902130127
0.772620081901550293
0.492035716772079468
0.401754021644592285
0.509281039237976074
0.483621865510940552
0.771554112434387207
0.342888653278350830
0.268159002065658569
0.679154872894287109
0.556585192680358887
0.780848205089569092
0.524602472782135010
0.334077268838882446
0.131031617522239685
0.218302384018898010
0.851298511028289795
0.368640393018722534
0.268315792083740234
0.486270219087600708
0.699176311492919922
0.386649578809738159
0.732408106327056885
0.819607436656951904
0.177979275584220886
