"313319_313400"
0.126866921782493591
0.043353259563446045
0.509136497974395752
0.922721624374389648
0.140292763710021973
0.953333377838134766
0.149016946554183960
0.049511950463056564
0.305047363042831421
0.963213503360748291
0.958598136901855469
0.948161005973815918
0.052066650241613388
0.859357953071594238
0.932327389717102051
0.039683099836111069
0.086980246007442474
0.958763182163238525
0.291432172060012817
0.033839579671621323
0.107976771891117096
0.056979611515998840
0.036465428769588470
0.732354104518890381
0.953069269657135010
0.963737666606903076
0.322294175624847412
0.167672842741012573
0.759468436241149902
0.050762590020895004
0.052887745201587677
0.819140613079071045
0.865620613098144531
0.296041697263717651
0.308972477912902832
0.070947833359241486
0.916070342063903809
0.965701699256896973
0.893550157546997070
0.935549497604370117
0.813163340091705322
0.942404687404632568
0.836665689945220947
0.950510740280151367
0.076981887221336365
0.944613337516784668
0.239256501197814941
0.950963377952575684
0.049319192767143250
0.252064526081085205
0.958108901977539062
0.173472926020622253
0.060193233191967010
0.512586772441864014
0.940192103385925293
0.042496372014284134
0.914446830749511719
0.158901974558830261
0.768184840679168701
0.044677477329969406
0.958757936954498291
0.146962285041809082
0.874180376529693604
0.680833578109741211
0.943151950836181641
0.438275337219238281
0.098932392895221710
0.551530301570892334
0.146968945860862732
0.227781042456626892
0.912379860877990723
0.070805668830871582
0.943873703479766846
0.892653346061706543
0.944717884063720703
0.047752991318702698
0.962824642658233643
0.098652377724647522
0.948024451732635498
0.141742199659347534
0.156901568174362183
0.781834661960601807
0.791357398033142090
0.961162745952606201
0.854310989379882812
0.593499779701232910
0.875278651714324951
0.922406315803527832
0.917834281921386719
0.892303586006164551
0.154183357954025269
0.047935701906681061
0.176166251301765442
0.039340429008007050
0.915753483772277832
0.087310567498207092
0.856455326080322266
0.356058508157730103
0.921655893325805664
0.418070733547210693
0.041218385100364685
0.383661240339279175
0.861632227897644043
0.849771022796630859
0.066177472472190857
0.942297756671905518
0.390329957008361816
0.178922161459922791
0.846245169639587402
0.943097114562988281
0.936032056808471680
0.933622598648071289
0.786809861660003662
0.072974614799022675
0.049245964735746384
0.528904914855957031
0.838279724121093750
0.053804244846105576
0.765017867088317871
0.045566346496343613
0.047141518443822861
0.715970456600189209
0.890017330646514893
0.165428459644317627
0.795199751853942871
0.863787770271301270
0.050078585743904114
0.071287430822849274
0.960861980915069580
0.535165786743164062
0.950103819370269775
0.400028437376022339
0.093733057379722595
0.918013334274291992
0.062250833958387375
0.935651063919067383
0.342822611331939697
0.856315374374389648
0.826231837272644043
0.043887458741664886
0.078380770981311798
0.896345734596252441
0.955585896968841553
0.137301087379455566
0.180634722113609314
0.874386489391326904
0.647236227989196777
0.047959975898265839
0.043736655265092850
0.095745660364627838
0.929049491882324219
0.055737517774105072
0.953447818756103516
0.069882631301879883
0.081577025353908539
0.689022898674011230
0.942650198936462402
0.913248121738433838
0.843432307243347168
0.252595096826553345
0.955481529235839844
0.945626258850097656
0.143309682607650757
0.086560733616352081
0.046803269535303116
0.184563502669334412
0.219487965106964111
0.949891626834869385
0.144629746675491333
0.657141685485839844
0.899205803871154785
0.810753941535949707
0.586087703704833984
0.535541296005249023
0.511466801166534424
0.438412189483642578
0.950408339500427246
0.074261993169784546
0.941483914852142334
0.039169605821371078
0.343008905649185181
0.073268532752990723
0.915665209293365479
0.234083876013755798
0.040979173034429550
0.248524963855743408
0.196517780423164368
0.121204398572444916
0.066276542842388153
0.292326450347900391
0.903330206871032715
0.945324301719665527
0.073818273842334747
0.069114245474338531
0.038409434258937836
0.968724787235260010
0.064478725194931030
0.930611193180084229
0.091755166649818420
0.045511201024055481
0.186324641108512878
0.944544196128845215
0.954351067543029785
0.867382347583770752
0.147649034857749939
0.057004071772098541
0.956875920295715332
0.966731488704681396
0.955094635486602783
0.116519883275032043
0.066671602427959442
0.059775348752737045
0.040233306586742401
0.053427055478096008
0.053067851811647415
0.053395204246044159
0.943797111511230469
0.965681970119476318
0.043693922460079193
0.050655461847782135
0.942117393016815186
0.886769115924835205
0.416659623384475708
0.049417428672313690
0.277425289154052734
0.187470361590385437
0.037941485643386841
0.078028731048107147
0.105761997401714325
0.926454722881317139
0.098542153835296631
0.070771925151348114
0.900599598884582520
0.903599381446838379
0.929087758064270020
0.947086393833160400
0.814139127731323242
0.373796075582504272
0.158415958285331726
0.951671004295349121
0.550174355506896973
0.110716730356216431
0.747912645339965820
0.038170024752616882
0.050042316317558289
0.962788105010986328
0.932752668857574463
0.049184154719114304
0.254563122987747192
0.518560767173767090
0.588118076324462891
0.448610514402389526
0.036350838840007782
0.543297171592712402
0.042071491479873657
0.948551714420318604
0.757570087909698486
0.063805527985095978
0.940665841102600098
0.940620541572570801
0.948528826236724854
0.957014560699462891
0.937304973602294922
0.295740664005279541
0.947332620620727539
0.948691129684448242
0.046884160488843918
0.098912507295608521
0.957339823246002197
0.042520195245742798
0.835849463939666748
0.856157541275024414
0.089489914476871490
0.405118644237518311
0.110821232199668884
0.036622077226638794
0.913112699985504150
0.331429183483123779
0.892677068710327148
0.966106116771697998
0.171772390604019165
0.062906526029109955
0.301630377769470215
0.915720820426940918
0.941840052604675293
0.126893028616905212
0.041820500046014786
0.653423666954040527
0.920824527740478516
0.045171406120061874
0.079603232443332672
0.041172217577695847
0.927853882312774658
0.964386999607086182
0.928580403327941895
0.937284052371978760
0.134763970971107483
0.126622945070266724
0.954118430614471436
0.793528497219085693
0.053217153996229172
0.089774683117866516
0.958759069442749023
0.922038972377777100
0.725948691368103027
0.962791264057159424
0.178912132978439331
0.742397904396057129
0.835345268249511719
0.037267044186592102
0.636815547943115234
0.878083884716033936
0.139065593481063843
0.169570758938789368
0.961578726768493652
0.069321863353252411
0.091756463050842285
0.053604517132043839
0.959109783172607422
0.187424346804618835
0.033785346895456314
0.064210519194602966
0.118273429572582245
0.946648716926574707
0.075882963836193085
0.044328734278678894
0.059996772557497025
0.093890763819217682
0.835821270942687988
0.106150589883327484
0.937387883663177490
0.930755019187927246
0.953210532665252686
0.882540285587310791
0.036335006356239319
0.951565444469451904
0.042380724102258682
0.050064578652381897
0.797445952892303467
0.886417448520660400
0.364280253648757935
0.049892798066139221
0.956438124179840088
0.060649033635854721
0.470305055379867554
0.088414050638675690
0.091459602117538452
0.129295080900192261
0.942705571651458740
0.687492609024047852
0.050911344587802887
0.941468536853790283
0.115806721150875092
0.037648703902959824
0.044784519821405411
0.119423881173133850
0.959101200103759766
0.115756742656230927
0.909142017364501953
0.040095955133438110
0.064948253333568573
0.210298106074333191
0.911822736263275146
0.363990306854248047
0.946799755096435547
0.575363457202911377
0.057129226624965668
0.125366106629371643
0.948612332344055176
0.962818145751953125
0.058944027870893478
0.074337571859359741
0.039048355072736740
0.136605933308601379
0.695830345153808594
0.961009263992309570
0.893639504909515381
0.953948855400085449
0.079393029212951660
0.954234361648559570
0.032809432595968246
0.890521109104156494
0.919584929943084717
0.915949046611785889
0.848603308200836182
0.895530700683593750
0.047314316034317017
0.898952484130859375
0.081953853368759155
0.255644768476486206
0.932611465454101562
0.215858295559883118
0.908658921718597412
0.647126674652099609
0.941794872283935547
0.609511971473693848
0.961698114871978760
0.085581339895725250
0.039903927594423294
0.104991666972637177
0.934599876403808594
0.333218157291412354
0.071575395762920380
0.920576453208923340
0.958777546882629395
0.069328404963016510
0.118928693234920502
0.952262043952941895
0.326663494110107422
0.082304172217845917
0.045104775577783585
0.805357456207275391
0.932436227798461914
0.064881794154644012
0.158444508910179138
0.932627201080322266
0.933713614940643311
0.105805538594722748
0.945452392101287842
0.845666885375976562
0.228332981467247009
0.052026387304067612
0.925090432167053223
0.092400535941123962
0.235390469431877136
0.923540949821472168
0.043894678354263306
0.043818686157464981
0.279440462589263916
0.040906701236963272
0.076170884072780609
0.928454399108886719
0.086963437497615814
0.354047268629074097
0.813547015190124512
0.594681084156036377
0.773091316223144531
0.870761275291442871
0.034618318080902100
0.032845851033926010
0.930379629135131836
0.108212001621723175
0.893081963062286377
0.049433514475822449
0.032800830900669098
0.941793382167816162
0.956011176109313965
0.957054615020751953
0.116974271833896637
0.262984037399291992
0.822669386863708496
0.964598000049591064
0.886730194091796875
0.868535995483398438
0.047000527381896973
0.063571177423000336
0.761362314224243164
0.073404334485530853
0.933998048305511475
0.147022455930709839
0.889037132263183594
0.070487864315509796
0.070659816265106201
0.071067094802856445
0.925516009330749512
0.083173036575317383
0.243782147765159607
0.928672313690185547
0.853508532047271729
0.079697974026203156
0.857400894165039062
0.905258893966674805
0.077614448964595795
0.084403820335865021
0.762283265590667725
0.902418017387390137
0.134411618113517761
0.617015123367309570
0.071358010172843933
0.947260916233062744
0.461658030748367310
0.944391012191772461
0.784906685352325439
0.951899766921997070
0.081893876194953918
0.895056486129760742
0.934350311756134033
0.054782506078481674
0.571703910827636719
0.696626424789428711
0.103301249444484711
0.862768292427062988
0.949220120906829834
0.659272730350494385
0.826975107192993164
0.948894798755645752
0.919995486736297607
0.950866937637329102
0.944130182266235352
0.197173655033111572
0.510265409946441650
0.844917774200439453
0.160551324486732483
0.080951571464538574
0.918507993221282959
0.236790463328361511
0.917930305004119873
0.831796050071716309
0.907828450202941895
0.954819798469543457
0.047368302941322327
0.115986034274101257
0.165303662419319153
0.447928071022033691
0.046285875141620636
0.040040150284767151
0.681448221206665039
0.066010445356369019
0.928572714328765869
0.913273096084594727
0.925819516181945801
0.944621801376342773
0.739403605461120605
0.777730584144592285
0.913928747177124023
0.052073251456022263
0.873799681663513184
0.522983849048614502
0.150291815400123596
0.040868155658245087
0.471388548612594604
0.940160572528839111
0.890045464038848877
0.801648020744323730
0.134152397513389587
0.475164830684661865
0.950248360633850098
0.948326647281646729
0.087444305419921875
0.673633396625518799
0.090283155441284180
0.056336306035518646
0.089728564023971558
0.044594675302505493
0.051450919359922409
0.912966966629028320
0.043653048574924469
0.756480515003204346
0.667216181755065918
0.041481997817754745
0.381806194782257080
0.136386647820472717
0.923505246639251709
0.096763759851455688
0.936547935009002686
0.101775303483009338
0.869033336639404297
0.942248404026031494
0.046942107379436493
0.899968624114990234
0.866078138351440430
0.097534805536270142
0.854475200176239014
0.924718379974365234
0.795932352542877197
0.533436596393585205
0.894525468349456787
0.099305093288421631
0.922159314155578613
0.535887837409973145
0.398308247327804565
0.800564587116241455
0.060688707977533340
0.043599061667919159
0.548527359962463379
0.073153249919414520
0.938409090042114258
0.399890482425689697
0.875614881515502930
0.035120647400617599
0.044791899621486664
0.962992310523986816
0.108468860387802124
0.043777912855148315
0.919766724109649658
0.897799551486968994
0.916890919208526611
0.362579196691513062
0.225476071238517761
0.050788659602403641
0.081901006400585175
0.952163994312286377
0.081755094230175018
0.072578825056552887
0.752697587013244629
0.888037681579589844
0.269386738538742065
0.941671252250671387
0.865544080734252930
0.057627961039543152
