"313319_313400"
0.384720355272293091
0.220889449119567871
0.416307538747787476
0.769273161888122559
0.260481476783752441
0.785566866397857666
0.253057479858398438
0.345115661621093750
0.505753457546234131
0.798836469650268555
0.802459716796875000
0.630911290645599365
0.334916770458221436
0.733292758464813232
0.432221770286560059
0.376497030258178711
0.317436128854751587
0.857803702354431152
0.408072113990783691
0.239930346608161926
0.333144605159759521
0.184626340866088867
0.190884649753570557
0.532849192619323730
0.666991174221038818
0.747458875179290771
0.394867300987243652
0.265295863151550293
0.447414398193359375
0.189705446362495422
0.506141960620880127
0.747760891914367676
0.711296856403350830
0.327226370573043823
0.673397898674011230
0.328564316034317017
0.461425125598907471
0.845376968383789062
0.624777853488922119
0.701888680458068848
0.634031116962432861
0.861000657081604004
0.588278055191040039
0.657096743583679199
0.421352207660675049
0.748670876026153564
0.205959618091583252
0.721522092819213867
0.267490476369857788
0.304816752672195435
0.803411841392517090
0.649100661277770996
0.494246006011962891
0.647247731685638428
0.673260569572448730
0.389540493488311768
0.686954677104949951
0.216547548770904541
0.520423591136932373
0.329136490821838379
0.736221730709075928
0.196634009480476379
0.387052536010742188
0.490060061216354370
0.774873495101928711
0.334472358226776123
0.579737424850463867
0.403628081083297729
0.381426364183425903
0.781033933162689209
0.723464965820312500
0.328100025653839111
0.767769277095794678
0.765219986438751221
0.672886312007904053
0.205915600061416626
0.649930357933044434
0.349244594573974609
0.786570072174072266
0.216709733009338379
0.334044843912124634
0.608403742313385010
0.396482259035110474
0.849872469902038574
0.771169483661651611
0.628799259662628174
0.549697637557983398
0.609960496425628662
0.583171725273132324
0.677959799766540527
0.489924103021621704
0.475591242313385010
0.383493214845657349
0.418366402387619019
0.699033379554748535
0.211272880434989929
0.374343246221542358
0.238183319568634033
0.687863826751708984
0.464595139026641846
0.164591461420059204
0.567303001880645752
0.527091026306152344
0.723468840122222900
0.242440044879913330
0.567735016345977783
0.557530641555786133
0.665649771690368652
0.887020230293273926
0.704391837120056152
0.632290244102478027
0.634119212627410889
0.443029582500457764
0.313546717166900635
0.251243591308593750
0.374914586544036865
0.664638757705688477
0.363329291343688965
0.665287852287292480
0.165844663977622986
0.152062252163887024
0.686239123344421387
0.751473605632781982
0.437484532594680786
0.517899930477142334
0.654112637042999268
0.237293809652328491
0.159052670001983643
0.819446921348571777
0.354846388101577759
0.811488211154937744
0.471773982048034668
0.305179089307785034
0.660627186298370361
0.140619665384292603
0.612838387489318848
0.476645201444625854
0.635774195194244385
0.592599928379058838
0.219631925225257874
0.398895531892776489
0.574786901473999023
0.746747732162475586
0.360032856464385986
0.411721229553222656
0.654590427875518799
0.461298912763595581
0.317815065383911133
0.216733589768409729
0.441968679428100586
0.811615109443664551
0.326332092285156250
0.805237352848052979
0.285858035087585449
0.239477917551994324
0.418407052755355835
0.758122324943542480
0.743284046649932861
0.475098550319671631
0.578635573387145996
0.609070658683776855
0.751438558101654053
0.476529181003570557
0.274888396263122559
0.271339088678359985
0.260714381933212280
0.361532121896743774
0.835134685039520264
0.362250804901123047
0.407205075025558472
0.795723319053649902
0.700962543487548828
0.502219378948211670
0.536421954631805420
0.611022055149078369
0.754135191440582275
0.617009818553924561
0.318675071001052856
0.565381467342376709
0.253683686256408691
0.533125519752502441
0.595566093921661377
0.573504149913787842
0.677895724773406982
0.264869004487991333
0.442058384418487549
0.372824609279632568
0.274350106716156006
0.381662964820861816
0.335139930248260498
0.704474568367004395
0.763177990913391113
0.246128186583518982
0.259526222944259644
0.508539676666259766
0.833809077739715576
0.264311343431472778
0.740103065967559814
0.250293225049972534
0.197330504655838013
0.225763261318206787
0.775131464004516602
0.792321443557739258
0.656266748905181885
0.268438398838043213
0.172039389610290527
0.652045667171478271
0.813508749008178711
0.699187815189361572
0.557909786701202393
0.262930035591125488
0.393100231885910034
0.227915108203887939
0.225122392177581787
0.181745141744613647
0.275720357894897461
0.737970829010009766
0.849368095397949219
0.221878275275230408
0.266417443752288818
0.632232248783111572
0.758594274520874023
0.560163259506225586
0.264496207237243652
0.537736415863037109
0.457433462142944336
0.250890076160430908
0.219131097197532654
0.300955891609191895
0.749191761016845703
0.385442852973937988
0.260320335626602173
0.647915005683898926
0.600468218326568604
0.582599878311157227
0.771431922912597656
0.241638734936714172
0.522838294506072998
0.370523303747177124
0.733528912067413330
0.519725620746612549
0.282576292753219604
0.724180579185485840
0.428487956523895264
0.288060069084167480
0.832580745220184326
0.731399595737457275
0.251238375902175903
0.303541362285614014
0.590082526206970215
0.563306570053100586
0.581383883953094482
0.252534270286560059
0.315134227275848389
0.184018149971961975
0.860980331897735596
0.447751730680465698
0.276967942714691162
0.762289822101593018
0.654445886611938477
0.700924098491668701
0.830190181732177734
0.788955748081207275
0.394975572824478149
0.599817991256713867
0.833229601383209229
0.363860011100769043
0.395575582981109619
0.668847680091857910
0.227284029126167297
0.610513627529144287
0.512126326560974121
0.173078775405883789
0.345951229333877563
0.319228649139404297
0.448624372482299805
0.639667749404907227
0.324329137802124023
0.532400131225585938
0.811642765998840332
0.412734925746917725
0.341038584709167480
0.264602690935134888
0.657560348510742188
0.771148562431335449
0.619821548461914062
0.166643530130386353
0.651333868503570557
0.681054890155792236
0.191785916686058044
0.222722351551055908
0.324542313814163208
0.715895652770996094
0.841887652873992920
0.747338414192199707
0.802292227745056152
0.269276291131973267
0.546706795692443848
0.674513578414916992
0.506514728069305420
0.287308603525161743
0.242792457342147827
0.782169580459594727
0.619748950004577637
0.604027450084686279
0.833948075771331787
0.391660898923873901
0.336851775646209717
0.500423192977905273
0.235574454069137573
0.641202330589294434
0.664183318614959717
0.438377618789672852
0.555353760719299316
0.844623208045959473
0.382548838853836060
0.428543299436569214
0.172983899712562561
0.724595606327056885
0.352896511554718018
0.206287905573844910
0.225525408983230591
0.589022696018218994
0.728914737701416016
0.281533122062683105
0.245243966579437256
0.279958844184875488
0.480079293251037598
0.730507969856262207
0.258546888828277588
0.874204933643341064
0.711538374423980713
0.815269291400909424
0.605643332004547119
0.206054598093032837
0.788666546344757080
0.245058193802833557
0.173876881599426270
0.460721194744110107
0.612726211547851562
0.308773845434188843
0.302538305521011353
0.821970999240875244
0.380924284458160400
0.449236750602722168
0.275935858488082886
0.299784451723098755
0.527850091457366943
0.753675162792205811
0.599542915821075439
0.227223649621009827
0.789674520492553711
0.284337967634201050
0.298329949378967285
0.212140902876853943
0.201801955699920654
0.759275913238525391
0.384503394365310669
0.678082406520843506
0.162834644317626953
0.337765246629714966
0.188114732503890991
0.674043357372283936
0.504512131214141846
0.727361559867858887
0.608651876449584961
0.354383736848831177
0.466507315635681152
0.754735529422760010
0.850569725036621094
0.295391410589218140
0.258747994899749756
0.559876978397369385
0.359535217285156250
0.602983355522155762
0.620283842086791992
0.728621244430541992
0.716140806674957275
0.188807621598243713
0.827723681926727295
0.329347431659698486
0.549853384494781494
0.760318934917449951
0.734675705432891846
0.520185708999633789
0.716454446315765381
0.367280632257461548
0.653742492198944092
0.246320724487304688
0.238159433007240295
0.601204991340637207
0.310504019260406494
0.738252460956573486
0.515825510025024414
0.778965950012207031
0.593375205993652344
0.804248094558715820
0.639301180839538574
0.241224929690361023
0.435361355543136597
0.698577642440795898
0.504610300064086914
0.414210855960845947
0.769996464252471924
0.802645683288574219
0.211594134569168091
0.224769935011863708
0.882314324378967285
0.634613096714019775
0.497880697250366211
0.407235383987426758
0.672946333885192871
0.713063359260559082
0.222605779767036438
0.467157125473022461
0.663403689861297607
0.657705485820770264
0.499824047088623047
0.692320108413696289
0.633217990398406982
0.542368054389953613
0.263385891914367676
0.569751739501953125
0.249756023287773132
0.587733209133148193
0.683708131313323975
0.250060588121414185
0.318207710981369019
0.341556996107101440
0.547565281391143799
0.341000318527221680
0.601080238819122314
0.213325858116149902
0.343469887971878052
0.543222904205322266
0.535127699375152588
0.486699342727661133
0.790085136890411377
0.283059358596801758
0.337604403495788574
0.756350994110107422
0.310206651687622070
0.642845749855041504
0.315068721771240234
0.300718635320663452
0.727336823940277100
0.702950775623321533
0.831268012523651123
0.528257310390472412
0.472856163978576660
0.635441184043884277
0.846112668514251709
0.674655795097351074
0.537165641784667969
0.314723968505859375
0.192733973264694214
0.590797007083892822
0.483320713043212891
0.730255007743835449
0.283409208059310913
0.483910292387008667
0.271031111478805542
0.395510405302047729
0.391874879598617554
0.753622353076934814
0.251644819974899292
0.463859051465988159
0.809509515762329102
0.662110805511474609
0.260361403226852417
0.483135014772415161
0.582550704479217529
0.334185063838958740
0.359149754047393799
0.585358679294586182
0.747506797313690186
0.405260086059570312
0.605161786079406738
0.245423093438148499
0.756709635257720947
0.333819419145584106
0.801313638687133789
0.494138240814208984
0.733748733997344971
0.487262606620788574
0.657357156276702881
0.721134901046752930
0.307990849018096924
0.349219143390655518
0.659970343112945557
0.372245877981185913
0.721206605434417725
0.756081938743591309
0.642067074775695801
0.379460752010345459
0.716430246829986572
0.697059690952301025
0.755497753620147705
0.750148117542266846
0.361850321292877197
0.577452123165130615
0.531478106975555420
0.288313031196594238
0.250949233770370483
0.670302748680114746
0.420914709568023682
0.705365359783172607
0.806353449821472168
0.771522819995880127
0.789560914039611816
0.192405357956886292
0.355327010154724121
0.378531336784362793
0.321125537157058716
0.279029369354248047
0.270404309034347534
0.501921713352203369
0.200432017445564270
0.480337888002395630
0.711199998855590820
0.661411285400390625
0.647866785526275635
0.576081275939941406
0.560825467109680176
0.642012715339660645
0.247765228152275085
0.838009238243103027
0.390475064516067505
0.659775316715240479
0.434249222278594971
0.474605023860931396
0.736219882965087891
0.580564498901367188
0.531405210494995117
0.713672220706939697
0.540687859058380127
0.703501641750335693
0.788774132728576660
0.379637151956558228
0.513732075691223145
0.198674321174621582
0.414369165897369385
0.439523965120315552
0.247348323464393616
0.445544481277465820
0.803849101066589355
0.231195494532585144
0.614867091178894043
0.651045262813568115
0.229073658585548401
0.502735674381256104
0.263769835233688354
0.672743022441864014
0.355326235294342041
0.688564062118530273
0.445473432540893555
0.600220739841461182
0.679817378520965576
0.367862403392791748
0.755795180797576904
0.623630344867706299
0.251112580299377441
0.535905063152313232
0.607051432132720947
0.362970560789108276
0.438740998506546021
0.786100268363952637
0.297112703323364258
0.503806054592132568
0.771047949790954590
0.614864110946655273
0.615150332450866699
0.337821900844573975
0.359657049179077148
0.569056868553161621
0.313005149364471436
0.640893816947937012
0.512818932533264160
0.597765386104583740
0.419209420680999756
0.389082372188568115
0.846494317054748535
0.296808660030364990
0.277777403593063354
0.620227754116058350
0.710887193679809570
0.701669454574584961
0.632892251014709473
0.363977938890457153
0.165144696831703186
0.355637341737747192
0.814780473709106445
0.347334086894989014
0.314689934253692627
0.400882571935653687
0.648545205593109131
0.367752552032470703
0.724860310554504395
0.747633635997772217
0.164818197488784790
