"313319_313400"
0.200472474098205566
0.160648539662361145
0.697897017002105713
0.835673928260803223
0.184363171458244324
0.829548299312591553
0.176280021667480469
0.171831727027893066
0.546024024486541748
0.832886278629302979
0.819004952907562256
0.823936820030212402
0.167793154716491699
0.822967648506164551
0.817902982234954834
0.159544944763183594
0.423695862293243408
0.836367368698120117
0.278482496738433838
0.160091981291770935
0.181653872132301331
0.171308919787406921
0.155141651630401611
0.782427191734313965
0.822414994239807129
0.836158454418182373
0.735466480255126953
0.181558668613433838
0.712773025035858154
0.156624644994735718
0.170213207602500916
0.801484644412994385
0.814803957939147949
0.323094964027404785
0.734248995780944824
0.167844474315643311
0.791710615158081055
0.838918566703796387
0.761403441429138184
0.813610911369323730
0.736044406890869141
0.828282535076141357
0.808282434940338135
0.831989765167236328
0.200458779931068420
0.833921968936920166
0.291711568832397461
0.821086943149566650
0.170259028673171997
0.301879823207855225
0.836756289005279541
0.628189146518707275
0.182756617665290833
0.656858444213867188
0.833956420421600342
0.167200565338134766
0.825697124004364014
0.595157027244567871
0.740562677383422852
0.165561988949775696
0.834663391113281250
0.174971595406532288
0.797635018825531006
0.657286584377288818
0.818385601043701172
0.321469187736511230
0.201050043106079102
0.811439573764801025
0.255498647689819336
0.367380917072296143
0.817597687244415283
0.173778250813484192
0.824656605720520020
0.817948877811431885
0.800310373306274414
0.163061529397964478
0.822342932224273682
0.184428066015243530
0.820053637027740479
0.179941669106483459
0.287958920001983643
0.592269718647003174
0.640219330787658691
0.839099884033203125
0.808268487453460693
0.817660570144653320
0.751438617706298828
0.817435801029205322
0.809850871562957764
0.808142066001892090
0.407563656568527222
0.173668891191482544
0.531821548938751221
0.166407898068428040
0.808916985988616943
0.251848727464675903
0.730829179286956787
0.329712301492691040
0.794097721576690674
0.228818356990814209
0.154281452298164368
0.348558336496353149
0.458596795797348022
0.802301585674285889
0.164987713098526001
0.815120935440063477
0.666290938854217529
0.245827287435531616
0.819350421428680420
0.824525773525238037
0.806351840496063232
0.803210735321044922
0.549583196640014648
0.175788894295692444
0.169440403580665588
0.528902053833007812
0.803637742996215820
0.177705258131027222
0.822200298309326172
0.162232980132102966
0.162717700004577637
0.789067208766937256
0.812316596508026123
0.456064492464065552
0.793655335903167725
0.815323591232299805
0.171945169568061829
0.164029031991958618
0.830871760845184326
0.743108749389648438
0.828872084617614746
0.691863179206848145
0.172841951251029968
0.822664678096771240
0.157855018973350525
0.819055974483489990
0.268333822488784790
0.813696742057800293
0.771542072296142578
0.158125400543212891
0.182057619094848633
0.783955812454223633
0.834858596324920654
0.302932500839233398
0.171129435300827026
0.815037965774536133
0.673787772655487061
0.164120376110076904
0.156767427921295166
0.177520886063575745
0.813438415527343750
0.170127525925636292
0.836162269115447998
0.176758393645286560
0.172001436352729797
0.647355794906616211
0.836137771606445312
0.808807194232940674
0.741154313087463379
0.254338324069976807
0.824733853340148926
0.835464417934417725
0.211401060223579407
0.167720675468444824
0.165949895977973938
0.259260326623916626
0.691902101039886475
0.832695007324218750
0.187455177307128906
0.403482228517532349
0.817561447620391846
0.781411707401275635
0.624535739421844482
0.563885033130645752
0.569329679012298584
0.753564715385437012
0.812494099140167236
0.163529813289642334
0.827842354774475098
0.158375248312950134
0.798194646835327148
0.170097425580024719
0.807359695434570312
0.221471145749092102
0.166913136839866638
0.313941448926925659
0.189028248190879822
0.182380482554435730
0.172376886010169983
0.191485181450843811
0.822967648506164551
0.832259535789489746
0.166757762432098389
0.182864606380462646
0.170500099658966064
0.841369330883026123
0.171578377485275269
0.823553621768951416
0.212762221693992615
0.162413656711578369
0.176546186208724976
0.822828531265258789
0.829430103302001953
0.796400487422943115
0.193735972046852112
0.157478064298629761
0.826557159423828125
0.830918252468109131
0.808853089809417725
0.232214197516441345
0.167487025260925293
0.174933880567550659
0.160925880074501038
0.161411657929420471
0.157934367656707764
0.185792148113250732
0.826546847820281982
0.839671850204467773
0.159327730536460876
0.166530922055244446
0.819519937038421631
0.827896177768707275
0.311720728874206543
0.166227608919143677
0.352005898952484131
0.197956100106239319
0.155875518918037415
0.176367461681365967
0.178412556648254395
0.817749977111816406
0.180541813373565674
0.204318150877952576
0.819168746471405029
0.800443947315216064
0.806373178958892822
0.828596770763397217
0.273914635181427002
0.474101305007934570
0.689663827419281006
0.830509006977081299
0.574706554412841797
0.165305569767951965
0.739547133445739746
0.196281775832176208
0.165032684803009033
0.832768917083740234
0.813027620315551758
0.155568838119506836
0.550686657428741455
0.785225510597229004
0.781112253665924072
0.505116403102874756
0.163682535290718079
0.282666534185409546
0.165606096386909485
0.818317651748657227
0.556375682353973389
0.153496637940406799
0.828505098819732666
0.827339053153991699
0.817328631877899170
0.834181427955627441
0.830686032772064209
0.186093792319297791
0.823277294635772705
0.817279815673828125
0.168961048126220703
0.217446699738502502
0.825130701065063477
0.164875119924545288
0.793549954891204834
0.805364727973937988
0.165414646267890930
0.240417540073394775
0.177256718277931213
0.161203712224960327
0.827547252178192139
0.294046968221664429
0.797980606555938721
0.841157972812652588
0.212019681930541992
0.175139799714088440
0.332146614789962769
0.816792964935302734
0.823096334934234619
0.184554100036621094
0.166882857680320740
0.689767599105834961
0.799435198307037354
0.163384556770324707
0.168469816446304321
0.164505541324615479
0.809910535812377930
0.832661628723144531
0.833489894866943359
0.819944083690643311
0.170222058892250061
0.190404832363128662
0.827299714088439941
0.557608246803283691
0.166100800037384033
0.197199612855911255
0.831466734409332275
0.811378538608551025
0.806455671787261963
0.837630391120910645
0.548263430595397949
0.813907444477081299
0.815896570682525635
0.158507630228996277
0.730466067790985107
0.806381821632385254
0.209619760513305664
0.183452457189559937
0.834100902080535889
0.165134668350219727
0.212668016552925110
0.157672390341758728
0.839119434356689453
0.286673307418823242
0.154297724366188049
0.163072600960731506
0.192273616790771484
0.830643296241760254
0.164237424731254578
0.167474374175071716
0.165956228971481323
0.272178620100021362
0.767411887645721436
0.206063285470008850
0.830784142017364502
0.822582304477691650
0.837640404701232910
0.814367353916168213
0.157537057995796204
0.822955667972564697
0.156695812940597534
0.159733682870864868
0.573975682258605957
0.807894825935363770
0.176307618618011475
0.163714542984962463
0.829957902431488037
0.166639208793640137
0.446174323558807373
0.170530930161476135
0.192289918661117554
0.200478851795196533
0.828833043575286865
0.787862479686737061
0.162867322564125061
0.822782635688781738
0.195334792137145996
0.161033034324645996
0.158246666193008423
0.164787322282791138
0.838306427001953125
0.300011932849884033
0.772039055824279785
0.155071124434471130
0.164277672767639160
0.202514678239822388
0.825035989284515381
0.535441875457763672
0.785280525684356689
0.639090597629547119
0.181975454092025757
0.189140602946281433
0.831043362617492676
0.835611939430236816
0.163982316851615906
0.166678622364997864
0.177010789513587952
0.180582702159881592
0.799943983554840088
0.828098595142364502
0.810287833213806152
0.832039356231689453
0.162014752626419067
0.825011968612670898
0.161876171827316284
0.742685079574584961
0.808795392513275146
0.828397393226623535
0.806437194347381592
0.808696925640106201
0.171484425663948059
0.825040936470031738
0.163796976208686829
0.229614838957786560
0.815913021564483643
0.254588603973388672
0.824611186981201172
0.757566571235656738
0.819441258907318115
0.806295990943908691
0.839672148227691650
0.349441707134246826
0.162048459053039551
0.221545815467834473
0.816007614135742188
0.379692792892456055
0.170222699642181396
0.822468042373657227
0.835403144359588623
0.180010214447975159
0.168767958879470825
0.825443148612976074
0.751461625099182129
0.203301370143890381
0.174913153052330017
0.803482294082641602
0.817187607288360596
0.178932845592498779
0.186117678880691528
0.822552502155303955
0.799595773220062256
0.186885029077529907
0.809520244598388672
0.819254159927368164
0.217458650469779968
0.173455849289894104
0.803390562534332275
0.197405740618705750
0.538226425647735596
0.805084288120269775
0.174345821142196655
0.166517987847328186
0.331315547227859497
0.217799127101898193
0.192762359976768494
0.814774274826049805
0.170891612768173218
0.275610238313674927
0.803054809570312500
0.664622187614440918
0.796367406845092773
0.813571929931640625
0.162168368697166443
0.164304301142692566
0.828906357288360596
0.184781953692436218
0.817749261856079102
0.160349488258361816
0.165159493684768677
0.821317017078399658
0.834905147552490234
0.838826417922973633
0.192006975412368774
0.296070218086242676
0.799803912639617920
0.841168045997619629
0.805255651473999023
0.730957031250000000
0.173740297555923462
0.175662368535995483
0.656790554523468018
0.181174576282501221
0.825196981430053711
0.182665973901748657
0.700839281082153320
0.182851403951644897
0.181189045310020447
0.172603353857994080
0.814887821674346924
0.168198332190513611
0.208730906248092651
0.821952342987060547
0.804840087890625000
0.181942060589790344
0.812703967094421387
0.685822248458862305
0.205629736185073853
0.209921970963478088
0.790340244770050049
0.820752203464508057
0.214460343122482300
0.631308376789093018
0.178510665893554688
0.832197785377502441
0.259646415710449219
0.832534134387969971
0.789889335632324219
0.836698889732360840
0.189880207180976868
0.802119791507720947
0.816434800624847412
0.184315055608749390
0.518659472465515137
0.774436771869659424
0.194224193692207336
0.759489119052886963
0.836972594261169434
0.790341198444366455
0.795419692993164062
0.829798936843872070
0.805991709232330322
0.834610998630523682
0.819744527339935303
0.259485155344009399
0.710476458072662354
0.760928571224212646
0.172445788979530334
0.170683860778808594
0.824400961399078369
0.570321977138519287
0.818392097949981689
0.745003163814544678
0.823952257633209229
0.820654213428497314
0.163579210638999939
0.165363326668739319
0.181036964058876038
0.729712545871734619
0.169431313872337341
0.158872395753860474
0.454429298639297485
0.156393274664878845
0.771021842956542969
0.818987667560577393
0.825982809066772461
0.828938722610473633
0.804151117801666260
0.767803192138671875
0.817611694335937500
0.165086209774017334
0.826918303966522217
0.219355970621109009
0.265030026435852051
0.167589202523231506
0.525239706039428711
0.816321313381195068
0.813490748405456543
0.710520863533020020
0.215440392494201660
0.666297256946563721
0.825590670108795166
0.835856199264526367
0.185388594865798950
0.719949960708618164
0.186462745070457458
0.175712332129478455
0.189265996217727661
0.161453098058700562
0.158722251653671265
0.821582198143005371
0.158831328153610229
0.727706134319305420
0.677237331867218018
0.160054937005043030
0.200560465455055237
0.180001005530357361
0.818145275115966797
0.181337475776672363
0.772976934909820557
0.180511057376861572
0.800188362598419189
0.828418314456939697
0.177720263600349426
0.825794637203216553
0.809306204319000244
0.195031255483627319
0.720458507537841797
0.817225217819213867
0.500881373882293701
0.244073227047920227
0.813412368297576904
0.175157621502876282
0.424789845943450928
0.623030126094818115
0.748882293701171875
0.824018597602844238
0.165483966469764709
0.182264342904090881
0.605824530124664307
0.178290218114852905
0.819213032722473145
0.808631539344787598
0.820280134677886963
0.163685888051986694
0.172615349292755127
0.831152975559234619
0.188350394368171692
0.160119831562042236
0.802137017250061035
0.817465543746948242
0.801762580871582031
0.298439830541610718
0.759439647197723389
0.164620891213417053
0.178643748164176941
0.824734091758728027
0.181957781314849854
0.168182253837585449
0.634589493274688721
0.815893769264221191
0.633065342903137207
0.826225996017456055
0.821896374225616455
0.160563692450523376
