"313319_313400"
0.439310282468795776
0.498332321643829346
0.427941501140594482
0.457445561885833740
0.449871480464935303
0.444101721048355103
0.484586536884307861
0.514999330043792725
0.536514163017272949
0.553726553916931152
0.571566343307495117
0.461918860673904419
0.592901289463043213
0.574375033378601074
0.435210853815078735
0.507236838340759277
0.420899599790573120
0.579152822494506836
0.445826530456542969
0.525547742843627930
0.555942773818969727
0.441989779472351074
0.444937527179718018
0.558768093585968018
0.459854662418365479
0.452726960182189941
0.535778403282165527
0.443158298730850220
0.551621019840240479
0.434327274560928345
0.485278487205505371
0.577768564224243164
0.557360768318176270
0.440837264060974121
0.522048056125640869
0.443918764591217041
0.434307754039764404
0.559405684471130371
0.491331785917282104
0.559391140937805176
0.473326444625854492
0.540819287300109863
0.427037924528121948
0.424405992031097412
0.442411869764328003
0.431791216135025024
0.440276026725769043
0.569009423255920410
0.571133494377136230
0.550930917263031006
0.537154793739318848
0.533819973468780518
0.426494807004928589
0.576174795627593994
0.469817042350769043
0.464358389377593994
0.474809408187866211
0.486630976200103760
0.491168975830078125
0.421284168958663940
0.504206955432891846
0.418809533119201660
0.417793124914169312
0.463595986366271973
0.582750737667083740
0.436883926391601562
0.579268038272857666
0.433428913354873657
0.424919545650482178
0.479111343622207642
0.444852024316787720
0.458107531070709229
0.436941802501678467
0.504897713661193848
0.446345567703247070
0.551804840564727783
0.420134186744689941
0.565111517906188965
0.585454761981964111
0.414092242717742920
0.421257257461547852
0.480164587497711182
0.574682414531707764
0.583362102508544922
0.494360864162445068
0.451188772916793823
0.506689786911010742
0.556400775909423828
0.452600419521331787
0.551756381988525391
0.519074738025665283
0.566614985466003418
0.583278179168701172
0.505311131477355957
0.449284642934799194
0.459048926830291748
0.440080702304840088
0.434350579977035522
0.550516247749328613
0.452587604522705078
0.433866798877716064
0.543715715408325195
0.605727612972259521
0.586392164230346680
0.409943401813507080
0.554103016853332520
0.446125358343124390
0.465269178152084351
0.533637344837188721
0.430622339248657227
0.543687522411346436
0.576883077621459961
0.554089784622192383
0.537789702415466309
0.432931870222091675
0.537004113197326660
0.519314527511596680
0.569612979888916016
0.554973959922790527
0.419609129428863525
0.416731029748916626
0.508921861648559570
0.537129044532775879
0.429391503334045410
0.444109201431274414
0.564383029937744141
0.435536473989486694
0.422968387603759766
0.488417625427246094
0.447298943996429443
0.528770565986633301
0.443338781595230103
0.549039304256439209
0.448017060756683350
0.424559563398361206
0.479311406612396240
0.549392700195312500
0.423418104648590088
0.556023478507995605
0.443696737289428711
0.455843389034271240
0.539562821388244629
0.450604259967803955
0.578376054763793945
0.575808882713317871
0.559661984443664551
0.411972612142562866
0.503848552703857422
0.434260964393615723
0.570854604244232178
0.568530499935150146
0.434568166732788086
0.551831364631652832
0.437213033437728882
0.528109610080718994
0.463299095630645752
0.532754719257354736
0.446487903594970703
0.426089346408843994
0.546087682247161865
0.577297270298004150
0.551791846752166748
0.450753122568130493
0.434033483266830444
0.584395051002502441
0.542747735977172852
0.460556745529174805
0.533619880676269531
0.472120344638824463
0.565768361091613770
0.546672284603118896
0.480388522148132324
0.453750729560852051
0.566986918449401855
0.498541682958602905
0.530991256237030029
0.465537816286087036
0.433959990739822388
0.442105382680892944
0.586106002330780029
0.516808807849884033
0.437168180942535400
0.562693834304809570
0.545943319797515869
0.579541265964508057
0.424057453870773315
0.450850039720535278
0.542021632194519043
0.523247003555297852
0.472969204187393188
0.445477455854415894
0.431262761354446411
0.426074236631393433
0.541539072990417480
0.561224341392517090
0.575956821441650391
0.455471277236938477
0.473779350519180298
0.485400199890136719
0.444408297538757324
0.484041422605514526
0.541636049747467041
0.469011038541793823
0.535307884216308594
0.431818246841430664
0.463044375181198120
0.424749463796615601
0.511470079421997070
0.541450977325439453
0.557564258575439453
0.565096974372863770
0.474768698215484619
0.535476386547088623
0.434072315692901611
0.427612781524658203
0.553959846496582031
0.553945720195770264
0.591974139213562012
0.453043460845947266
0.420197248458862305
0.488898247480392456
0.536765933036804199
0.586915433406829834
0.562824308872222900
0.505049824714660645
0.515000820159912109
0.568545579910278320
0.487855494022369385
0.518190026283264160
0.554454505443572998
0.408180981874465942
0.429867327213287354
0.569155633449554443
0.480318963527679443
0.422094821929931641
0.550095915794372559
0.440781801939010620
0.455652296543121338
0.546512305736541748
0.461034238338470459
0.472786158323287964
0.436676174402236938
0.552483439445495605
0.420335084199905396
0.433689087629318237
0.555518209934234619
0.443160384893417358
0.572088062763214111
0.575373172760009766
0.439029276371002197
0.468832701444625854
0.573568105697631836
0.510585904121398926
0.428962826728820801
0.436001121997833252
0.579277575016021729
0.467964380979537964
0.580885887145996094
0.515593051910400391
0.448263347148895264
0.541618943214416504
0.533916115760803223
0.461277544498443604
0.455371320247650146
0.543811738491058350
0.587066471576690674
0.445688992738723755
0.481697112321853638
0.549939155578613281
0.432890385389328003
0.548988878726959229
0.440580129623413086
0.477003067731857300
0.484282582998275757
0.478983789682388306
0.431138873100280762
0.444455325603485107
0.456067591905593872
0.476983070373535156
0.557802438735961914
0.539389491081237793
0.430447131395339966
0.426741451025009155
0.554654181003570557
0.538922905921936035
0.569101452827453613
0.454983890056610107
0.557666838169097900
0.550414204597473145
0.424225181341171265
0.433558970689773560
0.572738528251647949
0.587060332298278809
0.553825378417968750
0.431258618831634521
0.509627461433410645
0.480271697044372559
0.453558653593063354
0.474845975637435913
0.509208679199218750
0.458115577697753906
0.534003615379333496
0.532585322856903076
0.535592079162597656
0.551099181175231934
0.586246073246002197
0.574988007545471191
0.443415373563766479
0.451580792665481567
0.522158145904541016
0.433119922876358032
0.525549173355102539
0.434961408376693726
0.552623212337493896
0.566907405853271484
0.587224423885345459
0.474543035030364990
0.425298273563385010
0.445096015930175781
0.584689378738403320
0.531906247138977051
0.505715250968933105
0.557269632816314697
0.508550226688385010
0.543603956699371338
0.557372212409973145
0.440605700016021729
0.431328505277633667
0.563809096813201904
0.433048546314239502
0.590961098670959473
0.450829595327377319
0.571536481380462646
0.444828510284423828
0.561450123786926270
0.546349346637725830
0.439947038888931274
0.425697088241577148
0.467701405286788940
0.461613953113555908
0.448916673660278320
0.502911150455474854
0.446399927139282227
0.601854383945465088
0.562757849693298340
0.524608790874481201
0.485600739717483521
0.442165315151214600
0.462183803319931030
0.541922926902770996
0.418585479259490967
0.445866465568542480
0.497600317001342773
0.446612894535064697
0.456156373023986816
0.433806389570236206
0.509823262691497803
0.430139660835266113
0.557301819324493408
0.424998939037322998
0.572826743125915527
0.448238879442214966
0.466515481472015381
0.520622193813323975
0.489104717969894409
0.498003184795379639
0.421938419342041016
0.532197237014770508
0.574151635169982910
0.577745318412780762
0.498155653476715088
0.450465619564056396
0.561405420303344727
0.423588812351226807
0.421751201152801514
0.472027927637100220
0.531715631484985352
0.512759089469909668
0.459071367979049683
0.541669964790344238
0.445409148931503296
0.430992931127548218
0.495525121688842773
0.416594684123992920
0.469148874282836914
0.421602517366409302
0.420633554458618164
0.462371379137039185
0.576072514057159424
0.440394580364227295
0.470634043216705322
0.579624176025390625
0.472051739692687988
0.443071156740188599
0.573084771633148193
0.557638704776763916
0.577861726284027100
0.544981956481933594
0.582861602306365967
0.437955498695373535
0.580743610858917236
0.524505734443664551
0.576268672943115234
0.551945030689239502
0.505848169326782227
0.464796394109725952
0.566314935684204102
0.536651909351348877
0.557091236114501953
0.461809843778610229
0.561763644218444824
0.551073968410491943
0.591094374656677246
0.442210704088211060
0.564520537853240967
0.421261280775070190
0.465367406606674194
0.514451384544372559
0.471058756113052368
0.454347819089889526
0.575230658054351807
0.438107550144195557
0.547936677932739258
0.575295388698577881
0.507124304771423340
0.553447425365447998
0.573217153549194336
0.440897524356842041
0.534555375576019287
0.447478204965591431
0.566373348236083984
0.446187406778335571
0.410024076700210571
0.473488420248031616
0.453560352325439453
0.536754310131072998
0.509991645812988281
0.476551115512847900
0.462560236454010010
0.452194631099700928
0.544603765010833740
0.423881769180297852
0.433351993560791016
0.560734093189239502
0.431569188833236694
0.534096360206604004
0.574345350265502930
0.513133287429809570
0.536169707775115967
0.500609338283538818
0.444413781166076660
0.564998745918273926
0.514166235923767090
0.429491043090820312
0.494662195444107056
0.497598648071289062
0.574322819709777832
0.571198642253875732
0.497264504432678223
0.509508728981018066
0.565147638320922852
0.430999755859375000
0.580589354038238525
0.521556437015533447
0.568179249763488770
0.453397631645202637
0.471400439739227295
0.572632908821105957
0.533105432987213135
0.452504992485046387
0.454163074493408203
0.429657220840454102
0.526397526264190674
0.578966796398162842
0.527826666831970215
0.561803460121154785
0.467421859502792358
0.581053614616394043
0.507613658905029297
0.437987655401229858
0.422510504722595215
0.542414188385009766
0.537167608737945557
0.414528101682662964
0.562749266624450684
0.551304340362548828
0.550310254096984863
0.445735156536102295
0.573304176330566406
0.527125060558319092
0.547044157981872559
0.473128646612167358
0.557598650455474854
0.566188573837280273
0.413361161947250366
0.448951721191406250
0.565351784229278564
0.445267796516418457
0.448667198419570923
0.475489616394042969
0.561137914657592773
0.561526000499725342
0.421867638826370239
0.467129796743392944
0.427651584148406982
0.573145568370819092
0.427944064140319824
0.583240807056427002
0.562014460563659668
0.526996731758117676
0.421628743410110474
0.457645982503890991
0.519183397293090820
0.444214344024658203
0.473482906818389893
0.571988999843597412
0.552376747131347656
0.484181761741638184
0.457595139741897583
0.477989763021469116
0.566502273082733154
0.446961700916290283
0.422970294952392578
0.423613369464874268
0.477197945117950439
0.427111357450485229
0.569000124931335449
0.441492050886154175
0.491578280925750732
0.509907245635986328
0.422156810760498047
0.511306643486022949
0.499584078788757324
0.580367147922515869
0.537084460258483887
0.539755702018737793
0.452504277229309082
0.482049405574798584
0.506809055805206299
0.477531433105468750
0.559871315956115723
0.415036499500274658
0.563011229038238525
0.573464572429656982
0.480647504329681396
0.543653011322021484
0.463491111993789673
0.547897517681121826
0.451176822185516357
0.429346978664398193
0.565739750862121582
0.517941236495971680
0.536930859088897705
0.483709126710891724
0.413667142391204834
0.431990265846252441
0.442899644374847412
0.478564321994781494
0.481378674507141113
0.441599875688552856
0.435030937194824219
0.414908856153488159
0.533732295036315918
0.428726136684417725
0.494066774845123291
0.419423341751098633
0.535477042198181152
0.540384590625762939
0.511665880680084229
0.563770830631256104
0.572826743125915527
0.437973141670227051
0.545476794242858887
0.430227786302566528
0.570098102092742920
0.573078453540802002
0.431733310222625732
0.423925310373306274
0.572480916976928711
0.545572638511657715
0.439014017581939697
0.533974230289459229
0.568128287792205811
0.581231474876403809
0.566048979759216309
0.550532281398773193
0.563421964645385742
0.487418562173843384
0.420761764049530029
0.439531147480010986
0.438358843326568604
0.578337609767913818
0.561447620391845703
0.481604099273681641
0.438753277063369751
0.408141314983367920
0.431184560060501099
0.509913504123687744
0.543959915637969971
0.438676089048385620
