"313319_313400"
0.297878980636596680
0.293021500110626221
0.328618407249450684
0.711611986160278320
0.357196748256683350
0.709349751472473145
0.302430480718612671
0.295497834682464600
0.428993612527847290
0.711022615432739258
0.695452034473419189
0.712534964084625244
0.305174738168716431
0.695057094097137451
0.702207505702972412
0.293244063854217529
0.352764844894409180
0.712355256080627441
0.479834049940109253
0.287627846002578735
0.355563372373580933
0.287730455398559570
0.290421485900878906
0.672956943511962891
0.705805838108062744
0.713004231452941895
0.415733814239501953
0.327264815568923950
0.362721204757690430
0.293403446674346924
0.289041221141815186
0.664343178272247314
0.695346951484680176
0.346159934997558594
0.693697094917297363
0.308965861797332764
0.670120418071746826
0.711013197898864746
0.695060789585113525
0.675193786621093750
0.693597435951232910
0.706992626190185547
0.636295855045318604
0.703357398509979248
0.459331840276718140
0.714388668537139893
0.292234599590301514
0.704979658126831055
0.316130161285400391
0.317508667707443237
0.709815979003906250
0.526740312576293945
0.309918105602264404
0.589646935462951660
0.705569565296173096
0.288982152938842773
0.710566878318786621
0.304786086082458496
0.657042324542999268
0.293278098106384277
0.710208654403686523
0.288347810506820679
0.420731961727142334
0.472113132476806641
0.698844850063323975
0.409190684556961060
0.308912485837936401
0.691902577877044678
0.651776850223541260
0.706058621406555176
0.693618655204772949
0.305363804101943970
0.710398316383361816
0.689684033393859863
0.651582539081573486
0.294346511363983154
0.701975107192993164
0.375827819108963013
0.713613033294677734
0.307653993368148804
0.366823732852935791
0.699741125106811523
0.329448074102401733
0.712689578533172607
0.673074662685394287
0.611995398998260498
0.693656980991363525
0.701412856578826904
0.692752659320831299
0.702188372611999512
0.445604711771011353
0.290196567773818970
0.354816615581512451
0.344611912965774536
0.660149395465850830
0.300853520631790161
0.344822406768798828
0.297362893819808960
0.678348660469055176
0.648779034614562988
0.297935813665390015
0.637841701507568359
0.574623048305511475
0.703745186328887939
0.305696308612823486
0.691331088542938232
0.695693492889404297
0.679107844829559326
0.711536288261413574
0.704917728900909424
0.704093754291534424
0.422758072614669800
0.591276466846466064
0.303237646818161011
0.290354877710342407
0.325229555368423462
0.695292949676513672
0.299703449010848999
0.705996215343475342
0.302154481410980225
0.300350934267044067
0.666864573955535889
0.706058025360107422
0.573594510555267334
0.693070173263549805
0.704730749130249023
0.294939666986465454
0.288456946611404419
0.713732361793518066
0.426449894905090332
0.712389886379241943
0.506453633308410645
0.337435692548751831
0.706626713275909424
0.288296610116958618
0.703624069690704346
0.551449954509735107
0.677119195461273193
0.638208210468292236
0.292828649282455444
0.307704508304595947
0.701327800750732422
0.712642729282379150
0.299975693225860596
0.322887748479843140
0.700245380401611328
0.451029717922210693
0.294881165027618408
0.289268136024475098
0.357753098011016846
0.694607496261596680
0.292997390031814575
0.713915169239044189
0.320747435092926025
0.298642218112945557
0.559154272079467773
0.708181560039520264
0.702248096466064453
0.396266758441925049
0.563628554344177246
0.707799196243286133
0.693506240844726562
0.309543997049331665
0.330020695924758911
0.291637957096099854
0.302861720323562622
0.329219341278076172
0.711059451103210449
0.291665554046630859
0.318194925785064697
0.711558103561401367
0.660879075527191162
0.459227651357650757
0.433804035186767578
0.515838742256164551
0.696530997753143311
0.698013365268707275
0.304613292217254639
0.689709961414337158
0.291444152593612671
0.676221728324890137
0.316452264785766602
0.706665098667144775
0.395699232816696167
0.290730446577072144
0.672361373901367188
0.365173459053039551
0.321832537651062012
0.291092991828918457
0.298785358667373657
0.700350821018218994
0.715182721614837646
0.309746325016021729
0.331860095262527466
0.309834986925125122
0.713711977005004883
0.287981241941452026
0.708492875099182129
0.311493784189224243
0.289538592100143433
0.296150833368301392
0.706307470798492432
0.710393726825714111
0.650949776172637939
0.341115325689315796
0.289295285940170288
0.697482705116271973
0.701306819915771484
0.699863374233245850
0.333819955587387085
0.309841632843017578
0.296196132898330688
0.293466567993164062
0.297918528318405151
0.297525972127914429
0.319886296987533569
0.713099777698516846
0.715058445930480957
0.292527943849563599
0.293722540140151978
0.692857325077056885
0.690653145313262939
0.425444215536117554
0.309598028659820557
0.372752040624618530
0.312534064054489136
0.291790127754211426
0.295354932546615601
0.347510010004043579
0.705073118209838867
0.307800769805908203
0.288839370012283325
0.685566484928131104
0.685760378837585449
0.672955036163330078
0.709780275821685791
0.363196879625320435
0.663807272911071777
0.389404654502868652
0.709106028079986572
0.505795538425445557
0.298222184181213379
0.713632524013519287
0.329447805881500244
0.292116612195968628
0.712733387947082520
0.709097087383270264
0.291529595851898193
0.295857757329940796
0.636426329612731934
0.596265256404876709
0.554154217243194580
0.333182930946350098
0.346555739641189575
0.292974501848220825
0.696284532546997070
0.389646530151367188
0.288696557283401489
0.702170789241790771
0.710306286811828613
0.693668544292449951
0.713053345680236816
0.711409270763397217
0.288585126399993896
0.694086968898773193
0.705434858798980713
0.297246843576431274
0.337375730276107788
0.705180346965789795
0.306973576545715332
0.693908751010894775
0.664095580577850342
0.295312106609344482
0.322929888963699341
0.301716119050979614
0.296917676925659180
0.706445217132568359
0.355151444673538208
0.622212171554565430
0.713137030601501465
0.667002141475677490
0.307598739862442017
0.358263641595840454
0.702709674835205078
0.708029031753540039
0.305644512176513672
0.295224487781524658
0.685966074466705322
0.684262037277221680
0.286475896835327148
0.291665673255920410
0.293574273586273193
0.683637976646423340
0.702731430530548096
0.697681605815887451
0.711718082427978516
0.296418279409408569
0.582009792327880859
0.696193099021911621
0.561215102672576904
0.315948843955993652
0.297208309173583984
0.709447085857391357
0.700582385063171387
0.690263330936431885
0.713279187679290771
0.306354612112045288
0.671141326427459717
0.690327286720275879
0.288544416427612305
0.678016424179077148
0.713322937488555908
0.349462032318115234
0.593929409980773926
0.714337766170501709
0.293370008468627930
0.300364404916763306
0.288790494203567505
0.707718312740325928
0.467332065105438232
0.286941170692443848
0.292031794786453247
0.412324637174606323
0.710970997810363770
0.291415423154830933
0.299704492092132568
0.295275956392288208
0.438047260046005249
0.684731364250183105
0.293104261159896851
0.712415993213653564
0.711093783378601074
0.707462131977081299
0.683329761028289795
0.288664788007736206
0.708147883415222168
0.287282377481460571
0.290622532367706299
0.664107918739318848
0.692510426044464111
0.310248494148254395
0.291069567203521729
0.708737850189208984
0.304664731025695801
0.491523057222366333
0.290442764759063721
0.300367087125778198
0.577164471149444580
0.705662250518798828
0.671336710453033447
0.333771884441375732
0.711466491222381592
0.308342307806015015
0.289260149002075195
0.305051177740097046
0.295121520757675171
0.714650571346282959
0.333152711391448975
0.680499613285064697
0.287327438592910767
0.304385036230087280
0.303964078426361084
0.690513253211975098
0.323360264301300049
0.695833981037139893
0.666611552238464355
0.380844265222549438
0.336364507675170898
0.708577394485473633
0.710386633872985840
0.291936904191970825
0.295700103044509888
0.515443503856658936
0.498411536216735840
0.704713106155395508
0.712613344192504883
0.704881012439727783
0.705662786960601807
0.301576435565948486
0.714059174060821533
0.302157789468765259
0.437652051448822021
0.712826073169708252
0.707016289234161377
0.532835543155670166
0.703185617923736572
0.307686805725097656
0.673163890838623047
0.295327842235565186
0.313001930713653564
0.691214025020599365
0.301683485507965088
0.711035609245300293
0.583657741546630859
0.711000502109527588
0.647515833377838135
0.714451193809509277
0.318062156438827515
0.288272202014923096
0.351903289556503296
0.667916238307952881
0.578963041305541992
0.316730827093124390
0.698223710060119629
0.712596237659454346
0.301279217004776001
0.290386289358139038
0.712504684925079346
0.690754830837249756
0.293311566114425659
0.294241070747375488
0.704565703868865967
0.708872199058532715
0.299938380718231201
0.366661846637725830
0.675214231014251709
0.664237976074218750
0.330669105052947998
0.709476470947265625
0.708334982395172119
0.593417406082153320
0.308013349771499634
0.691334903240203857
0.322942435741424561
0.401386708021163940
0.658437252044677734
0.311599403619766235
0.327280730009078979
0.292302161455154419
0.642678678035736084
0.321781843900680542
0.690899670124053955
0.296650648117065430
0.348458766937255859
0.682009339332580566
0.625758409500122070
0.685167193412780762
0.704639852046966553
0.313104122877120972
0.289008319377899170
0.713626325130462646
0.294536590576171875
0.701689600944519043
0.292137205600738525
0.297113358974456787
0.705553531646728516
0.683076441287994385
0.712311387062072754
0.292135000228881836
0.513149142265319824
0.615111351013183594
0.708748340606689453
0.689272403717041016
0.694170594215393066
0.317809790372848511
0.305733233690261841
0.612681984901428223
0.297724485397338867
0.709567964076995850
0.308395624160766602
0.306749224662780762
0.307997465133666992
0.293842554092407227
0.320861190557479858
0.707211077213287354
0.289062201976776123
0.577476799488067627
0.713081479072570801
0.702796101570129395
0.290477156639099121
0.628968119621276855
0.664312362670898438
0.352874934673309326
0.315488278865814209
0.641525208950042725
0.709632992744445801
0.409096866846084595
0.686207175254821777
0.372850060462951660
0.711205422878265381
0.298071622848510742
0.709482133388519287
0.549081087112426758
0.709543287754058838
0.298080623149871826
0.643015801906585693
0.706332623958587646
0.296024829149246216
0.333308488130569458
0.699193596839904785
0.321322351694107056
0.485638290643692017
0.712251126766204834
0.625565290451049805
0.616631090641021729
0.708843290805816650
0.705803692340850830
0.699970543384552002
0.709556102752685547
0.361552983522415161
0.523888289928436279
0.427293092012405396
0.304415702819824219
0.295832186937332153
0.694612324237823486
0.300700664520263672
0.703082859516143799
0.707645714282989502
0.712630033493041992
0.707916557788848877
0.295079112052917480
0.323070555925369263
0.364673495292663574
0.327383548021316528
0.327172815799713135
0.288078069686889648
0.363170474767684937
0.299790620803833008
0.693206310272216797
0.710623681545257568
0.689720392227172852
0.699616372585296631
0.696846127510070801
0.615138888359069824
0.641934156417846680
0.296398937702178955
0.711735308170318604
0.389934808015823364
0.692564666271209717
0.328077435493469238
0.535406351089477539
0.702455699443817139
0.699789404869079590
0.593106329441070557
0.604609310626983643
0.619363427162170410
0.707927703857421875
0.714695870876312256
0.300239384174346924
0.649484276771545410
0.300104856491088867
0.322514951229095459
0.293601274490356445
0.294679224491119385
0.290168792009353638
0.709559977054595947
0.290579944849014282
0.684237003326416016
0.560270726680755615
0.293271481990814209
0.510408520698547363
0.378185689449310303
0.685589671134948730
0.298961520195007324
0.659225404262542725
0.470961779356002808
0.600548386573791504
0.707418322563171387
0.307005196809768677
0.697728574275970459
0.692297816276550293
0.298234522342681885
0.675260066986083984
0.650905251502990723
0.411731183528900146
0.325032681226730347
0.710557937622070312
0.299033731222152710
0.674472630023956299
0.689837813377380371
0.656942844390869141
0.704515397548675537
0.295539885759353638
0.304915547370910645
0.343970924615859985
0.296959996223449707
0.711620151996612549
0.676970958709716797
0.608890473842620850
0.295245200395584106
0.317189633846282959
0.700303554534912109
0.292586684226989746
0.294079571962356567
0.695985078811645508
0.684904992580413818
0.713936269283294678
0.525549829006195068
0.530913710594177246
0.288870871067047119
0.298119574785232544
0.709555149078369141
0.290681481361389160
0.293796479701995850
0.332629621028900146
0.705016255378723145
0.374253660440444946
0.710661947727203369
0.708153545856475830
0.287924557924270630
