"313453_313457"
0.106810
0.080229
0.476438
0.936842
0.134004
0.936825
0.080496
0.085004
0.676922
0.937145
0.923305
0.936651
0.106457
0.867667
0.920234
0.082001
0.161786
0.936874
0.309894
0.080323
0.157811
0.080226
0.080190
0.848797
0.935900
0.936850
0.627016
0.103221
0.257328
0.080352
0.094790
0.923726
0.898828
0.149620
0.913464
0.168806
0.822254
0.924924
0.790881
0.879514
0.920971
0.935404
0.878682
0.936809
0.182818
0.935624
0.188456
0.935552
0.082568
0.248915
0.936888
0.266390
0.099517
0.861020
0.935490
0.086951
0.865916
0.301843
0.862513
0.082164
0.935464
0.080691
0.426755
0.695286
0.877909
0.097553
0.108985
0.864060
0.631813
0.748377
0.936072
0.124234
0.936889
0.874836
0.670517
0.081825
0.793953
0.236741
0.935471
0.085251
0.159091
0.856481
0.381381
0.940956
0.767110
0.736040
0.906807
0.885516
0.928132
0.933475
0.723435
0.103294
0.337146
0.081131
0.807307
0.084160
0.218495
0.135027
0.879554
0.421264
0.094159
0.710535
0.651496
0.929429
0.086792
0.881225
0.900258
0.855906
0.936505
0.900112
0.934046
0.766023
0.846684
0.182676
0.080479
0.127994
0.914075
0.081357
0.881925
0.080253
0.083367
0.934033
0.892547
0.221840
0.908918
0.927015
0.083254
0.080418
0.936817
0.692392
0.923353
0.626201
0.088047
0.929821
0.080254
0.930496
0.685720
0.929386
0.856511
0.080310
0.090992
0.867278
0.936274
0.207980
0.089917
0.827435
0.674157
0.080249
0.080220
0.116017
0.915742
0.080645
0.936896
0.080379
0.080287
0.734750
0.936283
0.903311
0.229225
0.526175
0.935474
0.936889
0.103222
0.102925
0.115807
0.081648
0.576235
0.936883
0.082378
0.141350
0.935096
0.641644
0.685511
0.239346
0.699006
0.723928
0.852205
0.081085
0.923678
0.087272
0.843801
0.153180
0.931225
0.657096
0.080413
0.713565
0.144470
0.080295
0.098285
0.098348
0.841883
0.935260
0.084917
0.187492
0.109107
0.928378
0.080358
0.934651
0.213513
0.080150
0.091472
0.924066
0.936887
0.679692
0.195199
0.080485
0.870853
0.888330
0.924523
0.100346
0.080193
0.081272
0.080339
0.080225
0.083016
0.080451
0.936878
0.936862
0.080434
0.080300
0.929844
0.935231
0.440843
0.080217
0.225730
0.140851
0.080222
0.080192
0.083684
0.915834
0.114248
0.113579
0.934665
0.663488
0.894062
0.934681
0.124820
0.809374
0.335842
0.933494
0.443309
0.081301
0.931599
0.166110
0.080197
0.878090
0.935493
0.171643
0.105061
0.843088
0.658321
0.772795
0.080903
0.147337
0.080457
0.887039
0.175074
0.080354
0.935464
0.934066
0.933457
0.936892
0.936884
0.080311
0.912160
0.921673
0.081473
0.122894
0.878067
0.080341
0.900549
0.731405
0.080460
0.211650
0.080172
0.100527
0.926821
0.118621
0.788795
0.936816
0.529721
0.086663
0.330555
0.915993
0.830275
0.093707
0.080378
0.917324
0.891244
0.082790
0.080168
0.080433
0.927557
0.887237
0.834494
0.935476
0.080378
0.219379
0.922619
0.572191
0.080283
0.122608
0.806561
0.920001
0.748353
0.935861
0.133695
0.791129
0.875021
0.080232
0.819506
0.936650
0.094513
0.361938
0.929672
0.095281
0.090073
0.080457
0.936840
0.240351
0.081026
0.080190
0.213651
0.935849
0.082687
0.080428
0.080262
0.145638
0.912261
0.249944
0.936622
0.935593
0.936890
0.920847
0.080496
0.926234
0.080138
0.080222
0.684635
0.918645
0.099492
0.112697
0.936238
0.080273
0.291414
0.159137
0.082593
0.517900
0.934946
0.837742
0.098772
0.935278
0.095364
0.082063
0.080259
0.080172
0.936845
0.238485
0.915319
0.080706
0.080996
0.103106
0.936561
0.281619
0.929706
0.785966
0.095053
0.223681
0.926163
0.935959
0.093812
0.080163
0.655595
0.098970
0.866006
0.936884
0.923325
0.936876
0.081733
0.909624
0.080213
0.821320
0.914570
0.934616
0.765079
0.806856
0.108798
0.928360
0.096570
0.222573
0.930617
0.109962
0.935514
0.875262
0.930510
0.851879
0.936889
0.188870
0.080341
0.121309
0.920212
0.699449
0.085455
0.920629
0.940742
0.081224
0.080527
0.936802
0.836511
0.085486
0.080341
0.935249
0.928017
0.080529
0.147182
0.903611
0.916822
0.190827
0.935444
0.926761
0.716210
0.121204
0.933347
0.100169
0.741357
0.831393
0.152046
0.087238
0.113181
0.605067
0.081980
0.893697
0.080746
0.107408
0.820224
0.862745
0.653547
0.914281
0.081178
0.080383
0.916737
0.120346
0.921399
0.080213
0.080183
0.932249
0.935471
0.926308
0.110306
0.216378
0.636682
0.893568
0.916240
0.872060
0.083800
0.087430
0.719266
0.080614
0.829488
0.090306
0.225872
0.080267
0.097343
0.081238
0.931464
0.080241
0.146897
0.930252
0.922466
0.080246
0.790474
0.857719
0.084554
0.135169
0.828177
0.936785
0.254755
0.880346
0.083817
0.936882
0.140821
0.936844
0.501326
0.936854
0.117591
0.739848
0.935424
0.091810
0.232653
0.810995
0.081628
0.670742
0.936863
0.702573
0.777071
0.936152
0.925978
0.936176
0.830624
0.139414
0.694825
0.456343
0.082489
0.080422
0.904795
0.300933
0.912705
0.856291
0.935839
0.927130
0.080253
0.085259
0.353310
0.104236
0.080438
0.080270
0.190399
0.083460
0.778027
0.935212
0.910263
0.930702
0.929587
0.869998
0.885993
0.087201
0.925687
0.186456
0.892085
0.080228
0.217944
0.912903
0.850469
0.752699
0.739770
0.841357
0.936641
0.931916
0.095884
0.795443
0.080246
0.094750
0.223328
0.082017
0.102673
0.936893
0.080215
0.914096
0.696306
0.080214
0.223353
0.081489
0.935183
0.082146
0.685121
0.119964
0.752702
0.929683
0.080344
0.931319
0.919851
0.081139
0.703945
0.916848
0.472903
0.118357
0.933748
0.128778
0.676120
0.601114
0.916452
0.923756
0.080231
0.083690
0.262479
0.080282
0.683097
0.827067
0.735388
0.093023
0.178660
0.882606
0.082334
0.080239
0.917367
0.934235
0.876780
0.144081
0.665334
0.080422
0.082786
0.936891
0.080940
0.085640
0.431564
0.923973
0.466459
0.935502
0.917689
0.080261
