"313453_313457"
0.170260
0.074047
0.471134
0.960473
0.204139
0.975756
0.092646
0.083003
0.855156
0.962598
0.862735
0.940358
0.105351
0.899934
0.739192
0.058716
0.411739
0.956250
0.352171
0.102450
0.294547
0.056727
0.050859
0.735128
0.952787
0.957875
0.817837
0.132042
0.215568
0.029277
0.051248
0.899566
0.965019
0.203637
0.848658
0.072243
0.688886
0.984522
0.806853
0.897377
0.745020
0.931758
0.677813
0.919879
0.359014
0.978880
0.144330
0.921669
0.114295
0.278872
0.969992
0.686758
0.369055
0.733190
0.909789
0.216260
0.847675
0.090753
0.789917
0.062249
0.955292
0.080191
0.291691
0.645302
0.925796
0.256813
0.067550
0.811807
0.596845
0.666863
0.910704
0.106771
0.965391
0.655519
0.705147
0.073719
0.814656
0.349356
0.979666
0.095592
0.176038
0.720798
0.348599
0.958141
0.912500
0.779225
0.714269
0.841228
0.836727
0.908116
0.415873
0.056273
0.360244
0.310209
0.803921
0.217770
0.263867
0.205527
0.809319
0.559730
0.017026
0.629587
0.609464
0.768386
0.063462
0.939741
0.797700
0.846744
0.977020
0.945986
0.913361
0.460435
0.726568
0.035058
0.078188
0.179034
0.904829
0.020795
0.864314
0.041321
0.026562
0.792508
0.854054
0.450022
0.795687
0.839691
0.122582
0.027164
0.940571
0.363112
0.967221
0.620695
0.097590
0.925202
0.027968
0.858174
0.622888
0.893229
0.710295
0.078833
0.151825
0.557053
0.954761
0.124864
0.160385
0.885026
0.586722
0.106163
0.089738
0.243317
0.652019
0.124921
0.966423
0.034870
0.056094
0.678405
0.935172
0.973418
0.585020
0.610029
0.872024
0.967373
0.329792
0.041556
0.024361
0.081539
0.558916
0.959238
0.149253
0.493449
0.837545
0.731039
0.659321
0.464379
0.450682
0.889797
0.869747
0.163009
0.786398
0.037411
0.816155
0.037220
0.946076
0.588050
0.031393
0.560840
0.378281
0.193406
0.074081
0.140860
0.886954
0.969454
0.067108
0.204488
0.303097
0.975273
0.085916
0.846959
0.098407
0.083055
0.191176
0.905633
0.929607
0.489805
0.178774
0.038386
0.634407
0.976728
0.846173
0.385964
0.150792
0.107840
0.070151
0.069621
0.013214
0.059962
0.962132
0.986516
0.015565
0.054331
0.884779
0.928495
0.538183
0.071372
0.299743
0.360805
0.041788
0.112065
0.279267
0.918938
0.208217
0.168262
0.893375
0.823330
0.898773
0.900020
0.210795
0.598599
0.439995
0.919239
0.438419
0.097609
0.933888
0.308193
0.071937
0.966090
0.890007
0.048990
0.194500
0.679359
0.547597
0.571304
0.096678
0.396652
0.042733
0.977246
0.402979
0.059238
0.850678
0.756601
0.889090
0.895562
0.969254
0.212131
0.952549
0.892052
0.082781
0.157293
0.960067
0.034679
0.782044
0.627481
0.048123
0.382550
0.131513
0.187292
0.891743
0.198367
0.907246
0.964237
0.328071
0.209090
0.204977
0.841212
0.941530
0.192666
0.113606
0.778744
0.839034
0.050574
0.096715
0.142434
0.944695
0.988162
0.959387
0.903286
0.078592
0.477397
0.751522
0.521376
0.064180
0.137723
0.928367
0.830903
0.844954
0.981164
0.303397
0.827265
0.763425
0.093158
0.706978
0.941240
0.153772
0.468370
0.975967
0.050605
0.324944
0.041565
0.959774
0.369093
0.023666
0.098355
0.474959
0.920885
0.085721
0.086765
0.037865
0.249140
0.934890
0.239228
0.984247
0.902593
0.970820
0.872348
0.042548
0.967415
0.071159
0.040637
0.338914
0.884807
0.103364
0.050373
0.977147
0.141317
0.335910
0.089334
0.160014
0.546535
0.980893
0.664415
0.084283
0.962633
0.196668
0.164027
0.057694
0.042888
0.963507
0.196328
0.908423
0.030528
0.068061
0.078753
0.843579
0.641537
0.854410
0.738460
0.129813
0.232612
0.938196
0.977739
0.244810
0.070419
0.645956
0.358743
0.892604
0.918881
0.763791
0.955953
0.049015
0.981202
0.153863
0.493122
0.882066
0.938809
0.643728
0.886035
0.069480
0.936260
0.094746
0.165794
0.828774
0.229513
0.880157
0.311009
0.948894
0.698888
0.963587
0.298452
0.091521
0.378071
0.946900
0.691686
0.343925
0.853908
0.945132
0.118522
0.144116
0.978727
0.768269
0.127233
0.064527
0.923315
0.879247
0.098802
0.319521
0.913828
0.883815
0.404819
0.894256
0.937479
0.522948
0.167521
0.921597
0.158790
0.503311
0.829847
0.079297
0.179786
0.246707
0.622618
0.155153
0.826909
0.093684
0.146039
0.704998
0.710266
0.773968
0.921307
0.143270
0.048065
0.948629
0.248948
0.853877
0.043460
0.158328
0.941103
0.913037
0.979924
0.280086
0.395753
0.853271
0.772227
0.860563
0.794955
0.127556
0.159253
0.494700
0.087694
0.923830
0.180337
0.334465
0.059288
0.060832
0.156024
0.928726
0.116720
0.486118
0.905874
0.791859
0.161651
0.617686
0.860556
0.218268
0.035186
0.750167
0.979207
0.251837
0.813234
0.099234
0.962937
0.248574
0.988706
0.257494
0.926127
0.209694
0.876548
0.895094
0.158612
0.176022
0.928663
0.103371
0.732154
0.953025
0.867091
0.577184
0.922297
0.843485
0.949482
0.961403
0.365981
0.595120
0.516395
0.107937
0.089951
0.832847
0.352248
0.777457
0.826221
0.848801
0.952748
0.076897
0.416116
0.412621
0.452095
0.077121
0.057064
0.435919
0.016953
0.690795
0.833219
0.903968
0.964049
0.907722
0.691172
0.886976
0.073132
0.990052
0.229864
0.784708
0.230816
0.433568
0.886026
0.833624
0.738135
0.655986
0.814622
0.968993
0.983715
0.097324
0.591867
0.095326
0.237201
0.207002
0.124466
0.028683
0.949176
0.090537
0.877235
0.827642
0.064798
0.333674
0.123124
0.854911
0.104135
0.805082
0.307098
0.826957
0.924068
0.084068
0.912025
0.852211
0.180798
0.905137
0.852253
0.395887
0.436055
0.948904
0.108501
0.558142
0.759473
0.721550
0.832621
0.067058
0.098391
0.365036
0.058585
0.933447
0.616245
0.671161
0.138928
0.243813
0.971875
0.149997
0.075881
0.866489
0.966387
0.957004
0.387488
0.711332
0.030006
0.134709
0.961682
0.086590
0.315607
0.424127
0.853477
0.444175
0.942284
0.893420
0.036601
