"313555"
0.054896013816186605
0.18898677639439765
0.07222261109074476
0.9999197494894168
0.08459824142019147
0.008458280821288978
0.17999383439110805
0.0019233890390777523
0.056352843192442624
0.9999134609681
0.9971997156440007
0.9970052054113808
0.8478586901224687
0.9469981978772082
0.9910819587565045
0.10851858920617112
0.006485486659019556
0.9890218308648472
0.9327474377710232
0.14661954736023763
0.7174101478347928
0.00028808527717886167
0.007088384994863558
0.9995818757658854
0.9946584331017331
0.9992445255522859
0.20156999548877533
0.0003640476005933261
0.13253004256360779
0.005236901407828757
0.0006356236452748756
0.9999579426365065
0.9989995300671207
0.05665831776540895
0.9995784161569055
0.025584572121343158
0.7656547189401052
0.9699935931790994
0.9975527230830052
0.9845122998312227
0.9399500705422914
0.9924863236981348
0.9830835727071727
0.9705482388266343
0.785524308143458
0.9998747291264843
0.06781251262129956
0.999871316878531
0.033026429004930226
0.007970504591226396
0.9633629955509851
0.04864116926894679
0.4814778199303055
0.9998029443421599
0.9361919839300298
0.0027220646716141906
0.8683087862767773
0.02912253570184928
0.31484311709222207
0.002000809860602783
0.9984378042684037
0.00853503251961012
0.25248613478871673
0.8934626065085226
0.9998296585973688
0.7837798503616716
0.0141873533214124
0.029921000856077146
0.6721570157663009
0.9760904566873505
0.8143201641896829
0.0004926954014783445
0.9789482139456559
0.999983839953732
0.9515355932106448
0.08328443532375152
0.9491214388517921
0.0005015298560844859
0.999974675379833
0.13800453596754914
0.32398089154435705
0.5039036770330958
0.042657103723116166
0.698678332386407
0.8681806097339284
0.20983175472419213
0.05961471369457658
0.9634610880104482
0.9939419761004594
0.9968509410321998
0.8795923670338862
0.0037082946020160195
0.44551017943921833
0.6337025039289098
0.9847644108253077
0.6238537371605725
0.0008350154356747499
0.0014574265461713305
0.9942952188653479
0.9990599879489052
0.0056300277208898575
0.9804564142537878
0.9912245950862458
0.9482338040014396
3.6972430630354486e-05
0.8688395330880547
0.9993437951277558
0.909810119658561
0.9966535944145083
0.7807501534854768
0.9997428738191186
0.2863074252640997
0.9967129023113395
0.5583947127164665
0.000713463601560176
0.00040934494508900333
0.9998000811675548
0.0025017281231471526
0.9941656442772199
0.0002141918145665418
0.0022899225998499824
0.051099219935365495
0.9978110677094433
0.8686667876717201
0.9861226247122558
0.6745408850256666
0.02916710317826158
0.0006552639784769001
0.9350973756163627
0.043050828934908546
0.9303622218886994
0.13867451762704658
0.0349838336345472
0.93474117939979
0.002555538641740819
0.7993268821728354
0.7319392904278983
0.30062772020595935
0.9961388198840947
7.811760045490385e-06
0.9264726318147571
0.48125065899542796
0.9992389065092393
0.040321834363308336
0.9619032632628551
0.9731963538380085
0.7963838842305997
0.95034437443212
0.000997559565890241
0.8166915880750576
0.8179849591344517
0.00020375849404772703
0.9936113701999263
0.007215653218559184
0.00022850681367441038
0.9372676076734854
0.9993060287017994
0.8264876942591208
0.012725131119113706
0.7437835503898944
0.9939779584226719
0.9995861264845483
0.5704108613666962
0.002033275301774155
6.92079550564629e-05
0.07273641472759067
0.025597140120403726
0.9099377637359117
0.9241584989324626
0.5176266091858897
0.9999248368324319
0.9327563506825807
0.047980934424426386
0.35640795738117065
0.7671659559300893
0.9813635846729074
0.9883229269219383
0.023513084280981006
0.837918347233669
0.014549577099678003
0.7539042286815236
0.008754833819325037
0.9975442738784223
0.14555618781062207
0.0005142876219286041
0.7817013271757118
0.3560540607286064
0.07783085985180022
4.69412436259006e-05
0.19995162735355618
0.9973861630499025
0.988603497221691
0.12533135080886093
0.21981058515530277
0.33148946417899516
0.999497792836717
0.21916798650116792
0.9963633151192903
0.0008617313132674334
0.15188453479172928
0.016535388054555733
0.9815672313513746
0.9765314745657985
0.5314512018979427
0.07443538018921309
0.01050019947148968
0.8194778444390045
0.9951389768327199
0.990724017232099
0.004930266040025339
0.0004611724761313467
0.044861318310044807
0.0005729990163393959
9.56256104659834e-05
0.0004219795231425376
0.0337950872477957
0.9616417919038068
0.9974981865945716
0.06269136591614212
0.05866087198901769
0.8070888694029149
0.8879054165302468
0.9694894367044098
0.006406965235613407
0.33555326177708783
0.8673721548989775
0.0031444830206046387
0.008816628930600886
0.07477028615849764
0.9875171028830872
0.006291284682058562
0.7644615966955737
0.9947297713992307
0.2042299768585008
0.922858785290138
0.9999913188263901
0.00041052590645871876
0.8871224023144453
0.6028912299676906
0.9211879785386313
0.9227530416780142
0.05514561775294533
0.9918226738169482
0.0013769466850822357
0.005012496757302813
0.9999895801996173
0.9996655692420877
0.12833618263276622
0.25740472450128393
0.04057578175058003
0.9833641743152913
0.624614016998497
0.012451881549938938
0.057325007220873136
0.0009534806635194514
0.986960487275007
0.14482719139037556
0.004483690057723482
0.9156608635295965
0.8395139332605183
0.9987260659401517
0.9989885426432594
0.16957251626145203
0.2063136285161985
0.17514191518705322
0.9973608526391841
0.0902429522658052
0.8947638313871448
0.9828582303744364
0.014919096824534397
0.8708970239324835
0.1503819344192173
0.07844875910032278
0.01875435139313621
2.988538173669894e-05
0.0015418677663289416
0.8115591858116868
0.003354814533584776
0.775941108298781
0.9996666289251
0.9883877512094472
0.0010509833890952644
0.014143412064631787
0.9991182705431642
0.9956821052019698
0.5868550012075722
0.6296388570985512
0.999170416593037
0.9992735239611528
0.024825719470198886
0.8590737919168205
0.17348915945541746
0.9919711820539816
0.9946001856908715
0.8168985987807591
0.9901349357249604
0.015813536415941975
0.8812902931378502
0.9996680239817125
0.8350143284974436
0.11390497947997771
0.01063427175114677
0.9999375118194955
0.9995332020560909
0.9987950975257148
0.9998542317404564
0.9991845309598416
0.9706888118250803
0.9691477997374426
0.02881551502111868
0.9877703996733459
0.9199445479994572
0.0007952567055690635
0.998813899884095
0.9779781370962255
0.025862327660633143
0.8274832581089058
0.043730505987800684
0.7248102743397136
0.3000914956337693
0.00022850544736766746
0.004493210183186015
0.1277535094545117
0.9773940329521003
0.029847095755602623
0.8040230180696155
0.002648846156262443
0.09080414917487559
0.9774371082876935
0.00027372080264202465
0.9996504007239884
0.9924472428950998
0.9983269803082109
0.8148896543411639
5.869091510137777e-05
0.9998312227652036
0.004293226190749206
0.016326115869200426
0.1773752927782323
0.725099141471492
0.02470597784864357
0.013102251885385623
0.9970953117172876
0.04170638609560874
0.9743191613114849
0.05336069305622992
0.8829384564814691
0.004464930141340031
0.9991559684118239
0.0028368522291783035
0.025729811345657348
0.97759883361889
0.1462667692989611
0.0091780296415689
0.0014850367897588888
0.01438449435731221
0.9857868886334075
0.0002942693297947715
0.9998491997189094
0.010675477409816095
0.10337639410888623
0.06925814481287505
0.9730672765634814
0.5446714616695589
0.9987735325414983
0.6007040794981175
0.001814155829971167
0.7257757787404127
0.998302600851389
0.9996628689718867
0.06187097939604139
2.5237322021317536e-05
0.013555918631122888
0.6283406865024859
0.19608845874492642
0.9587083330705447
0.9923524755106196
0.9501188185433599
0.023978724999820226
0.99786393130122
0.0710337458444315
0.1258042310075064
0.8955448341229513
0.9924505977556466
0.10194073479516318
0.9394607115435868
0.0009931941979036299
0.5350599355418446
0.747213106597909
0.29687810889999894
0.998853151320426
0.22622696570481884
0.9881353754656207
0.10545886094095092
0.998965750953977
0.9965748166733827
0.9839318824240805
0.000730814330679652
0.00018302574556796874
0.3849502421392828
0.9990037711976265
0.11826647477212333
0.3095692863232505
0.999873742517662
0.9991807812402849
0.004556257036454577
0.0075517956409725945
0.9997572213314918
0.5284007264700936
0.019368029940213683
0.9804940172881893
0.9981300205906096
0.997434030547835
0.002433793847028387
0.9865900785906312
0.5707390298266733
0.7651488233033726
0.00010586757883063396
0.9970659508548099
0.9979244348530527
0.7739311584654293
0.41330405425188793
0.26195176842761897
0.00022884946943351812
0.3687464143026912
0.9312203821412671
0.12317838856814445
0.510591294454832
0.7927146898955253
0.11828240553930136
0.6671371857450342
0.9994128269603921
0.004983031913639832
0.0006104930699440392
0.41564421400708607
0.5464358918706084
0.3271387511434704
0.8897097825613073
4.31525320343882e-05
7.9803280354284e-05
0.9981327707991632
0.010919040107080068
0.9528406014082069
0.00040846623132160864
0.000315133203265562
0.9992616419861479
0.9942498013638731
0.881050417233936
0.013049879954029729
0.1322792177063431
0.14219359614073668
0.9663801226173443
0.9906757144390397
0.5194201689476473
0.06283701384487239
0.011171358859023714
0.7947140902106796
0.07377585314521169
0.9999635946860477
0.16834408263636705
0.05080819502204614
0.08515588131301394
0.00016705604128848257
0.04981124749215047
0.7270622467902456
0.4140331694292224
0.9939988831525234
0.9994072071220418
0.994450734830823
0.042723974071043294
0.05146230900009918
0.4761801053176532
0.000888898067447905
0.01361501633543499
0.8376540158129157
0.05698597415291882
0.2243538837885582
0.9995156637387181
0.8320771773996428
0.9999121383507239
0.00014229976752370318
0.8851456062007025
0.5105849137008213
0.6229721740207302
0.43076710161152076
0.9803136526932065
0.9972524691974524
0.004247720785340457
0.25371387846574955
0.5504124996145404
0.07310536650624837
0.9087391017172826
0.978868805962974
0.33723968189178233
0.3597309094945205
0.9742235446178438
0.9996962990990346
0.8819466691784414
0.6462825294765678
0.1883146489736711
0.8368522797754486
0.3531954433110611
1.661575986550852e-06
0.0038341236956137698
0.08918250893379807
0.0004492866407930176
0.9984845322300339
0.9759079808253914
0.9983590491265315
0.8468942387427838
0.028912456985195862
0.01432239479133216
0.7339373257398412
0.03383068292292188
0.09774544766515018
0.1999929558160445
0.057370675779716454
0.1896079058204779
0.9992054894971327
0.9664381500520728
0.4778327372706213
0.9920552937495125
0.7931305828800501
0.31347654837843886
0.2307298388054664
0.005825325009681552
0.9823936784430441
0.7997881462131855
0.7866217502831412
0.008407807809421033
0.8689613279758164
0.994458579800184
0.9995071948002482
0.7719999047189321
0.03996671153880655
0.9387052340216403
0.9983162987598899
0.9993880279102536
0.9699262130174195
0.46429709524265034
0.023168787566806834
0.8195805546075962
0.02886901857397526
0.009887985409511604
0.00841162901520054
0.9979442222678606
0.04883774747722753
0.929243001294989
0.6519822316154176
0.18722733981457831
0.1401041604552589
0.44713993882279685
0.9999006880182251
0.07396159921715431
0.011155871243837687
0.99604338076922
0.4584934125070905
0.9990781414234855
0.09455794263135305
0.9867877142442897
0.9274483084512454
0.004698191352900571
0.9302947238230844
0.8996678537459767
0.8222894117272864
0.2611507424548231
0.9997846901737727
0.03900183945540688
0.7388063198802878
0.9952183582516604
0.9945116844782221
0.3689998233389707
0.0057457292249470625
0.0490859343032301
0.2546935524918612
0.004746147024456233
0.9999840408504936
0.9704210060955969
0.6950294077350337
0.2828929430581694
0.01217418021428908
0.14866237236724394
0.080021481552964
0.031920626021318885
0.9976522822872005
0.8893846027369103
0.8478068644037811
0.7172985328535509
0.8909906426241929
2.565180562473756e-05
0.0005621125316844555
0.9983805978053117
0.012791661731535404
0.19367615722162623
0.0011456487900160918
0.7853068357971741
0.008852372797621801
0.9928396168648697
0.9569131667900279
0.015598577388455515
