"313555"
0.23640502871836666
0.13675597863756328
0.5389649523427784
0.8768037782590445
0.2693028935035761
0.9204414898414787
0.2065332315091843
0.17750147686258955
0.48920998729573745
0.873238448544835
0.806228001711148
0.8658659763422984
0.2230438926838181
0.7483306797172016
0.780944112835971
0.11823843679205594
0.3266578760501025
0.9401364476689148
0.44385258893105584
0.11816864175100333
0.40826904184852847
0.21189460968826607
0.09870218178168302
0.6723410367071919
0.7112959147979471
0.8850634522621915
0.40626457523313686
0.3971048039819365
0.42919446379899573
0.07537515541280818
0.12993610829198612
0.6274118914237937
0.7838143146527224
0.4908824192584405
0.709349424690397
0.28968516953123785
0.6409492842154002
0.9370292856485436
0.6986465878305106
0.8446972579265107
0.6806413893698747
0.8811650467167143
0.6964172592848396
0.7667360272057046
0.41977633036655
0.9262191817654419
0.13143093976269532
0.7951030080155447
0.21476573035811478
0.3405132604327182
0.9029257557555463
0.5386379302450768
0.4408567100066922
0.6640818213264699
0.8032446263906757
0.13851712490399215
0.864267617740919
0.24694950113083577
0.5909924221493901
0.11701283678034687
0.8771489500979032
0.21746262315305742
0.4723322019154022
0.45270953541112297
0.7692674906846775
0.5097089926342533
0.2575832961473246
0.7039429396859763
0.45814331811263653
0.7943356815642477
0.8248414871477812
0.231722090419611
0.9166101216241684
0.8190343603840048
0.688876202393922
0.19738944955411653
0.7954270979665143
0.3904093805539556
0.8764542532691257
0.2289788398379964
0.45165665585068565
0.8015092624486868
0.35542499087219354
0.9483230113786826
0.6822179507418457
0.5325094428857376
0.5942698427516152
0.7472284051769492
0.6737194169238656
0.7664787872195914
0.4835772250884184
0.1572354552886221
0.3452487598321888
0.21420581632254343
0.7749746759938344
0.23920222951904757
0.4138903933193187
0.30719831225085326
0.802808731003441
0.5773894399295452
0.1620043116853806
0.4947544727790794
0.5569365859646969
0.8076828846724271
0.3015540221792188
0.707125440477103
0.6616715216225079
0.7234515891268658
0.9258453853455976
0.7960690584462385
0.6794404032355144
0.45227209135505053
0.6324122455779234
0.14771376733337782
0.09653298571022839
0.22741175957502133
0.8298862798875759
0.24043350303247976
0.5692344368782942
0.1255231850597588
0.1716693804894028
0.7520428847245157
0.8471474865482304
0.5316140353542561
0.6469864316258365
0.8423337306423122
0.2678144441361189
0.09981846565907738
0.9010163797886254
0.46940691392007344
0.8542694610624127
0.5268755304282856
0.25984576886263333
0.8382201687569087
0.10106211426297713
0.78304715157802
0.6330450016300607
0.797756220864265
0.6848572879971044
0.1555137929336862
0.331341426269719
0.754674397060739
0.9240311984091553
0.2274919727157951
0.288632216946449
0.7870439061407839
0.5675899128017028
0.16979471561711773
0.1381875779178341
0.36707100523210867
0.7581108340099721
0.13897553353056116
0.8667142572376316
0.17974371643873957
0.22025955578299278
0.5969539973225015
0.9370443319862308
0.8020917332918337
0.3527160271687864
0.6300084908662338
0.7763669887539854
0.8963608464035621
0.5814181798761623
0.11843643154893772
0.10492788535411574
0.30135159625685065
0.4917329976376148
0.9397184849296439
0.2245005536781558
0.3781408397942017
0.8698853531701265
0.6634012712445417
0.5156996414815874
0.49324895224366166
0.33788424420045626
0.8253344299997022
0.6985177967570926
0.1769567515269785
0.8336793580158349
0.13383878281939682
0.6736701619950829
0.4724826537511213
0.7654713906746734
0.557505609434503
0.11696631902319557
0.5009561901064413
0.3766241136970081
0.24219727717953343
0.17081522851744022
0.1721684069911122
0.580634890837829
0.9167338339368186
0.13250852597772192
0.3224658382125096
0.16001947461911176
0.8736902787578926
0.16368920190176434
0.783890583135677
0.23678421321885373
0.16975924069424725
0.16304471742060928
0.867634945249393
0.8474748584879538
0.771330584017779
0.1989187531727837
0.07391921770512329
0.6826044088872024
0.8960054723580742
0.7560777977152567
0.2544939647816546
0.13764132969689288
0.2391083925591064
0.207962868905776
0.17567885557004911
0.11043935211664697
0.24437896425838695
0.9247671062157427
0.9439125206950841
0.07922270999910028
0.21997739844301153
0.7246574226302943
0.7876862840709775
0.46229314515301073
0.16842434270542156
0.40923800626303847
0.37680669006280704
0.16181306099405654
0.18591723789402695
0.2600336703124369
0.8077213642130612
0.34172516512789114
0.14115065341827904
0.7357153656909903
0.451120885115416
0.664770260030827
0.852453084119187
0.2716042272128627
0.525534343927924
0.37566575697719246
0.8408312427758284
0.5004910818539611
0.25710507212073014
0.9192483531557999
0.3444656365472063
0.17072532019989195
0.8877991294486569
0.8253437103156724
0.19833779825391007
0.24082519651331655
0.7494373307769792
0.6208444805126464
0.5258165717922162
0.2713146144992165
0.2684693989852111
0.14744186858102143
0.8473663509347947
0.4037172954674865
0.12880604323483494
0.7511043547944489
0.8970573263117019
0.815704202061137
0.9328286245873367
0.9311608135586282
0.17836987865223472
0.8758969822798728
0.827700708562692
0.2493341147957459
0.3420174003889262
0.8452477019760712
0.08357101753778565
0.6796353940747736
0.6108553231358185
0.07305824295650896
0.30341364643957935
0.14190420507996646
0.4101774459898669
0.7725775670149724
0.3415661905238612
0.6094944477404823
0.904720540188247
0.4951074269479365
0.24372091576859442
0.35666467199961
0.8115587222334993
0.9111880397383648
0.2754503550016523
0.2640686472559046
0.5863574064882396
0.7057269473900736
0.205237314292263
0.18929759230342377
0.1919695359118819
0.7468828842139639
0.8923210476782192
0.8504599152365958
0.8839834937739122
0.23209168548846135
0.7509721390596364
0.7687526924539896
0.457811253628501
0.15141121217209594
0.21506026180495358
0.8786698475799108
0.7729969489532045
0.6152791407296785
0.941608880818393
0.373546193864472
0.5961491411092791
0.7254223011691838
0.20552017428349348
0.6035552833992905
0.8743122792921396
0.37166617979180677
0.5272877156281189
0.9312398220439165
0.19008700533369877
0.34004180600051065
0.1105067211803428
0.883909231493777
0.37273303633569127
0.08822049501901634
0.11416399275788244
0.5464847375452719
0.8886631382674984
0.24916989500774583
0.1701582422002501
0.1714593168981203
0.39619865768504703
0.7695437630285356
0.25403651507905334
0.9522047915654371
0.8960506571294498
0.9137916874566171
0.8304980388252475
0.10782218133076844
0.8486747819340791
0.09794329032530426
0.09614470996795658
0.6112003554611831
0.8005018928643516
0.27994055367793413
0.07907001751722434
0.9361758476360933
0.275380306562732
0.5624788269818075
0.13480232915747342
0.15271977579616963
0.5291959076558796
0.8482073742112091
0.6358617930458942
0.3075395468347317
0.9192909726214857
0.3337106386142776
0.1299419666921974
0.1430179157910976
0.13693600842534612
0.949775275667116
0.3223020820389081
0.8155378683432299
0.06721390055019902
0.1999460309163014
0.21067756049323602
0.6823413514886405
0.38385946084383177
0.8147169776539694
0.6124788906178626
0.2682109637381354
0.297885403516683
0.8302788540965568
0.9236264719211212
0.15080069241464653
0.13781232245410058
0.46087008259309453
0.3597759614238365
0.6250676761953297
0.8898713506918299
0.8663456478607031
0.8388911157384978
0.1897475671720975
0.9450144349681634
0.14112867559139594
0.7121986510261628
0.8341762494850626
0.8715536967862113
0.5816609280340814
0.7912277821735235
0.30211872180713123
0.7155702613085411
0.2845037904628286
0.2545130167003333
0.7749258784402197
0.32987675181068643
0.7957841951688241
0.7207639202854551
0.8606181287525462
0.6783308878893284
0.9046151018858903
0.5132541568632781
0.14049975765851427
0.26256613656613825
0.6628012286003477
0.4221566454656294
0.3203517408485018
0.7052743478413726
0.9401428407529037
0.27860027718719566
0.230716946325628
0.9409128322734133
0.6505429229332633
0.2610000786344193
0.1616680669640546
0.8960435201810841
0.8107626435198877
0.18619268603444222
0.3440883896265087
0.6630779379216754
0.7105893147963801
0.36398672988037367
0.8290653482234142
0.7058530652663042
0.4478759049529073
0.2802141659231947
0.7011778662828272
0.3129798627936086
0.37776671169347853
0.7464885655863716
0.2521862337842336
0.4377292059245398
0.417527156130081
0.5008222687393276
0.23929368671208548
0.8347301304527248
0.2645092976179992
0.18997961054517817
0.7102693998245616
0.5741349048495974
0.5867622987065133
0.8195167831174274
0.2520758276976027
0.14331990490173854
0.8910950647173794
0.341941944250811
0.8208348997126275
0.09021445917650364
0.11169882631318574
0.820348580044487
0.7767932234456194
0.8418913459040602
0.23458164580227756
0.49463588954721555
0.6546223792328946
0.8334154278793078
0.8303038445943428
0.7312862166360974
0.1965228293986875
0.15683563345372667
0.5905338324857826
0.260034242804796
0.7472153813245697
0.3107422548710783
0.40841588204040297
0.18271546554998966
0.1126084964208778
0.33759448967414357
0.8321164909430823
0.16561978007302133
0.49499242581917946
0.9007103425623232
0.7357686971411505
0.14567608057759332
0.5501524459866883
0.5550629952449725
0.3237066124845576
0.25255662891703123
0.6333422498925997
0.8465195198932274
0.47284881343946633
0.6599879459398044
0.37163690070907307
0.8653222582299324
0.25749483159029096
0.9339779477308812
0.6297148958588262
0.9290454617567369
0.39587153103903466
0.6437296315575814
0.7740274316881991
0.17923184082579394
0.3519976399485006
0.6658050428679029
0.25062865201540957
0.5411639697260158
0.9028749839721413
0.6652092182693503
0.5253794427245663
0.8242258038169559
0.8230071664631702
0.8558953129578183
0.9042340712589862
0.490705262596929
0.3732814028697163
0.5217142266061963
0.2028518805640077
0.10677434076550857
0.7619525794562977
0.311440959034859
0.7424478573718698
0.827099573514579
0.8781365525646355
0.832015736402652
0.14617126093090055
0.3055361947931343
0.44275760186260466
0.35302241332610174
0.2474166986619775
0.1028550567934324
0.390694480491339
0.15545619459810797
0.5503047202614326
0.8177833990999507
0.7803774294139155
0.7652092433867113
0.6988508452134932
0.5858448587577372
0.788344108080275
0.1495032906382888
0.8586865851044428
0.35345817815021635
0.6643856273052805
0.21788031170822938
0.6183896754127224
0.8398897326593673
0.7164528752878396
0.5596019356872477
0.5041080417048822
0.61938683367861
0.8333321757520107
0.9373258603758905
0.21311556945951485
0.6606770340984146
0.19119488869685886
0.3419711764956739
0.29071084810395614
0.22125295483412824
0.10942450452077766
0.870225290443859
0.17595550538421018
0.579557348370093
0.5015520795450361
0.12627791577835704
0.5361728208267874
0.3625094633240302
0.6471047281081419
0.22935139791473375
0.7498386334084446
0.43656979771869014
0.4432876666917409
0.8620892129355131
0.1457073853560589
0.7534625078662069
0.6991033957592145
0.3489531210358309
0.5595478990772471
0.737411983825081
0.41802089440963114
0.33667696597054153
0.818320882377391
0.1835174633646201
0.5079139617616011
0.7433783687414635
0.6836880104355505
0.7626116591902408
0.2464592150569618
0.20348903458787107
0.5263262453166182
0.20387136628264763
0.7575013150232726
0.7452575868802511
0.5498888042529022
0.1845412608297075
0.4757710251089138
0.8651153582453587
0.22418360693642628
0.203743644537133
0.6470066884409651
0.7227697456593755
0.8315810221092742
0.41282902253575543
0.43290297119578003
0.09696769896156343
0.16795502156080727
0.9038983127819524
0.29320476321469696
0.19901679490216723
0.30491094182244094
0.8444898530474437
0.4299940114528181
0.8977725063751194
0.862522669036661
0.10327471395352984
