"313393 313440"
0.3668546676635742
0.05501699447631836
0.39431095123291016
0.940702497959137
0.3010846972465515
0.986782431602478
0.2033097743988037
0.07417362928390503
0.7733581066131592
0.9686245918273926
0.9263367652893066
0.907986044883728
0.15667212009429932
0.8130502700805664
0.7928047776222229
0.06616145372390747
0.19971439242362976
0.9852007031440735
0.42270344495773315
0.04132679104804993
0.4494408369064331
0.09313159435987473
0.09167289733886719
0.7848777770996094
0.8587252497673035
0.9546055197715759
0.5588146448135376
0.3386256694793701
0.5545423626899719
0.041818395256996155
0.20366358757019043
0.6374979019165039
0.907262921333313
0.3162669837474823
0.9478408694267273
0.14951655268669128
0.7318366169929504
0.9632225036621094
0.7976828217506409
0.7914059162139893
0.5399739742279053
0.9501495361328125
0.844939112663269
0.9113510847091675
0.41328537464141846
0.945570707321167
0.08519291877746582
0.8537812232971191
0.07901425659656525
0.4403616189956665
0.9495638608932495
0.5826416015625
0.43709760904312134
0.7008481025695801
0.9186070561408997
0.09800224006175995
0.9036250114440918
0.1703503429889679
0.6267865896224976
0.03178729861974716
0.9430947303771973
0.12179924547672272
0.4074055850505829
0.6377902030944824
0.8447425365447998
0.2998403310775757
0.08136981725692749
0.5706090927124023
0.6348580121994019
0.8026934862136841
0.9116209745407104
0.176351860165596
0.9136546850204468
0.7570475339889526
0.7478580474853516
0.10073667019605637
0.755335807800293
0.25262707471847534
0.9532954692840576
0.1624341607093811
0.14170506596565247
0.7102113962173462
0.3461741805076599
0.9533903002738953
0.851685643196106
0.7721349000930786
0.7772965431213379
0.6714547872543335
0.6590152978897095
0.8596095442771912
0.4289970397949219
0.032418202608823776
0.3357229232788086
0.3601658344268799
0.7248985767364502
0.20128095149993896
0.38740408420562744
0.23486927151679993
0.8250576853752136
0.5082730650901794
0.05134449154138565
0.6048356890678406
0.41035282611846924
0.9132941961288452
0.06819210946559906
0.7292282581329346
0.6665483117103577
0.562938928604126
0.9800441265106201
0.8823522925376892
0.8919278979301453
0.6648123264312744
0.7447238564491272
0.09148957580327988
0.11006125807762146
0.1577576994895935
0.7871410846710205
0.1423642784357071
0.8711003661155701
0.042667753994464874
0.062489546835422516
0.8024387359619141
0.9153919816017151
0.34449055790901184
0.8202701807022095
0.7720216512680054
0.1441168189048767
0.05759429186582565
0.9129391312599182
0.4064525365829468
0.9175252914428711
0.3077034056186676
0.20504312217235565
0.9527384638786316
0.05066189914941788
0.8692641258239746
0.7735166549682617
0.8754988312721252
0.6279144883155823
0.08068978786468506
0.16764920949935913
0.6641015410423279
0.9320866465568542
0.313471257686615
0.17284289002418518
0.8205351233482361
0.5527352690696716
0.15619981288909912
0.07625477015972137
0.2689409852027893
0.8392341136932373
0.05396164208650589
0.9744712114334106
0.11461188644170761
0.15560144186019897
0.39552706480026245
0.8948521614074707
0.8311237096786499
0.40744614601135254
0.5981654524803162
0.88625168800354
0.9344631433486938
0.4576627314090729
0.04717296361923218
0.041875727474689484
0.08636492490768433
0.48288509249687195
0.9829073548316956
0.30870115756988525
0.4634767472743988
0.8300058245658875
0.8325738310813904
0.6205186247825623
0.44368380308151245
0.37250494956970215
0.8546241521835327
0.6371368169784546
0.17296507954597473
0.7210150957107544
0.07831785827875137
0.7037177681922913
0.3666112720966339
0.8614374399185181
0.5532242059707642
0.0802726149559021
0.5488158464431763
0.36117732524871826
0.2770044803619385
0.08583623915910721
0.17038807272911072
0.8130051493644714
0.9668557643890381
0.06433089077472687
0.19626012444496155
0.16623744368553162
0.9421756863594055
0.12811611592769623
0.8929280042648315
0.15305951237678528
0.08569948375225067
0.15550455451011658
0.9198706150054932
0.9101259112358093
0.7487644553184509
0.14941129088401794
0.03732728958129883
0.7969971895217896
0.9395281672477722
0.8301609754562378
0.30796346068382263
0.06019752100110054
0.19452810287475586
0.1303471475839615
0.1023324579000473
0.05943351611495018
0.18572114408016205
0.9556636214256287
0.9892268180847168
0.06742903590202332
0.1604389250278473
0.7739118337631226
0.9400047063827515
0.5925526022911072
0.19879724085330963
0.4668387174606323
0.23369966447353363
0.05826703459024429
0.053393684327602386
0.24072617292404175
0.8569952249526978
0.3814549446105957
0.23127737641334534
0.852889358997345
0.8164205551147461
0.6429834961891174
0.8237362504005432
0.15049174427986145
0.3000949025154114
0.15684384107589722
0.955763578414917
0.4247265160083771
0.12273728847503662
0.9632338881492615
0.22801539301872253
0.0601213276386261
0.9571341276168823
0.8737897276878357
0.09887872636318207
0.21544219553470612
0.8351333141326904
0.5656657218933105
0.38755926489830017
0.12277227640151978
0.365686297416687
0.05453269183635712
0.93758225440979
0.38608425855636597
0.10066455602645874
0.8859958648681641
0.8915066719055176
0.8484821319580078
0.9430053234100342
0.9708924293518066
0.10501089692115784
0.9453824758529663
0.8707616329193115
0.15951703488826752
0.32052451372146606
0.9140675067901611
0.03622044622898102
0.7528833150863647
0.6657005548477173
0.037094973027706146
0.2584824860095978
0.1599518358707428
0.3291834592819214
0.7220808267593384
0.24178394675254822
0.8092378377914429
0.9676656126976013
0.3388473391532898
0.13271120190620422
0.11243918538093567
0.8075834512710571
0.947471022605896
0.3340058922767639
0.07956832647323608
0.6614974141120911
0.8042832612991333
0.17623835802078247
0.15647733211517334
0.1371055245399475
0.8641749620437622
0.9363928437232971
0.9345816969871521
0.955207347869873
0.2251788079738617
0.36777830123901367
0.7866675853729248
0.5175814628601074
0.13459214568138123
0.24592849612236023
0.5537809133529663
0.7851154208183289
0.7673306465148926
0.9774154424667358
0.3451962471008301
0.5327774286270142
0.7704902291297913
0.07767125964164734
0.7044295072555542
0.7968441247940063
0.17779342830181122
0.5649493932723999
0.9733657836914062
0.10373937338590622
0.3369523882865906
0.09677499532699585
0.9668434858322144
0.27067017555236816
0.07821109145879745
0.1563483327627182
0.6331886053085327
0.9604374766349792
0.21214213967323303
0.11569122970104218
0.03582850843667984
0.3336612284183502
0.8135254383087158
0.1427004337310791
0.9868124723434448
0.928885817527771
0.9580908417701721
0.7786438465118408
0.13414554297924042
0.922454297542572
0.043658070266246796
0.02595788612961769
0.6239747405052185
0.8619464635848999
0.1325027197599411
0.04806501790881157
0.9793022274971008
0.1189485639333725
0.42056208848953247
0.0815243199467659
0.07590702176094055
0.28974419832229614
0.9365759491920471
0.5592350959777832
0.08714152872562408
0.9353823661804199
0.33010607957839966
0.14491665363311768
0.034101974219083786
0.054174888879060745
0.9732773303985596
0.478254497051239
0.8425570726394653
0.032236889004707336
0.0722094178199768
0.07317863404750824
0.8583778142929077
0.49414438009262085
0.8122484683990479
0.5654955506324768
0.15874402225017548
0.363991916179657
0.9150071144104004
0.9731766581535339
0.12984493374824524
0.06817357242107391
0.4741029739379883
0.2047346532344818
0.8204295635223389
0.8696606159210205
0.8849929571151733
0.9536762833595276
0.2039061039686203
0.978581964969635
0.13701224327087402
0.6871857643127441
0.8652002215385437
0.9137409925460815
0.4275504946708679
0.8406518697738647
0.27841687202453613
0.8214823007583618
0.1274539679288864
0.17467352747917175
0.7929021120071411
0.3936004936695099
0.8579365015029907
0.3433385193347931
0.9728016257286072
0.7047585248947144
0.9374675750732422
0.42109453678131104
0.11670973896980286
0.4899318814277649
0.8128140568733215
0.6843249797821045
0.3101951479911804
0.8014587759971619
0.9240458011627197
0.08142907917499542
0.2010955810546875
0.9820563793182373
0.5768983364105225
0.3366440534591675
0.06296538561582565
0.8886902332305908
0.8389449715614319
0.1041313111782074
0.4635191261768341
0.8060832619667053
0.8712766766548157
0.38282567262649536
0.9260106086730957
0.7704759836196899
0.6213184595108032
0.2658019959926605
0.7509428262710571
0.1878962218761444
0.7056691646575928
0.9217454791069031
0.08371846377849579
0.24891158938407898
0.25778597593307495
0.47679799795150757
0.24791643023490906
0.7324528694152832
0.14074771106243134
0.3199339807033539
0.6628801822662354
0.6703058481216431
0.5680020451545715
0.9588890671730042
0.08451344072818756
0.05535723641514778
0.8906884789466858
0.4555867612361908
0.6742948293685913
0.04141658544540405
0.20390281081199646
0.945514440536499
0.8953309059143066
0.9556593894958496
0.07890506833791733
0.3878859877586365
0.8363392353057861
0.838589072227478
0.7702375650405884
0.4917868971824646
0.22565901279449463
0.07301399111747742
0.44185787439346313
0.1420745551586151
0.8792552351951599
0.23223957419395447
0.21445327997207642
0.1202540323138237
0.12239488959312439
0.16701897978782654
0.9599940776824951
0.051635414361953735
0.5638505220413208
0.9528754353523254
0.7181518077850342
0.21227137744426727
0.5989464521408081
0.7916454076766968
0.24126029014587402
0.101650170981884
0.7072786688804626
0.9201049208641052
0.31802642345428467
0.6273709535598755
0.14074474573135376
0.9461615681648254
0.27294859290122986
0.9750970005989075
0.2672198712825775
0.9107572436332703
0.16194599866867065
0.700696587562561
0.807737410068512
0.0692596361041069
0.38591572642326355
0.6547319293022156
0.1322934776544571
0.48033541440963745
0.949949324131012
0.6582009792327881
0.6658052206039429
0.8684545159339905
0.7812533974647522
0.8505791425704956
0.9179781675338745
0.21525686979293823
0.629370927810669
0.46448564529418945
0.16005511581897736
0.0425969734787941
0.8229341506958008
0.1564044952392578
0.7883110046386719
0.8560360074043274
0.9706000685691833
0.9312402009963989
0.05281795188784599
0.2460949420928955
0.3539416193962097
0.3709976077079773
0.23504094779491425
0.13010050356388092
0.570175290107727
0.04099646583199501
0.6602987051010132
0.9329065084457397
0.8702200651168823
0.7976995706558228
0.665920615196228
0.79068922996521
0.7899014949798584
0.16219328343868256
0.9588953852653503
0.4483616054058075
0.6844489574432373
0.2565774619579315
0.6296613216400146
0.910712480545044
0.7347851991653442
0.5637510418891907
0.7320067286491394
0.5989102125167847
0.9378784894943237
0.9775357246398926
0.21924082934856415
0.619270384311676
0.10678412020206451
0.30759280920028687
0.3743671178817749
0.12610337138175964
0.053033001720905304
0.9669466018676758
0.09567549079656601
0.697553813457489
0.7234561443328857
0.052821286022663116
0.2834518551826477
0.09990766644477844
0.8739900588989258
0.15362365543842316
0.6555334329605103
0.33745747804641724
0.7437312602996826
0.9304606914520264
0.1344631016254425
0.9089947938919067
0.5349149107933044
0.24203163385391235
0.8258018493652344
0.8433860540390015
0.4334754943847656
0.2860431671142578
0.9438778758049011
0.21790798008441925
0.5452237129211426
0.734145998954773
0.6245648264884949
0.61767578125
0.25894078612327576
0.18878909945487976
0.46903958916664124
0.2239484190940857
0.8391613960266113
0.5906042456626892
0.5643094182014465
0.15000779926776886
0.34745028614997864
0.9421786069869995
0.1874311864376068
0.08591050654649734
0.7095155715942383
0.7938451170921326
0.921095609664917
0.7305498719215393
0.7029905319213867
0.029968678951263428
0.12995073199272156
0.9790931940078735
0.18336446583271027
0.3347967863082886
0.282292902469635
0.8825177550315857
0.35260093212127686
0.9525446891784668
0.9154199361801147
0.04536648094654083
