"313393 313440"
0.0870182588655444
0.038492692261252695
0.6494435400880936
0.9877757062084968
0.2857735578763559
0.9943875485627632
0.10159685316006768
0.02792044423987872
0.6637495653001572
0.9965974406895886
0.9954817182273052
0.9986459465677405
0.10953985578569414
0.8369010263733209
0.8076261307306851
0.017364097771337173
0.0859179504173905
0.998953188322819
0.4689767822789347
0.028960253686459454
0.34635001952696237
0.016850799192336077
0.048216365872003626
0.9558534347389298
0.9599778249792886
0.9949775139518816
0.15389472300940657
0.21906144083753662
0.7195727561288267
0.0025706233177583025
0.014720007309409465
0.9392915006734671
0.9924124380321603
0.052744949730199775
0.9958580484295285
0.010796106330124313
0.6849377814485661
0.9943316888420287
0.7895495985480779
0.9864229921604422
0.9510033216566253
0.9820811973456154
0.9524724111650493
0.9151282308145895
0.3980587049966384
0.9913113096359883
0.0033070096867729775
0.8349325395871722
0.029484881637165155
0.13960470654114665
0.9826695529785536
0.37542378458560616
0.38866031509689597
0.9914443943726109
0.9710141553282664
0.035524152993527465
0.9901173191761691
0.036271074328626675
0.96299478023647
0.00782161498043285
0.9622244978920624
0.02840164982829728
0.5321549008163674
0.6015249838767512
0.9813048732659324
0.13267108489365992
0.06683956564097174
0.9407086541353215
0.4196196686161064
0.9188018960769797
0.9481996801789792
0.05240394643015733
0.9895136248614029
0.7975081333181522
0.9207563631947973
0.01654530901950214
0.530623924245975
0.6766821019467726
0.9968036942921191
0.0818305130005725
0.3141545096038228
0.7356485645386679
0.22240660504352186
0.9888650886765203
0.9129783157003966
0.8049050894809325
0.9004877621882592
0.8084154761546886
0.7793083328114655
0.953323995273425
0.347648460659658
0.010240530653885686
0.6104781943646105
0.599294820707367
0.6873587944454813
0.13552055268074223
0.22895013565926556
0.03760222271664298
0.9753893060019467
0.6023297609977606
0.009043308145577649
0.516953779838738
0.783406441391773
0.9307194419489021
0.04174398971771626
0.9635701815900156
0.41023072664852833
0.8731719479964972
0.9984577325962624
0.9789507925908301
0.9386389893285955
0.1344282882488397
0.8377552299995137
0.04484643159253749
0.014137894025728166
0.06148952694561491
0.9839784605769762
0.1516690467567122
0.9542912874414246
0.007666451471466686
0.0023791408090553215
0.9071194027601686
0.991010598308721
0.6609142706906898
0.960527759756874
0.8706178743379037
0.04713326017090529
0.0029749240392189214
0.9672897267399594
0.15544638521607243
0.9975307800754717
0.2670664426320905
0.09476838717508894
0.99812809781519
0.009507036884518979
0.9890677605232325
0.9465466478378001
0.9803354713128078
0.79899587447323
0.02274000341378551
0.08745094800646304
0.9169467308732414
0.9811548449231724
0.03016677041880387
0.10791122993166014
0.9795910464074725
0.47037300186793923
0.04859025485005798
0.08222494778839398
0.023289589720604666
0.7557780673623354
0.013583266299966493
0.9981947806043743
0.013704867052319075
0.018461119894783544
0.5040340729487733
0.9857478006031715
0.8733553970244204
0.5956740422371292
0.8740247246767677
0.9412949913792178
0.9776118572458543
0.4369034108382228
0.004152137918136943
0.004601031459527791
0.030937933244632686
0.18643549047310037
0.9991405627460207
0.05612182882313715
0.40430341328536074
0.9652874423838232
0.8870940694655464
0.4360143120945043
0.4783563918983493
0.23774916145543187
0.9899161639301074
0.7337273621223886
0.013519617053188895
0.9453942734375078
0.041482817029514805
0.9667663941460685
0.06571400906920909
0.9623525281895253
0.41310947823887195
0.0077551012162608585
0.1364110573231373
0.2772579961130944
0.04635951673994098
0.01860836553454594
0.022108805004659837
0.9825586163259228
0.9935549869533531
0.00802436912411452
0.220777533296248
0.1579906194401903
0.9955371481163914
0.08209449591163803
0.9840971843344322
0.1606359702266896
0.013805772410659316
0.01250419053335433
0.9856082919337992
0.9913637387008524
0.9164297181437492
0.01141163006848652
0.0057189416426080535
0.6698401416975008
0.9390350848448669
0.826976202279973
0.2728653472693995
0.006334102106809902
0.05107868595124622
0.09316070723548218
0.07077316477808986
0.010622332486031182
0.1015771822001428
0.9896724486181125
0.998710568278272
0.036038307862846175
0.02545725754332988
0.958767287739033
0.9964261537245569
0.6214248266010469
0.14502726840985206
0.1789637668936052
0.1788772873551045
0.029537301540674
0.01041269042538193
0.06982317025235615
0.975628834955074
0.297917988153341
0.10304465709043145
0.959078827234663
0.9181976413406221
0.9511128809286783
0.8592987069560414
0.03776876150637347
0.2641477423963755
0.11138999275316855
0.9927304849742716
0.4652479569213421
0.28383245761637765
0.9976806520578885
0.15472014247944163
0.007371687775920933
0.9983118817929664
0.9628622717728643
0.10979824841277244
0.3090960048247591
0.9494115569741173
0.8623534703641471
0.3079058823416945
0.04291072769689641
0.1638965580504099
0.008464549286252773
0.9908764850384439
0.1093699986976854
0.011176879654469757
0.790276300942204
0.9831019759361648
0.9775500229233925
0.988163096258758
0.9944729721156635
0.005213162111206574
0.9933403113278343
0.9767225147688272
0.025764938502455707
0.48649254838431205
0.9843047960325382
0.0035749481172048184
0.8103432402838733
0.768707054209306
0.006853662420406119
0.263121929377052
0.03610818710347644
0.504030929514807
0.892486399283558
0.3235746726626856
0.9738886494939148
0.9886719085904218
0.5003810970943775
0.24876396969290265
0.040853333238884876
0.9015103948498957
0.9893526862495988
0.20076912174547393
0.007476307231487624
0.9155056758833173
0.9365763866817877
0.060632912238392206
0.059053491475978256
0.05724543177311429
0.9906458639136382
0.9838666690486751
0.9451137738814102
0.9952957384078407
0.06699846206937178
0.4434743758848456
0.9855864645416265
0.7558757782523591
0.06878335772562028
0.22312879455879567
0.5142201446286244
0.87060366805595
0.9331914125249836
0.9990467146893385
0.1936176923210839
0.7109315451888577
0.9408775752630791
0.01797363564100304
0.8829402376997894
0.9740026324868444
0.06292050586732667
0.6033876700233044
0.998707209072136
0.009898507891706395
0.49987209645135633
0.012675575249394642
0.9956138826207167
0.4863886765903188
0.009207706684056549
0.03178780133907194
0.8240797871122096
0.9945344819756208
0.07062819040765766
0.018478752997532738
0.006432889063732979
0.2292792959691481
0.9514271745976847
0.006584785829532682
0.9988066084986326
0.9962409706269929
0.9958129541194831
0.8806310037592863
0.08240026698092906
0.9905917879489711
0.00909056280286796
0.003391363131419149
0.6125717538244589
0.979494187321455
0.011960578126883182
0.02474809040770874
0.9730765624788876
0.07876843066486094
0.9037759475691468
0.039663001975626146
0.013465962318739607
0.6537635662669101
0.9607560377420118
0.800308164454127
0.05676372857987356
0.9804155195703806
0.462235954692804
0.06819235975280331
0.0056319482497085155
0.01248188586855276
0.9643895699336373
0.18412455161831134
0.9795029809360819
0.005973110771167201
0.004872060787133639
0.02796840048703547
0.9576692634155977
0.22724638065622516
0.9732945170491439
0.7143800336020202
0.03621137059254147
0.07101467850474373
0.9138188240121731
0.9972653578484838
0.13790687396278153
0.03592655861229106
0.5831033020304512
0.04743971103346351
0.7250292299116455
0.9846243976073795
0.9379797437643611
0.9922864913737129
0.026726837425728726
0.9979419185657276
0.03437083462439527
0.8343603136146871
0.9531693207652568
0.9908309058849023
0.5190841666093479
0.6265373833519798
0.21252205257099002
0.9343190159523566
0.293408892230414
0.09947043841226666
0.9718629652919866
0.23654474877198942
0.966026349665967
0.4945021685723317
0.9978071129621287
0.976570197652126
0.9959411429864161
0.04396300239049131
0.0980146466318208
0.07533513060214504
0.9704535924107881
0.3691365951500213
0.2205333970386903
0.9319780457030875
0.994803348892639
0.02664722697087224
0.1636371738752074
0.9913026514724976
0.893153205642354
0.11047942186345955
0.005939686742701011
0.9962794047478023
0.9656117326879726
0.03112236449666468
0.5012001793773919
0.7997506459464556
0.9593753391554188
0.07740141863015211
0.9755347668078824
0.6799685051896427
0.7215070433007206
0.27323798969306884
0.8633484939413478
0.1837735992404491
0.6288464986497472
0.9491678978816632
0.027169031311916152
0.14302851075925632
0.35310879914801874
0.5351597561559476
0.054834512804858
0.7947853329341338
0.02346240237117706
0.03375193452121425
0.6624492948741427
0.5824651824330758
0.6044220188625038
0.9959216371567456
0.014066863464220874
0.004144831660531499
0.9965984735348979
0.19707483727488945
0.9222141268596241
0.02077194925203139
0.0188370200746368
0.9930428036496113
0.9789747447572814
0.9878313857770941
0.3996338903516708
0.3690480881051358
0.9186727225465041
0.6328651039150728
0.9814037097506905
0.2923552595038774
0.08615109833968336
0.00886889397304559
0.681767992966561
0.07451491267936715
0.965949544719364
0.18747173248944662
0.17229020558529423
0.008638913745716105
0.02163685624315164
0.048003003608178885
0.9292561004851415
0.021443144345361077
0.6846740195048523
0.9890320807214523
0.9138767093261113
0.13079790336039537
0.3743631777562538
0.9379131936552075
0.2149379625308305
0.11318898505087178
0.7874146558687378
0.9818408335352709
0.30252833998514095
0.7499067835107922
0.020829914161939744
0.9903115024728265
0.2434794085189566
0.9991299033643541
0.2408215463913992
0.9841371036687778
0.08803349571972247
0.7428671828570611
0.9248233556954741
0.032577461769999115
0.5268465420169574
0.890732080904629
0.02893670769404055
0.3338332947777848
0.9807221357631611
0.8083570115125301
0.8608034907448001
0.9729419726010499
0.8774106312703819
0.9235010463932867
0.9858990744913017
0.13921632711960216
0.36814554302448277
0.5455593833228889
0.07459606548854131
0.00981731110389187
0.8724775647896748
0.14098305465788158
0.9457646110997601
0.8525864155278905
0.996054722069749
0.9959782210295962
0.026937496552474245
0.029333415840451647
0.6766563331541304
0.2745145552421589
0.18199046349584277
0.060261872210777716
0.7850196633984683
0.014707742283767556
0.7879833345206237
0.9877432780721909
0.9297474100904685
0.8135861978229475
0.7796515409275987
0.8762968300239752
0.9373937227241514
0.08389197428863815
0.9963142885204939
0.3848329030894407
0.7686454961795528
0.057885401657791595
0.5974987930594438
0.9583331726857968
0.9904179554067016
0.6888500361016519
0.6935818190701288
0.8775816071111601
0.9928383670756614
0.9988056581845286
0.06003857812421821
0.8437389429779919
0.16018609923691696
0.16062631597222
0.046742062879279976
0.2726518898748212
0.02150777789059576
0.998739037178873
0.054564127491763835
0.9430525397673838
0.09606600654302755
0.01311823676380031
0.2801308657529411
0.06665574666941822
0.9505162341830417
0.014806042442642947
0.5155095329537605
0.14601443866132363
0.5870112228967583
0.9833799953039294
0.06952516959618728
0.9667826850307255
0.7005817433953537
0.027361634746895257
0.9051506197959245
0.9536300218513712
0.7149880152897043
0.06993717653947465
0.9834680398010196
0.08472897648071061
0.6299658709344282
0.6753691648550244
0.9029585981369559
0.8988880941751712
0.13283282239757987
0.0452347355221657
0.573590336478324
0.43420696955331395
0.8979266000329956
0.9793060985214304
0.8222582772249148
0.04250406754689097
0.26603436683751586
0.9919206346736662
0.02043965134882512
0.07425066894012568
0.8070728220547838
0.9768510929545647
0.9874140494596212
0.933869600652532
0.9627207220999282
0.007506350941967102
0.015672828449333494
0.9981982621941258
0.0668367923983395
0.14125818571991675
0.05702247784216624
0.9765050197472367
0.029350211790322243
0.9948441139640812
0.9926744730745491
0.0062554767788129345
