329532
0.24
0.21
0.25
0.77
0.22
0.78
0.24
0.20
0.51
0.79
0.79
0.77
0.27
0.76
0.78
0.20
0.23
0.78
0.48
0.22
0.32
0.21
0.21
0.78
0.79
0.79
0.26
0.21
0.28
0.22
0.20
0.77
0.77
0.27
0.79
0.22
0.30
0.80
0.78
0.78
0.77
0.79
0.73
0.77
0.26
0.79
0.21
0.79
0.22
0.23
0.80
0.72
0.61
0.77
0.80
0.21
0.78
0.21
0.76
0.21
0.76
0.22
0.24
0.39
0.78
0.23
0.21
0.75
0.77
0.79
0.78
0.21
0.78
0.79
0.71
0.22
0.77
0.23
0.80
0.22
0.23
0.74
0.23
0.79
0.78
0.25
0.76
0.79
0.78
0.78
0.59
0.21
0.28
0.27
0.77
0.23
0.24
0.21
0.78
0.70
0.21
0.77
0.78
0.80
0.22
0.77
0.78
0.76
0.79
0.79
0.76
0.24
0.79
0.29
0.21
0.21
0.79
0.21
0.79
0.21
0.21
0.77
0.78
0.73
0.77
0.76
0.22
0.21
0.79
0.50
0.79
0.69
0.26
0.78
0.22
0.77
0.79
0.76
0.76
0.20
0.21
0.74
0.78
0.25
0.32
0.78
0.77
0.23
0.20
0.30
0.75
0.22
0.78
0.23
0.22
0.74
0.79
0.77
0.23
0.77
0.79
0.79
0.32
0.19
0.21
0.25
0.40
0.78
0.27
0.26
0.80
0.77
0.60
0.59
0.49
0.79
0.79
0.22
0.76
0.20
0.76
0.44
0.76
0.36
0.21
0.31
0.28
0.22
0.21
0.22
0.77
0.78
0.24
0.23
0.23
0.79
0.21
0.78
0.22
0.21
0.22
0.77
0.80
0.77
0.21
0.20
0.77
0.79
0.79
0.21
0.21
0.20
0.21
0.21
0.20
0.21
0.79
0.79
0.21
0.23
0.76
0.75
0.76
0.21
0.55
0.31
0.21
0.22
0.21
0.79
0.22
0.23
0.78
0.77
0.77
0.79
0.23
0.75
0.24
0.79
0.77
0.22
0.79
0.22
0.22
0.76
0.80
0.24
0.24
0.76
0.77
0.71
0.22
0.22
0.20
0.78
0.24
0.22
0.78
0.74
0.77
0.78
0.80
0.21
0.80
0.78
0.24
0.39
0.78
0.22
0.78
0.61
0.21
0.25
0.20
0.23
0.76
0.21
0.75
0.80
0.43
0.21
0.22
0.77
0.78
0.28
0.23
0.78
0.77
0.21
0.21
0.24
0.78
0.80
0.78
0.77
0.23
0.45
0.78
0.60
0.22
0.21
0.76
0.78
0.79
0.79
0.27
0.68
0.77
0.21
0.79
0.79
0.23
0.73
0.78
0.22
0.23
0.23
0.78
0.30
0.23
0.21
0.68
0.79
0.23
0.21
0.20
0.23
0.80
0.21
0.80
0.79
0.80
0.77
0.21
0.79
0.21
0.20
0.59
0.77
0.21
0.22
0.78
0.26
0.71
0.24
0.25
0.69
0.78
0.74
0.22
0.80
0.27
0.20
0.21
0.22
0.80
0.27
0.78
0.21
0.25
0.21
0.78
0.49
0.79
0.78
0.24
0.22
0.79
0.79
0.22
0.21
0.76
0.29
0.77
0.77
0.78
0.78
0.22
0.80
0.21
0.65
0.79
0.80
0.68
0.78
0.26
0.78
0.25
0.22
0.78
0.24
0.78
0.72
0.79
0.78
0.79
0.34
0.22
0.23
0.77
0.73
0.27
0.79
0.78
0.24
0.21
0.79
0.72
0.57
0.21
0.79
0.79
0.22
0.29
0.76
0.78
0.36
0.79
0.79
0.71
0.24
0.75
0.21
0.58
0.78
0.25
0.25
0.23
0.78
0.29
0.75
0.22
0.21
0.75
0.77
0.74
0.80
0.22
0.21
0.77
0.21
0.78
0.22
0.21
0.77
0.79
0.78
0.23
0.29
0.76
0.79
0.79
0.76
0.22
0.22
0.74
0.24
0.78
0.21
0.28
0.22
0.20
0.24
0.78
0.21
0.25
0.79
0.77
0.21
0.60
0.77
0.21
0.23
0.76
0.78
0.24
0.79
0.25
0.79
0.23
0.79
0.72
0.79
0.26
0.79
0.78
0.22
0.24
0.77
0.24
0.70
0.79
0.67
0.56
0.78
0.78
0.78
0.78
0.28
0.43
0.26
0.23
0.23
0.75
0.21
0.79
0.79
0.79
0.79
0.20
0.25
0.27
0.24
0.22
0.22
0.27
0.22
0.60
0.76
0.78
0.78
0.76
0.76
0.75
0.22
0.79
0.29
0.75
0.22
0.29
0.77
0.78
0.76
0.73
0.75
0.77
0.79
0.29
0.27
0.22
0.24
0.22
0.20
0.21
0.78
0.22
0.77
0.69
0.22
0.78
0.26
0.78
0.21
0.74
0.32
0.68
0.77
0.22
0.79
0.78
0.23
0.69
0.78
0.25
0.26
0.79
0.24
0.65
0.78
0.74
0.76
0.20
0.25
0.26
0.21
0.79
0.78
0.73
0.27
0.27
0.77
0.21
0.20
0.77
0.76
0.80
0.27
0.76
0.22
0.22
0.77
0.47
0.22
0.25
0.77
0.25
0.78
0.79
0.19
