313401_313392
3.018139889447312152e-01
1.786183987909342186e-01
3.860469418408905562e-01
8.220522069094139406e-01
2.527481805028580775e-01
8.319802381706696837e-01
2.287822770368000969e-01
1.872342783767306507e-01
6.031315901566828286e-01
8.144824290970236191e-01
7.848042491880308225e-01
8.163909424301004636e-01
2.153308627676129572e-01
7.514015637766071620e-01
7.647280631837556353e-01
1.842326872117737713e-01
4.165068279868324730e-01
8.352225949217066958e-01
3.825060573572223177e-01
1.853972789830019008e-01
3.648202142946001536e-01
2.046319143026920362e-01
1.664341235937505381e-01
6.417764904201104237e-01
7.697707806442628531e-01
8.255055718244614926e-01
5.622401665067913168e-01
2.630118447794342895e-01
3.422956897756294081e-01
1.677655601674804819e-01
2.006241050477741983e-01
7.246667594871513129e-01
7.852492321125599251e-01
3.244369597002653705e-01
7.606012637973171842e-01
2.673561352893438769e-01
6.739656887019608300e-01
8.387008064949316166e-01
6.523840111437443356e-01
7.734968954129403107e-01
7.265765964280900269e-01
8.244589191319428023e-01
7.181775807435845094e-01
7.775344984811013438e-01
3.413313434366636590e-01
8.284185898823176464e-01
1.999314843331002622e-01
7.833906609979776059e-01
2.181795191974759962e-01
3.471620894160792892e-01
8.344397442258983943e-01
5.917431079357560186e-01
3.275873093854412277e-01
7.013776494944905515e-01
7.836517728714157416e-01
2.141312343894639370e-01
7.141882801236969502e-01
1.961020137201152924e-01
6.511017796717111228e-01
1.999073674219724039e-01
8.236503889519425359e-01
2.109731174832704392e-01
3.268224664659180601e-01
4.710004954906922836e-01
8.030253228452226555e-01
3.087170808580179115e-01
2.145153805253449397e-01
6.914053921110510093e-01
6.484562406063372197e-01
7.882127114660675282e-01
7.809065042445513249e-01
2.067169747060846607e-01
8.263366861684252607e-01
7.487989993484832629e-01
6.524129288439619589e-01
1.949969776761533158e-01
7.248910851908432207e-01
4.945393265558203355e-01
8.276641303692423568e-01
1.872459207717598051e-01
3.206194304300036269e-01
7.160908519317332743e-01
3.561105627481579994e-01
8.310766832551351735e-01
7.620686309819485471e-01
6.637800239502110733e-01
7.446552972070649146e-01
7.549671010985053998e-01
7.635192233772807313e-01
7.491568121124300150e-01
4.677609174943033188e-01
1.900551557775140288e-01
3.958665759764826153e-01
2.955524853090039650e-01
6.498864849501105878e-01
2.368028360751610328e-01
3.476157363080710216e-01
2.591814600820537828e-01
6.776737794844464036e-01
5.625263994376314969e-01
1.790063901250650014e-01
6.795424534917053894e-01
6.057363768240079382e-01
7.888054526569829861e-01
2.575153471014523521e-01
7.520923637224103953e-01
7.689503274763015428e-01
7.194823544406739879e-01
8.114869697765124679e-01
7.802711970660792806e-01
7.547422021121863445e-01
6.287466269938228880e-01
6.093164373565256309e-01
2.096586759001951294e-01
1.994628052367844462e-01
2.171348657686424655e-01
7.792502207838375439e-01
2.125156916929174800e-01
7.408124602532007996e-01
1.742836717868071206e-01
1.852297653678645351e-01
7.495274142516973326e-01
7.739840112381060067e-01
4.312010673703752794e-01
7.084148345924028423e-01
7.701537022217789241e-01
2.358429418799653232e-01
1.712938019309079851e-01
8.313041235832602238e-01
5.949138162721328005e-01
8.209293222866163031e-01
5.823468683638469701e-01
2.140608746418520003e-01
7.963648275185223335e-01
1.627470746090895481e-01
7.566781139823923752e-01
5.977727469167817276e-01
7.693057220697862020e-01
7.033689975233118341e-01
1.818751327169443599e-01
2.675083017695817911e-01
7.274891060503801965e-01
8.259293275560062320e-01
2.466353672187504842e-01
2.637156085223269497e-01
7.566156475071740273e-01
6.157474837650446231e-01
2.235781703007566623e-01
1.884326786245293373e-01
3.559877922840688491e-01
7.623535611817094937e-01
1.962693010533392013e-01
8.219678458901230611e-01
1.968698266737004543e-01
1.922708978178842010e-01
6.558450950849740169e-01
8.315352601063855653e-01
8.017382537478910942e-01
3.024852697304915017e-01
6.907789460547141269e-01
8.005203556271393017e-01
8.295984524124219162e-01
3.892252880172050733e-01
1.915121198168764083e-01
1.893201066606526872e-01
2.280884970547563673e-01
5.696786746552419123e-01
8.395179380873210029e-01
2.286587344351251050e-01
3.440514728522502952e-01
7.419982777787150763e-01
6.657265398982920024e-01
4.855196863808686203e-01
5.264736917503497482e-01
6.168236391232907456e-01
7.854932441684773226e-01
7.549888545741184620e-01
2.351477973941243360e-01
7.437416815983274310e-01
1.950305024581997226e-01
7.240721806590009191e-01
3.389064117730827830e-01
7.565545898711926176e-01
5.440808845984234088e-01
1.977399886994255507e-01
6.205258190152813658e-01
3.571289257256178851e-01
2.250481004230218407e-01
1.910529528681486344e-01
2.147693538733279339e-01
7.921684826251098599e-01
8.267022392452813007e-01
1.930394317192081211e-01
2.980477077638917227e-01
2.211264485651787681e-01
8.288824317662102370e-01
2.113497758369950741e-01
8.125644748141881424e-01
2.222410019180112162e-01
1.955436518784141042e-01
2.088206729417610430e-01
7.891502403187321546e-01
7.917218121014604204e-01
6.906683569822099633e-01
2.569891322767013375e-01
1.648397254085285091e-01
7.147911806910596244e-01
8.333215704158882797e-01
7.652549005070476973e-01
2.876064824698144062e-01
2.018137774756019742e-01
2.355318922964327322e-01
2.061168359866050737e-01
1.940938208520209818e-01
1.814437223901737006e-01
2.126621329174530894e-01
8.229054843160137356e-01
8.451358320526710655e-01
1.727965466246936532e-01
2.210721975459058186e-01
7.674464367643063500e-01
7.819757281825518991e-01
5.825514270372249559e-01
1.879351650403782714e-01
5.618258717907694821e-01
2.733288834490947838e-01
1.838076718679036714e-01
2.108326902948209625e-01
2.733253336977974346e-01
7.822127308406738866e-01
3.340143171921603482e-01
2.418320454332422431e-01
7.474650451692573805e-01
7.376258816146515906e-01
7.422384137076464272e-01
8.144366792578754399e-01
2.554629220242321530e-01
6.813330239135801936e-01
4.170463033607890724e-01
8.117701243368872221e-01
5.858325858369133332e-01
2.725240700084982648e-01
8.326442472786096394e-01
3.067910755972415582e-01
2.067051144373771021e-01
8.258101497209135999e-01
8.139057895392377562e-01
2.197657547113875676e-01
2.198530408434302696e-01
7.112368183127316668e-01
6.432653490357053139e-01
5.726768020209681564e-01
2.170064117263907910e-01
3.120453119938163544e-01
1.914946552537557523e-01
7.765979690291389126e-01
4.069044351510813229e-01
1.929761676376763602e-01
8.059674327459254162e-01
8.050911639749737114e-01
7.990101107624248966e-01
8.302770873686526887e-01
8.268947803547984643e-01
2.179263985867868347e-01
8.097450538030971368e-01
8.144931645393773678e-01
2.624450441900331166e-01
2.727398823046623955e-01
7.605396316758298303e-01
1.679608138488550562e-01
7.186987334246492942e-01
6.350979858527100452e-01
1.705282565420691565e-01
3.079986379553285025e-01
1.895797717867710730e-01
2.854448957147833199e-01
7.684108250220246239e-01
2.349553982996930857e-01
7.473761071035617265e-01
8.285318905393714850e-01
4.520138593623159173e-01
2.069003340800289192e-01
3.201403613279095728e-01
7.585786806767685908e-01
8.193410944987528088e-01
3.024534632675015544e-01
2.098122533132824874e-01
7.301944966937521375e-01
7.449613570622507508e-01
1.672395856998880326e-01
1.655918772336572309e-01
2.053582557912739803e-01
7.579154631327301717e-01
8.267400446177600726e-01
7.732425166640239933e-01
8.161303267909079118e-01
2.345353973529139269e-01
4.343738825627666555e-01
7.791495948320403819e-01
4.541443249954832950e-01
2.032410469937769859e-01
2.141236048492216881e-01
7.995576510513665580e-01
7.643436467415665181e-01
6.987078403788833381e-01
8.343722184968351829e-01
3.163349442316793492e-01
6.595834789904715389e-01
7.335031856721472288e-01
1.950651734591014319e-01
6.710390067987723750e-01
8.137096859503762936e-01
3.078402334492781334e-01
4.862654540767520905e-01
8.436391024590332854e-01
1.991378411336358067e-01
2.909725501518792279e-01
1.663634156962332245e-01
8.179431686172309313e-01
3.839385931281763531e-01
1.772261484692426448e-01
1.797905888161794585e-01
6.297902779710938814e-01
8.127264688257384018e-01
2.353993561395553713e-01
2.043453771545184483e-01
1.887006619798788920e-01
3.051108700931199347e-01
7.727724572916543355e-01
2.209001547347649308e-01
8.444963479335180212e-01
7.910670634693192094e-01
8.314021642061447670e-01
7.722680148902885122e-01
1.958954089265587395e-01
8.186664291094835066e-01
1.719921823570080277e-01
1.833551396858136007e-01
5.674326638181683702e-01
7.526594228667118358e-01
1.958671805379647024e-01
1.819970996832214749e-01
8.324004057156410008e-01
2.204905491818541230e-01
4.655309070408713557e-01
2.019646058651373421e-01
2.288971404544878352e-01
4.094428118698011931e-01
8.253592509176522762e-01
7.030066497213873777e-01
2.111549878168075822e-01
8.301807275096712013e-01
2.512942144055389515e-01
1.918176323446147136e-01
1.686903756081402916e-01
1.759684892737159445e-01
8.422235514910064724e-01
3.150199113837014453e-01
8.085051101510634108e-01
1.642773027924186724e-01
2.336653800314917317e-01
1.949728912849096052e-01
7.386544803764178990e-01
5.286232446588248202e-01
7.763046526546611981e-01
6.912028058816422904e-01
3.037747359195565044e-01
2.768342616802351719e-01
8.021693288322708781e-01
8.440986852513063798e-01
1.980341117761322267e-01
1.973050594928841273e-01
6.067952282315792756e-01
2.581560620960037800e-01
8.007941662689072038e-01
8.138047853426306766e-01
7.763636175602517397e-01
8.170146084553077115e-01
1.796220603987768727e-01
8.413228228159707056e-01
2.060592464247417988e-01
6.342261654001973836e-01
8.062678217465134578e-01
8.184694339794418294e-01
6.616744215132642770e-01
7.418807321704249391e-01
2.372129628800747070e-01
7.512732317757870870e-01
2.187241375258050513e-01
2.482267694874293606e-01
7.811521990432960250e-01
2.361109825419972497e-01
8.158595064672048425e-01
5.885351213529863568e-01
8.134203562467047233e-01
6.570721721126665527e-01
8.280875435566465992e-01
4.733583923526653581e-01
1.911994484356446811e-01
3.790670403405025923e-01
7.808108505589431703e-01
6.386114227725115944e-01
3.161418641048969747e-01
7.443057266327429700e-01
8.308963737556828155e-01
2.202097951823795696e-01
2.178423696829427381e-01
8.383681780628521318e-01
7.074833420507304904e-01
3.155106624132170134e-01
1.948527840677752587e-01
7.844483317475131612e-01
7.800101025950219036e-01
2.115799423382248023e-01
3.447164268550042543e-01
7.288538585074400000e-01
6.868333097785578323e-01
4.066098495426347936e-01
8.088158892635720632e-01
8.050377772984947944e-01
5.838345218441559625e-01
2.855173733593396879e-01
7.400209504690105078e-01
2.136637354908617892e-01
6.216270382032913489e-01
7.737586341595894535e-01
2.078378677083640158e-01
3.136493900795204182e-01
2.787887476077710036e-01
6.610722102667397904e-01
2.477226942505889595e-01
7.613513909052110895e-01
2.222377619960348993e-01
2.124276137728961789e-01
7.113267297765024644e-01
6.345012905972393646e-01
6.534675431676324475e-01
8.063496200303973405e-01
2.472995708962667238e-01
1.986383799834664787e-01
8.309558524057855111e-01
2.891484683230414743e-01
7.527309018549965813e-01
1.859792543559553313e-01
2.086106824912243307e-01
7.837582902640869431e-01
7.834565127830924736e-01
8.272408729205272815e-01
2.580822212281292938e-01
3.811843125047271741e-01
6.722857307397084314e-01
8.181510270845228083e-01
7.382217164334602399e-01
7.449397371639578935e-01
2.104627608909701297e-01
2.023456202972615803e-01
5.933356849776085795e-01
2.233923037905269915e-01
8.115135196072785773e-01
2.430869400632939825e-01
3.129153341779067898e-01
1.988225853137304822e-01
2.048881418208760852e-01
2.559931205146835920e-01
8.166920433530592272e-01
1.851492661385931715e-01
4.192297074819635871e-01
8.241292289006987293e-01
7.348845769579356313e-01
2.066766566478628331e-01
5.575114049999984056e-01
7.073663480667123915e-01
2.388909886157956075e-01
1.991741891736650005e-01
6.769655391835929237e-01
8.268586297870583746e-01
3.875200022189919657e-01
6.786756233428832275e-01
2.310380302496581884e-01
8.193019962960140790e-01
2.356845330131111804e-01
8.416948230407131915e-01
6.286802888541828116e-01
8.242382083059413000e-01
3.294699636177020330e-01
6.784991236295739858e-01
7.685856786372264882e-01
2.080891136431685662e-01
2.901497382107574574e-01
7.688084628454189273e-01
2.286639022526544829e-01
6.739418936939651772e-01
8.247107497255198316e-01
6.468409746347097977e-01
5.924430602113799349e-01
7.949429149396243233e-01
7.606868045666960176e-01
8.158130479266235691e-01
8.080201845105606795e-01
2.987899732604527570e-01
5.929702598416569659e-01
3.684543866259245015e-01
2.797287311590038184e-01
1.929078021209074678e-01
7.459232649892210132e-01
2.402193828893378902e-01
7.943042768029539014e-01
7.953575851101285510e-01
8.175182247044963102e-01
8.103502785034566447e-01
2.018525938717972146e-01
2.474550259075853909e-01
4.233213718544953652e-01
3.304596337061750377e-01
2.259813951693475931e-01
1.890493887423213837e-01
3.465574401345701272e-01
1.830055197003813694e-01
5.024524155996676900e-01
7.880856081006550884e-01
7.724221054102407003e-01
7.667697999018390220e-01
7.171643603766882924e-01
7.134548748062323753e-01
7.555971513137569318e-01
2.124999022176861097e-01
8.125934846042693893e-01
5.632339099037669827e-01
7.435823687882352484e-01
2.190064376779641553e-01
3.816040839302407006e-01
7.923598713632211687e-01
7.055142752456825539e-01
6.173250195024566622e-01
6.952959038222671362e-01
7.152252320474351555e-01
8.141736045488068285e-01
8.452979065220285193e-01
2.903350362799758666e-01
5.478859537160355453e-01
1.942460564344492269e-01
3.160061475085301219e-01
3.174351205210249049e-01
2.174611067984408841e-01
1.911528250775978988e-01
8.207186645142682258e-01
2.066712850566604920e-01
7.640747546673402057e-01
6.630152924847266815e-01
1.949915708306996509e-01
5.979530039527077845e-01
2.395800253232613364e-01
7.718525435616923058e-01
2.298327039780121150e-01
6.641951746528926837e-01
3.553034421984048730e-01
6.780068765350237836e-01
8.179483165653262944e-01
1.959517736756738460e-01
7.876548946822480302e-01
7.210825839041133944e-01
2.527137825460404885e-01
7.061981360276496922e-01
7.259735984797551778e-01
4.550988537674903744e-01
2.931581675543195598e-01
8.208947567241627885e-01
2.332416798819916537e-01
4.813244421796902262e-01
7.273603036025153568e-01
7.272508967765742849e-01
7.464306224279190216e-01
2.101894848352301171e-01
2.839432345074740516e-01
3.623249694920919750e-01
2.190374889389112567e-01
7.996375609161232578e-01
6.764574793389988017e-01
6.922715214004769857e-01
2.648593615534485801e-01
2.612290803579769838e-01
8.138391553518945498e-01
2.158747215370010464e-01
2.052536830306365967e-01
7.253003508780824227e-01
7.494197991463134034e-01
8.093936436005880752e-01
3.335187234379001775e-01
6.183160892164366595e-01
1.700026040467881860e-01
2.167098186994730336e-01
8.152804515972409405e-01
2.755986553563863906e-01
2.217756842619549029e-01
3.325877269326148467e-01
7.869926568715880366e-01
5.476645308458402139e-01
8.120963566780872167e-01
8.034700485202562747e-01
1.715517138177019008e-01
