313401_313392
2.009271681308746338e-01
1.003057956695556641e-01
2.825898230075836182e-01
8.709971308708190918e-01
4.458546042442321777e-01
9.015788435935974121e-01
4.217796325683593750e-01
1.360666155815124512e-01
3.282163143157958984e-01
8.505390286445617676e-01
8.321218490600585938e-01
8.653830885887145996e-01
4.850263297557830811e-01
7.445872426033020020e-01
8.815518021583557129e-01
2.180761694908142090e-01
1.789162606000900269e-01
9.082697033882141113e-01
5.829487442970275879e-01
1.387578248977661133e-01
7.132595181465148926e-01
1.455425769090652466e-01
1.338212937116622925e-01
6.959264278411865234e-01
8.337436318397521973e-01
8.486105799674987793e-01
2.554437816143035889e-01
2.326817810535430908e-01
4.073638319969177246e-01
6.507591903209686279e-02
2.484233379364013672e-01
8.551763892173767090e-01
6.983344554901123047e-01
2.775236368179321289e-01
8.023420572280883789e-01
3.030031919479370117e-01
5.679574012756347656e-01
9.300657510757446289e-01
6.971189379692077637e-01
7.610967159271240234e-01
7.218917012214660645e-01
8.243277668952941895e-01
7.578464746475219727e-01
7.745251655578613281e-01
4.400031864643096924e-01
8.745472431182861328e-01
8.896619826555252075e-02
8.151487708091735840e-01
2.644223868846893311e-01
2.768825292587280273e-01
8.835139274597167969e-01
4.412680566310882568e-01
5.019208788871765137e-01
7.109545469284057617e-01
8.182712793350219727e-01
1.697641313076019287e-01
8.112078309059143066e-01
8.740213513374328613e-02
7.778733372688293457e-01
9.639175981283187866e-02
8.532823920249938965e-01
2.029528915882110596e-01
3.360908329486846924e-01
6.433292627334594727e-01
8.679023981094360352e-01
3.750258982181549072e-01
1.081289574503898621e-01
7.184181809425354004e-01
6.181756854057312012e-01
8.159967064857482910e-01
8.228871822357177734e-01
9.550237655639648438e-02
8.847459554672241211e-01
8.441702723503112793e-01
7.035388946533203125e-01
1.408593207597732544e-01
7.304871678352355957e-01
1.546391993761062622e-01
8.605206012725830078e-01
2.119107395410537720e-01
6.460809111595153809e-01
8.414804935455322266e-01
2.334960252046585083e-01
9.018924236297607422e-01
7.328047752380371094e-01
3.805409073829650879e-01
6.416677236557006836e-01
7.139298915863037109e-01
8.309959173202514648e-01
7.846900820732116699e-01
6.896661520004272461e-01
7.685746252536773682e-02
5.306653976440429688e-01
3.222293257713317871e-01
7.148712277412414551e-01
3.942604660987854004e-01
3.453034758567810059e-01
2.259913235902786255e-01
7.609846591949462891e-01
5.167167782783508301e-01
1.139222830533981323e-01
6.468731760978698730e-01
7.205866575241088867e-01
8.295546174049377441e-01
3.807167708873748779e-01
7.480560541152954102e-01
6.972424983978271484e-01
7.281974554061889648e-01
9.100580215454101562e-01
7.744660973548889160e-01
8.047715425491333008e-01
4.882248938083648682e-01
7.656638622283935547e-01
1.303932517766952515e-01
1.052587106823921204e-01
2.724820375442504883e-01
7.885644435882568359e-01
2.529688477516174316e-01
7.821383476257324219e-01
6.664248555898666382e-02
1.285660415887832642e-01
7.309461236000061035e-01
8.626585006713867188e-01
6.716680526733398438e-01
7.856889963150024414e-01
7.828142046928405762e-01
3.232079446315765381e-01
6.780309975147247314e-02
8.631460070610046387e-01
4.117316007614135742e-01
8.933465480804443359e-01
4.205186963081359863e-01
2.483966797590255737e-01
8.348326683044433594e-01
1.264293044805526733e-01
8.097577095031738281e-01
6.986333727836608887e-01
7.729348540306091309e-01
8.187369704246520996e-01
1.174645274877548218e-01
2.867571413516998291e-01
7.818930149078369141e-01
8.762571811676025391e-01
1.297702491283416748e-01
3.442768752574920654e-01
7.215449213981628418e-01
5.253003239631652832e-01
2.355215847492218018e-01
1.799118220806121826e-01
5.426661968231201172e-01
8.873067498207092285e-01
1.291043311357498169e-01
8.483081459999084473e-01
1.326545625925064087e-01
1.223953366279602051e-01
5.550786256790161133e-01
8.320366144180297852e-01
7.517058849334716797e-01
3.119183480739593506e-01
8.532445430755615234e-01
8.366140127182006836e-01
8.487791419029235840e-01
6.390004754066467285e-01
1.172536462545394897e-01
1.176665872335433960e-01
4.320931434631347656e-01
2.663624584674835205e-01
9.037106037139892578e-01
2.996523380279541016e-01
1.834702044725418091e-01
8.605662584304809570e-01
6.205447316169738770e-01
4.394735693931579590e-01
3.663211166858673096e-01
4.184426367282867432e-01
9.253634214401245117e-01
6.807295680046081543e-01
2.516150772571563721e-01
6.674643754959106445e-01
1.614220440387725830e-01
7.020726203918457031e-01
3.780157864093780518e-01
8.485955595970153809e-01
3.425149321556091309e-01
1.317226737737655640e-01
6.758311390876770020e-01
5.080404281616210938e-01
2.888720035552978516e-01
1.239813640713691711e-01
1.006469726562500000e-01
8.157718181610107422e-01
8.921439051628112793e-01
1.613142937421798706e-01
1.741366386413574219e-01
2.581045329570770264e-01
8.524689078330993652e-01
1.338388025760650635e-01
7.936953902244567871e-01
2.132064551115036011e-01
1.398946940898895264e-01
1.185510531067848206e-01
8.192789554595947266e-01
8.446102142333984375e-01
6.779612302780151367e-01
1.009593382477760315e-01
6.496219336986541748e-02
7.656383514404296875e-01
8.737658262252807617e-01
6.973466873168945312e-01
2.874171137809753418e-01
8.560264110565185547e-02
2.816316485404968262e-01
1.235131770372390747e-01
1.073699593544006348e-01
1.575682908296585083e-01
2.415419220924377441e-01
9.041231274604797363e-01
9.169539213180541992e-01
7.049098610877990723e-02
2.260930836200714111e-01
7.028180956840515137e-01
7.800908684730529785e-01
4.244665205478668213e-01
1.469419449567794800e-01
3.796839416027069092e-01
5.249785184860229492e-01
1.716173142194747925e-01
1.958136707544326782e-01
2.279434502124786377e-01
8.061601519584655762e-01
3.724748194217681885e-01
2.696458697319030762e-01
8.417550325393676758e-01
6.473848223686218262e-01
5.859858393669128418e-01
8.177890777587890625e-01
3.076760470867156982e-01
7.662267684936523438e-01
4.538083672523498535e-01
8.352448344230651855e-01
6.516754031181335449e-01
3.063700795173645020e-01
9.300501942634582520e-01
2.654748558998107910e-01
1.496632844209671021e-01
8.971024155616760254e-01
8.128022551536560059e-01
3.023463189601898193e-01
1.658178865909576416e-01
6.961972117424011230e-01
6.313642263412475586e-01
3.286976516246795654e-01
2.328698635101318359e-01
2.707073688507080078e-01
1.263268887996673584e-01
7.943746447563171387e-01
4.238425195217132568e-01
1.864079385995864868e-01
7.699739933013916016e-01
8.444519042968750000e-01
8.536118865013122559e-01
8.387005329132080078e-01
8.656448721885681152e-01
2.003732025623321533e-01
8.388748764991760254e-01
8.332976102828979492e-01
2.269003838300704956e-01
4.900270402431488037e-01
8.034726381301879883e-01
1.087642163038253784e-01
7.637987732887268066e-01
4.570187330245971680e-01
8.705617487430572510e-02
3.596123158931732178e-01
9.537077695131301880e-02
3.712540268898010254e-01
8.109676241874694824e-01
1.440963745117187500e-01
5.000099539756774902e-01
8.802976608276367188e-01
4.755133986473083496e-01
1.752648055553436279e-01
1.941494494676589966e-01
7.977529764175415039e-01
8.777569532394409180e-01
2.425540834665298462e-01
3.190818428993225098e-01
7.535527944564819336e-01
6.890676617622375488e-01
1.733442842960357666e-01
2.178635597229003906e-01
1.666669249534606934e-01
7.055687904357910156e-01
8.800463676452636719e-01
7.563877701759338379e-01
8.651623129844665527e-01
3.013702034950256348e-01
7.220417857170104980e-01
7.901340126991271973e-01
6.017461419105529785e-01
1.566202789545059204e-01
1.312356740236282349e-01
7.514210939407348633e-01
8.103622794151306152e-01
6.003785729408264160e-01
9.238000512123107910e-01
4.108749032020568848e-01
6.083971858024597168e-01
7.543998360633850098e-01
1.585978269577026367e-01
6.991602182388305664e-01
8.736662864685058594e-01
1.882421076297760010e-01
4.991793930530548096e-01
8.882934451103210449e-01
1.424329578876495361e-01
4.026138484477996826e-01
1.362208276987075806e-01
8.392423391342163086e-01
3.990688621997833252e-01
1.597956120967864990e-01
6.713157147169113159e-02
4.535964727401733398e-01
8.432070016860961914e-01
3.389127254486083984e-01
1.922674328088760376e-01
8.025789260864257812e-02
3.929336369037628174e-01
7.454476952552795410e-01
1.636850982904434204e-01
9.262462258338928223e-01
8.710670471191406250e-01
8.723145127296447754e-01
7.368889451026916504e-01
1.693535596132278442e-01
8.681899309158325195e-01
1.454685181379318237e-01
1.105672046542167664e-01
6.547753810882568359e-01
7.684802412986755371e-01
1.350741833448410034e-01
1.266608685255050659e-01
9.316112995147705078e-01
2.719538509845733643e-01
5.974205136299133301e-01
1.167399659752845764e-01
2.250073701143264771e-01
5.631315708160400391e-01
8.570972681045532227e-01
5.362765192985534668e-01
4.085690379142761230e-01
8.805941939353942871e-01
4.144925773143768311e-01
1.307293176651000977e-01
7.681789249181747437e-02
1.023433580994606018e-01
9.206900596618652344e-01
4.003649353981018066e-01
8.291457295417785645e-01
6.624741107225418091e-02
3.129949569702148438e-01
3.129771053791046143e-01
7.767526507377624512e-01
2.363405972719192505e-01
8.693556189537048340e-01
7.540619969367980957e-01
2.035249471664428711e-01
3.343223333358764648e-01
8.548153042793273926e-01
9.287303090095520020e-01
1.058934703469276428e-01
8.343598246574401855e-02
6.127256155014038086e-01
2.725503146648406982e-01
7.808609008789062500e-01
8.492581248283386230e-01
8.661424517631530762e-01
8.492267131805419922e-01
1.212589368224143982e-01
9.232407808303833008e-01
1.325450688600540161e-01
5.366490483283996582e-01
8.025247454643249512e-01
8.766698241233825684e-01
4.308774471282958984e-01
7.882446050643920898e-01
3.552325069904327393e-01
7.729644179344177246e-01
4.590494334697723389e-01
1.581010818481445312e-01
8.405686616897583008e-01
2.994228601455688477e-01
8.558564186096191406e-01
6.272385716438293457e-01
8.717535138130187988e-01
8.183366656303405762e-01
8.448359966278076172e-01
3.616623282432556152e-01
1.226049661636352539e-01
2.418812513351440430e-01
7.222729921340942383e-01
3.616177439689636230e-01
3.529827296733856201e-01
7.276962399482727051e-01
8.537567257881164551e-01
2.349259704351425171e-01
2.380343377590179443e-01
9.276085495948791504e-01
6.256105303764343262e-01
3.124722838401794434e-01
1.436389088630676270e-01
8.554834127426147461e-01
7.941384911537170410e-01
1.959712058305740356e-01
3.474060297012329102e-01
6.367838978767395020e-01
5.651673078536987305e-01
3.823009431362152100e-01
8.382031321525573730e-01
8.394086956977844238e-01
7.689464688301086426e-01
5.063441395759582520e-01
7.994992136955261230e-01
2.531912922859191895e-01
3.784826099872589111e-01
6.645807623863220215e-01
1.891545653343200684e-01
4.400933086872100830e-01
3.589672446250915527e-01
6.961396932601928711e-01
4.486095309257507324e-01
7.712759971618652344e-01
1.084472611546516418e-01
1.057237014174461365e-01
6.406089067459106445e-01
6.465917825698852539e-01
7.334628105163574219e-01
8.330134749412536621e-01
1.859706491231918335e-01
1.248205825686454773e-01
9.014986157417297363e-01
1.558344364166259766e-01
7.360451817512512207e-01
7.079304754734039307e-02
1.327879130840301514e-01
7.712959051132202148e-01
7.874772548675537109e-01
8.691445589065551758e-01
2.127237915992736816e-01
6.350755691528320312e-01
7.048522830009460449e-01
8.420102596282958984e-01
7.648157477378845215e-01
6.864106655120849609e-01
1.164166554808616638e-01
1.490805745124816895e-01
4.193471074104309082e-01
2.390862852334976196e-01
8.142383694648742676e-01
1.778009235858917236e-01
3.807061910629272461e-01
1.394061446189880371e-01
1.480147987604141235e-01
3.859679102897644043e-01
8.360427618026733398e-01
1.125672012567520142e-01
4.845390915870666504e-01
8.554431200027465820e-01
7.814954519271850586e-01
1.502839177846908569e-01
5.463009476661682129e-01
5.755871534347534180e-01
3.034333586692810059e-01
1.755930632352828979e-01
6.107227802276611328e-01
9.150015711784362793e-01
4.408678710460662842e-01
7.450898885726928711e-01
3.154193162918090820e-01
8.630116581916809082e-01
2.134299874305725098e-01
9.277846217155456543e-01
5.252723693847656250e-01
8.852439522743225098e-01
3.307182192802429199e-01
6.279113888740539551e-01
7.965463399887084961e-01
1.531653404235839844e-01
2.348652780055999756e-01
8.245843052864074707e-01
2.252461761236190796e-01
5.423379540443420410e-01
8.589329719543457031e-01
6.206366419792175293e-01
6.327514052391052246e-01
7.700373530387878418e-01
7.992419600486755371e-01
8.278649449348449707e-01
8.432684540748596191e-01
5.323974490165710449e-01
3.626497983932495117e-01
4.944774508476257324e-01
2.412578761577606201e-01
1.197658628225326538e-01
7.127766013145446777e-01
2.098807543516159058e-01
8.077468872070312500e-01
8.406593203544616699e-01
7.966241836547851562e-01
8.426610231399536133e-01
1.348052918910980225e-01
3.296955823898315430e-01
7.771219611167907715e-01
3.278803825378417969e-01
3.405945003032684326e-01
1.753337532281875610e-01
2.526990473270416260e-01
7.797143608331680298e-02
6.957992911338806152e-01
8.025626540184020996e-01
8.306416869163513184e-01
7.872275114059448242e-01
7.668877840042114258e-01
6.664769649505615234e-01
6.763269901275634766e-01
2.118068337440490723e-01
8.961048722267150879e-01
4.365457296371459961e-01
7.415238022804260254e-01
1.740944981575012207e-01
5.364024639129638672e-01
7.718135118484497070e-01
8.437610268592834473e-01
5.869933366775512695e-01
5.311073660850524902e-01
7.951056361198425293e-01
8.462994098663330078e-01
9.210311174392700195e-01
2.276674807071685791e-01
5.373737215995788574e-01
1.498220264911651611e-01
5.125656723976135254e-01
1.385048478841781616e-01
3.702414631843566895e-01
2.122612148523330688e-01
8.541225790977478027e-01
1.654593497514724731e-01
7.858431339263916016e-01
2.785677611827850342e-01
1.537359654903411865e-01
4.971441626548767090e-01
3.781419098377227783e-01
8.299193978309631348e-01
1.801358908414840698e-01
7.436172366142272949e-01
6.525382399559020996e-01
4.908961951732635498e-01
8.306994438171386719e-01
1.520734429359436035e-01
7.518987059593200684e-01
8.374733328819274902e-01
2.812277078628540039e-01
5.313122868537902832e-01
6.896450519561767578e-01
5.287310481071472168e-01
3.246848583221435547e-01
8.738737702369689941e-01
3.217489719390869141e-01
6.022765040397644043e-01
8.400454521179199219e-01
6.503935456275939941e-01
8.357250094413757324e-01
1.271543055772781372e-01
2.089894562959671021e-01
3.540168106555938721e-01
2.865920960903167725e-01
8.354676961898803711e-01
7.255818247795104980e-01
4.080388545989990234e-01
2.291567176580429077e-01
3.508798182010650635e-01
8.768769502639770508e-01
2.198830246925354004e-01
1.603848040103912354e-01
7.887909412384033203e-01
8.794806003570556641e-01
8.670300245285034180e-01
4.881602227687835693e-01
4.757133424282073975e-01
7.645147293806076050e-02
8.971041440963745117e-02
9.033632874488830566e-01
3.139044642448425293e-01
1.373926401138305664e-01
3.990428149700164795e-01
8.688885569572448730e-01
2.125421762466430664e-01
8.741928935050964355e-01
8.384850025177001953e-01
1.201777681708335876e-01
